edition_key,page_in_facsimile,sequence_on_page,automatically_identified_type
bib-247,50,1,Content Illustration
bib-247,163,1,Content Illustration
bib-247,195,1,Content Illustration
bib-247,197,1,Content Illustration
bib-247,199,1,Content Illustration
bib-247,201,1,Content Illustration
bib-247,203,1,Content Illustration
bib-247,216,1,Content Illustration
bib-247,231,1,Content Illustration
bib-247,232,1,Content Illustration
DDUZGF,1,1,Content Illustration
DDUZGF,3,1,Content Illustration
DDUZGF,14,1,Initial
DDUZGF,16,1,Initial
DDUZGF,19,1,Initial
DDUZGF,19,2,Initial
DDUZGF,20,1,Initial
DDUZGF,20,2,Initial
DDUZGF,21,1,Initial
DDUZGF,21,2,Initial
DDUZGF,22,1,Initial
DDUZGF,22,2,Initial
DDUZGF,24,1,Initial
DDUZGF,26,1,Initial
DDUZGF,28,1,Content Illustration
DDUZGF,29,1,Initial
DDUZGF,29,2,Initial
DDUZGF,30,1,Initial
DDUZGF,30,2,Initial
DDUZGF,31,1,Initial
DDUZGF,31,2,Initial
DDUZGF,33,1,Initial
DDUZGF,34,1,Initial
DDUZGF,35,1,Initial
DDUZGF,37,1,Initial
DDUZGF,37,2,Initial
DDUZGF,38,1,Initial
DDUZGF,39,1,Initial
DDUZGF,40,1,Initial
DDUZGF,41,1,Initial
DDUZGF,42,1,Initial
DDUZGF,44,1,Initial
DDUZGF,46,1,Initial
DDUZGF,47,1,Initial
DDUZGF,48,1,Initial
DDUZGF,48,2,Initial
DDUZGF,54,1,Initial
DDUZGF,55,1,Initial
DDUZGF,57,1,Content Illustration
DDUZGF,57,1,Initial
DDUZGF,58,1,Content Illustration
DDUZGF,58,2,Content Illustration
DDUZGF,58,3,Content Illustration
DDUZGF,58,4,Content Illustration
DDUZGF,58,5,Content Illustration
DDUZGF,59,1,Content Illustration
DDUZGF,59,1,Initial
DDUZGF,61,1,Initial
DDUZGF,61,2,Initial
DDUZGF,62,1,Content Illustration
DDUZGF,62,2,Content Illustration
DDUZGF,62,3,Content Illustration
DDUZGF,62,4,Content Illustration
DDUZGF,62,5,Content Illustration
DDUZGF,62,1,Initial
DDUZGF,63,1,Initial
DDUZGF,63,2,Initial
DDUZGF,64,1,Initial
DDUZGF,64,2,Initial
DDUZGF,64,3,Initial
DDUZGF,64,4,Initial
DDUZGF,65,1,Content Illustration
DDUZGF,65,1,Initial
DDUZGF,65,2,Initial
DDUZGF,65,3,Initial
DDUZGF,66,1,Content Illustration
DDUZGF,66,2,Content Illustration
DDUZGF,66,3,Content Illustration
DDUZGF,66,4,Content Illustration
DDUZGF,66,1,Initial
DDUZGF,67,1,Content Illustration
DDUZGF,67,2,Content Illustration
DDUZGF,67,3,Content Illustration
DDUZGF,67,4,Content Illustration
DDUZGF,67,1,Initial
DDUZGF,67,2,Initial
DDUZGF,68,1,Initial
DDUZGF,68,2,Initial
DDUZGF,69,1,Content Illustration
DDUZGF,69,2,Content Illustration
DDUZGF,69,1,Initial
DDUZGF,69,2,Initial
DDUZGF,70,1,Content Illustration
DDUZGF,70,1,Initial
DDUZGF,71,1,Initial
DDUZGF,72,1,Initial
DDUZGF,74,1,Initial
DDUZGF,74,2,Initial
DDUZGF,75,1,Initial
DDUZGF,76,1,Initial
DDUZGF,76,2,Initial
DDUZGF,77,1,Initial
DDUZGF,78,1,Initial
DDUZGF,79,1,Initial
DDUZGF,81,1,Content Illustration
DDUZGF,82,1,Initial
DDUZGF,82,2,Initial
DDUZGF,82,3,Initial
DDUZGF,83,1,Content Illustration
DDUZGF,83,1,Initial
DDUZGF,84,1,Initial
DDUZGF,84,2,Initial
DDUZGF,85,1,Initial
DDUZGF,86,1,Initial
DDUZGF,86,2,Initial
DDUZGF,87,1,Initial
DDUZGF,88,1,Content Illustration
DDUZGF,88,2,Content Illustration
DDUZGF,88,3,Content Illustration
DDUZGF,88,4,Content Illustration
DDUZGF,89,1,Content Illustration
DDUZGF,89,1,Initial
DDUZGF,90,1,Content Illustration
DDUZGF,90,2,Content Illustration
DDUZGF,92,1,Initial
DDUZGF,92,2,Initial
DDUZGF,93,1,Initial
DDUZGF,94,1,Content Illustration
DDUZGF,95,1,Content Illustration
DDUZGF,95,1,Initial
DDUZGF,96,1,Content Illustration
DDUZGF,96,2,Content Illustration
DDUZGF,96,3,Content Illustration
DDUZGF,97,1,Content Illustration
DDUZGF,97,2,Content Illustration
DDUZGF,97,3,Content Illustration
DDUZGF,97,4,Content Illustration
DDUZGF,98,1,Initial
DDUZGF,99,1,Initial
DDUZGF,101,1,Initial
DDUZGF,102,1,Initial
DDUZGF,103,1,Initial
DDUZGF,104,1,Initial
DDUZGF,105,1,Content Illustration
DDUZGF,105,2,Content Illustration
DDUZGF,106,1,Content Illustration
DDUZGF,106,2,Content Illustration
bib-248,11,1,Content Illustration
bib-248,15,1,Content Illustration
bib-248,16,1,Content Illustration
bib-248,68,1,Content Illustration
bib-248,68,2,Content Illustration
bib-248,68,3,Content Illustration
bib-248,69,1,Content Illustration
bib-248,69,2,Content Illustration
bib-248,70,1,Content Illustration
bib-248,70,2,Content Illustration
bib-248,107,1,Content Illustration
bib-248,146,1,Content Illustration
bib-248,146,2,Content Illustration
bib-248,151,1,Content Illustration
bib-248,151,2,Content Illustration
bib-248,154,1,Content Illustration
bib-248,159,1,Content Illustration
bib-248,193,1,Content Illustration
bib-248,193,2,Content Illustration
bib-248,196,1,Content Illustration
bib-248,197,1,Content Illustration
bib-248,198,1,Content Illustration
bib-248,198,2,Content Illustration
bib-248,199,1,Content Illustration
bib-248,201,1,Content Illustration
bib-248,201,2,Content Illustration
bib-248,203,1,Content Illustration
bib-248,203,2,Content Illustration
bib-248,204,1,Content Illustration
bib-248,206,1,Content Illustration
bib-248,207,1,Content Illustration
bib-248,207,2,Content Illustration
bib-248,208,1,Content Illustration
bib-248,209,1,Content Illustration
bib-248,210,1,Content Illustration
bib-248,210,2,Content Illustration
bib-248,211,1,Content Illustration
bib-14,1,1,Decoration
bib-14,1,1,Initial
bib-14,7,1,Content Illustration
bib-14,7,2,Content Illustration
bib-14,8,1,Initial
bib-14,13,1,Initial
bib-14,14,1,Initial
bib-14,14,2,Initial
bib-14,14,3,Initial
bib-14,15,1,Initial
bib-14,15,2,Initial
bib-14,15,3,Initial
bib-14,23,1,Decoration
bib-14,23,1,Initial
bib-14,23,2,Initial
bib-14,23,3,Initial
bib-14,25,1,Initial
bib-14,26,1,Initial
bib-14,28,1,Initial
bib-14,28,2,Initial
bib-14,34,1,Initial
bib-14,35,1,Initial
bib-14,36,1,Initial
bib-14,38,1,Content Illustration
bib-14,38,1,Initial
bib-14,39,1,Initial
bib-14,39,2,Initial
bib-14,40,1,Initial
bib-14,41,1,Initial
bib-14,41,2,Initial
bib-14,41,3,Initial
bib-14,41,4,Initial
bib-14,42,1,Initial
bib-14,42,2,Initial
bib-14,43,1,Initial
bib-14,43,2,Initial
bib-14,43,3,Initial
bib-14,44,1,Initial
bib-14,44,2,Initial
bib-14,45,1,Initial
bib-14,45,2,Initial
bib-14,46,1,Initial
bib-14,46,2,Initial
bib-14,47,1,Initial
bib-14,47,2,Initial
bib-14,48,1,Initial
bib-14,48,2,Initial
bib-14,49,1,Initial
bib-14,50,1,Initial
bib-14,50,2,Initial
bib-14,51,1,Initial
bib-14,51,2,Initial
bib-14,51,3,Initial
bib-14,51,4,Initial
bib-14,52,1,Initial
bib-14,53,1,Initial
bib-14,53,2,Initial
bib-14,53,3,Initial
bib-14,54,1,Initial
bib-14,54,2,Initial
bib-14,55,1,Initial
bib-14,55,2,Initial
bib-14,55,3,Initial
bib-14,55,4,Initial
bib-14,56,1,Initial
bib-14,56,2,Initial
bib-14,57,1,Content Illustration
bib-14,57,2,Content Illustration
bib-14,57,3,Content Illustration
bib-14,57,1,Initial
bib-14,58,1,Initial
bib-14,59,1,Initial
bib-14,59,2,Initial
bib-14,60,1,Initial
bib-14,61,1,Initial
bib-14,62,1,Initial
bib-14,62,2,Initial
bib-14,63,1,Initial
bib-14,64,1,Initial
bib-14,64,2,Initial
bib-14,64,3,Initial
bib-14,64,4,Initial
bib-14,65,1,Initial
bib-14,65,2,Initial
bib-14,65,3,Initial
bib-14,66,1,Initial
bib-14,66,2,Initial
bib-14,67,1,Content Illustration
bib-14,67,2,Content Illustration
bib-14,67,1,Initial
bib-14,67,2,Initial
bib-14,67,3,Initial
bib-14,67,4,Initial
bib-14,67,5,Initial
bib-14,68,1,Content Illustration
bib-14,68,1,Initial
bib-14,68,2,Initial
bib-14,69,1,Initial
bib-14,69,2,Initial
bib-14,70,1,Initial
bib-14,70,2,Initial
bib-14,71,1,Initial
bib-14,71,2,Initial
bib-14,72,1,Initial
bib-14,72,2,Initial
bib-14,73,1,Initial
bib-14,74,1,Initial
bib-14,74,2,Initial
bib-14,75,1,Initial
bib-14,76,1,Content Illustration
bib-14,76,2,Content Illustration
bib-14,76,3,Content Illustration
bib-14,76,1,Initial
bib-14,76,2,Initial
bib-14,77,1,Content Illustration
bib-14,77,1,Initial
bib-14,77,2,Initial
bib-14,78,1,Content Illustration
bib-14,78,2,Content Illustration
bib-14,78,1,Initial
bib-14,79,1,Initial
bib-14,79,2,Initial
bib-14,80,1,Table
bib-14,81,1,Table
bib-14,82,1,Initial
bib-14,82,2,Initial
bib-14,82,1,Table
bib-14,83,1,Table
bib-14,84,1,Initial
bib-14,85,1,Initial
bib-14,87,1,Initial
bib-14,87,2,Initial
bib-14,88,1,Initial
bib-14,89,1,Initial
bib-14,89,2,Initial
bib-14,91,1,Initial
bib-14,92,1,Initial
bib-14,93,1,Initial
bib-14,93,2,Initial
bib-14,94,1,Content Illustration
bib-14,94,1,Table
bib-14,95,1,Initial
bib-14,95,2,Initial
bib-14,95,3,Initial
bib-14,96,1,Initial
bib-14,96,2,Initial
bib-14,96,3,Initial
bib-14,96,4,Initial
bib-14,97,1,Initial
bib-14,97,2,Initial
bib-14,97,3,Initial
bib-14,97,4,Initial
bib-14,98,1,Initial
bib-14,98,2,Initial
bib-14,98,3,Initial
bib-14,98,4,Initial
bib-14,99,1,Initial
bib-14,99,2,Initial
bib-14,99,3,Initial
bib-14,100,1,Initial
bib-14,100,2,Initial
bib-14,100,3,Initial
bib-14,100,4,Initial
bib-14,101,1,Content Illustration
bib-14,101,1,Initial
bib-14,101,2,Initial
bib-14,101,3,Initial
bib-14,102,1,Initial
bib-14,102,2,Initial
bib-14,102,3,Initial
bib-14,102,4,Initial
bib-14,102,5,Initial
bib-14,103,1,Initial
bib-14,103,2,Initial
bib-14,103,3,Initial
bib-14,104,1,Initial
bib-14,104,2,Initial
bib-14,104,3,Initial
bib-14,104,4,Initial
bib-14,104,5,Initial
bib-14,104,6,Initial
bib-14,105,1,Initial
bib-14,105,2,Initial
bib-14,105,3,Initial
bib-14,106,1,Initial
bib-14,106,2,Initial
bib-14,106,3,Initial
bib-14,106,4,Initial
bib-14,106,5,Initial
bib-14,107,1,Initial
bib-14,107,2,Initial
bib-14,108,1,Initial
bib-14,109,1,Initial
bib-14,109,2,Initial
bib-14,109,3,Initial
bib-14,109,4,Initial
bib-14,110,1,Initial
bib-14,110,2,Initial
bib-14,110,3,Initial
bib-14,110,4,Initial
bib-14,111,1,Initial
bib-14,111,2,Initial
bib-14,112,1,Content Illustration
bib-14,112,2,Content Illustration
bib-14,112,1,Initial
bib-14,112,2,Initial
bib-14,113,1,Content Illustration
bib-14,113,2,Content Illustration
bib-14,113,1,Initial
bib-14,113,2,Initial
bib-14,114,1,Initial
bib-14,114,2,Initial
bib-14,115,1,Content Illustration
bib-14,115,1,Initial
bib-14,116,1,Initial
bib-14,117,1,Initial
bib-14,118,1,Initial
bib-14,118,2,Initial
bib-14,119,1,Initial
bib-14,120,1,Initial
bib-14,120,2,Initial
bib-14,121,1,Initial
bib-14,121,2,Initial
bib-14,122,1,Initial
bib-14,122,2,Initial
bib-14,123,1,Initial
bib-14,123,2,Initial
bib-14,123,3,Initial
bib-14,123,4,Initial
bib-14,124,1,Content Illustration
bib-14,124,1,Initial
bib-14,124,2,Initial
bib-14,124,3,Initial
bib-14,124,4,Initial
bib-14,124,5,Initial
bib-14,124,6,Initial
bib-14,125,1,Initial
bib-14,125,2,Initial
bib-14,125,3,Initial
bib-14,125,4,Initial
bib-14,125,5,Initial
bib-14,125,6,Initial
bib-14,126,1,Initial
bib-14,126,2,Initial
bib-14,126,3,Initial
bib-14,126,4,Initial
bib-14,126,5,Initial
bib-14,127,1,Initial
bib-14,127,2,Initial
bib-14,127,3,Initial
bib-14,127,4,Initial
bib-14,127,5,Initial
bib-14,127,6,Initial
bib-14,127,7,Initial
bib-14,128,1,Content Illustration
bib-14,128,2,Content Illustration
bib-14,128,1,Initial
bib-14,128,2,Initial
bib-14,129,1,Initial
bib-14,129,2,Initial
bib-14,129,3,Initial
bib-14,129,4,Initial
bib-14,130,1,Initial
bib-14,130,2,Initial
bib-14,130,3,Initial
bib-14,130,4,Initial
bib-14,130,5,Initial
bib-14,130,6,Initial
bib-14,131,1,Initial
bib-14,131,2,Initial
bib-14,131,3,Initial
bib-14,131,4,Initial
bib-14,131,5,Initial
bib-14,131,6,Initial
bib-14,131,7,Initial
bib-14,131,8,Initial
bib-14,131,9,Initial
bib-14,131,10,Initial
bib-14,132,1,Initial
bib-14,132,2,Initial
bib-14,132,3,Initial
bib-14,132,4,Initial
bib-14,132,5,Initial
bib-14,133,1,Initial
bib-14,133,2,Initial
bib-14,133,3,Initial
bib-14,134,1,Initial
bib-14,134,2,Initial
bib-14,135,1,Initial
bib-14,135,2,Initial
bib-14,135,3,Initial
bib-14,135,4,Initial
bib-14,136,1,Initial
bib-14,137,1,Content Illustration
bib-14,137,2,Content Illustration
bib-14,137,3,Content Illustration
bib-14,138,1,Initial
bib-14,139,1,Initial
bib-14,140,1,Initial
bib-14,140,2,Initial
bib-14,141,1,Initial
bib-14,141,2,Initial
bib-14,141,3,Initial
bib-14,142,1,Content Illustration
bib-14,142,1,Initial
bib-14,142,2,Initial
bib-14,143,1,Initial
bib-14,143,2,Initial
bib-14,143,3,Initial
bib-14,143,4,Initial
bib-14,144,1,Initial
bib-14,144,2,Initial
bib-14,144,3,Initial
bib-14,144,4,Initial
bib-14,144,5,Initial
bib-14,144,6,Initial
bib-14,145,1,Initial
bib-14,145,2,Initial
bib-14,145,3,Initial
bib-14,145,4,Initial
bib-14,146,1,Initial
bib-14,146,2,Initial
bib-14,146,3,Initial
bib-14,146,4,Initial
bib-14,146,5,Initial
bib-14,146,6,Initial
bib-14,146,7,Initial
bib-14,147,1,Initial
bib-14,147,2,Initial
bib-14,147,3,Initial
bib-14,147,4,Initial
bib-14,147,5,Initial
bib-14,148,1,Initial
bib-14,148,2,Initial
bib-14,149,1,Content Illustration
bib-14,149,2,Content Illustration
bib-14,149,1,Initial
bib-14,149,2,Initial
bib-14,149,3,Initial
bib-14,149,4,Initial
bib-14,149,5,Initial
bib-14,149,6,Initial
bib-14,150,1,Initial
bib-14,150,2,Initial
bib-14,150,3,Initial
bib-14,151,1,Initial
bib-14,151,2,Initial
bib-14,151,3,Initial
bib-14,151,4,Initial
bib-14,151,5,Initial
bib-14,152,1,Content Illustration
bib-14,152,2,Content Illustration
bib-14,152,1,Initial
bib-14,152,2,Initial
bib-14,152,3,Initial
bib-14,152,4,Initial
bib-14,153,1,Initial
bib-14,153,2,Initial
bib-14,153,3,Initial
bib-14,154,1,Initial
bib-14,154,2,Initial
bib-14,154,3,Initial
bib-14,154,4,Initial
bib-14,154,5,Initial
bib-14,155,1,Initial
bib-14,155,2,Initial
bib-14,155,3,Initial
bib-14,155,4,Initial
bib-14,156,1,Initial
bib-14,156,2,Initial
bib-14,157,1,Initial
bib-14,159,1,Initial
bib-14,159,2,Initial
bib-14,160,1,Initial
bib-14,160,2,Initial
bib-14,162,1,Content Illustration
bib-14,162,1,Initial
bib-14,163,1,Initial
bib-14,163,2,Initial
bib-14,163,3,Initial
bib-14,163,4,Initial
bib-14,164,1,Initial
bib-14,164,2,Initial
bib-14,164,3,Initial
bib-14,165,1,Initial
bib-14,166,1,Initial
bib-14,166,2,Initial
bib-14,166,3,Initial
bib-14,166,4,Initial
bib-14,167,1,Content Illustration
bib-14,167,2,Content Illustration
bib-14,168,1,Initial
bib-14,168,2,Initial
bib-14,169,1,Initial
bib-14,169,2,Initial
bib-14,169,1,Table
bib-14,170,1,Initial
bib-14,170,2,Initial
bib-14,170,3,Initial
bib-14,171,1,Content Illustration
bib-14,171,2,Content Illustration
bib-14,171,3,Content Illustration
bib-14,171,1,Initial
bib-14,171,2,Initial
bib-14,171,3,Initial
bib-14,172,1,Initial
bib-14,173,1,Initial
bib-14,175,1,Initial
bib-14,176,1,Initial
bib-14,177,1,Initial
bib-14,177,2,Initial
bib-14,178,1,Initial
bib-14,178,2,Initial
bib-14,178,3,Initial
bib-14,179,1,Initial
bib-14,179,2,Initial
bib-14,180,1,Initial
bib-14,180,2,Initial
bib-14,181,1,Initial
bib-14,181,2,Initial
bib-14,182,1,Content Illustration
bib-14,182,2,Content Illustration
bib-14,182,1,Initial
bib-14,182,2,Initial
bib-14,183,1,Initial
bib-14,183,2,Initial
bib-14,184,1,Initial
bib-14,184,2,Initial
bib-14,185,1,Content Illustration
bib-14,186,1,Content Illustration
bib-14,186,2,Content Illustration
bib-14,186,3,Content Illustration
bib-14,186,4,Content Illustration
bib-14,186,1,Initial
bib-14,186,2,Initial
bib-14,186,3,Initial
bib-14,186,4,Initial
bib-14,187,1,Content Illustration
bib-14,187,2,Content Illustration
bib-14,187,3,Content Illustration
bib-14,187,1,Initial
bib-14,187,2,Initial
bib-14,187,3,Initial
bib-14,187,4,Initial
bib-14,187,5,Initial
bib-14,187,6,Initial
bib-14,188,1,Initial
bib-14,188,2,Initial
bib-14,188,3,Initial
bib-14,188,4,Initial
bib-14,188,5,Initial
bib-14,188,6,Initial
bib-14,189,1,Initial
bib-14,189,2,Initial
bib-14,190,1,Initial
bib-14,191,1,Content Illustration
bib-14,191,2,Content Illustration
bib-14,191,3,Content Illustration
bib-14,191,4,Content Illustration
bib-14,191,5,Content Illustration
bib-14,191,6,Content Illustration
bib-14,191,7,Content Illustration
bib-14,191,1,Initial
bib-14,192,1,Content Illustration
bib-14,192,2,Content Illustration
bib-14,192,3,Content Illustration
bib-14,192,1,Initial
bib-14,192,2,Initial
bib-14,192,3,Initial
bib-14,193,1,Initial
bib-14,193,2,Initial
bib-14,193,3,Initial
bib-14,194,1,Initial
bib-14,194,2,Initial
bib-14,194,3,Initial
bib-14,195,1,Initial
bib-14,195,2,Initial
bib-14,195,3,Initial
bib-14,195,4,Initial
bib-14,195,5,Initial
bib-14,195,6,Initial
bib-14,195,7,Initial
bib-14,195,8,Initial
bib-14,195,9,Initial
bib-14,196,1,Content Illustration
bib-14,196,1,Initial
bib-14,196,2,Initial
bib-14,196,3,Initial
bib-14,196,4,Initial
bib-14,197,1,Initial
bib-14,197,2,Initial
bib-14,197,3,Initial
bib-14,197,4,Initial
bib-14,197,5,Initial
bib-14,197,6,Initial
bib-14,198,1,Initial
bib-14,198,2,Initial
bib-14,198,3,Initial
bib-14,198,4,Initial
bib-14,198,5,Initial
bib-14,198,6,Initial
bib-14,199,1,Initial
bib-14,199,2,Initial
bib-14,199,3,Initial
bib-14,200,1,Content Illustration
bib-14,200,2,Content Illustration
bib-14,200,3,Content Illustration
bib-14,200,4,Content Illustration
bib-14,200,1,Initial
bib-14,200,2,Initial
bib-14,200,3,Initial
bib-14,201,1,Initial
bib-14,201,2,Initial
bib-14,202,1,Initial
bib-14,203,1,Initial
bib-14,203,2,Initial
bib-14,203,3,Initial
bib-14,203,4,Initial
bib-14,204,1,Initial
bib-14,204,2,Initial
bib-14,204,3,Initial
bib-14,205,1,Initial
bib-14,205,2,Initial
bib-14,205,3,Initial
bib-14,205,4,Initial
bib-14,206,1,Initial
bib-14,207,1,Initial
bib-14,207,2,Initial
bib-14,207,3,Initial
bib-14,208,1,Initial
bib-14,208,2,Initial
bib-14,209,1,Initial
bib-14,209,2,Initial
bib-14,210,1,Initial
bib-14,211,1,Initial
bib-14,211,2,Initial
bib-14,212,1,Initial
bib-14,212,2,Initial
bib-14,213,1,Initial
bib-14,213,2,Initial
bib-14,214,1,Initial
bib-14,214,2,Initial
bib-14,214,3,Initial
bib-14,214,4,Initial
bib-14,214,5,Initial
bib-14,215,1,Initial
bib-14,216,1,Initial
bib-14,217,1,Initial
bib-14,217,2,Initial
bib-14,217,3,Initial
bib-14,218,1,Initial
bib-14,218,2,Initial
bib-14,219,1,Initial
bib-14,220,1,Initial
bib-14,220,2,Initial
bib-14,221,1,Content Illustration
bib-14,221,1,Initial
bib-14,221,2,Initial
bib-14,222,1,Content Illustration
bib-14,222,1,Initial
bib-14,222,2,Initial
bib-14,223,1,Content Illustration
bib-14,223,2,Content Illustration
bib-14,223,1,Initial
bib-14,224,1,Content Illustration
bib-14,224,2,Content Illustration
bib-14,224,1,Initial
bib-14,224,2,Initial
bib-14,224,3,Initial
bib-14,225,1,Content Illustration
bib-14,225,2,Content Illustration
bib-14,225,1,Initial
bib-14,225,2,Initial
bib-14,226,1,Content Illustration
bib-14,226,2,Content Illustration
bib-14,226,1,Initial
bib-14,226,2,Initial
bib-14,227,1,Content Illustration
bib-14,227,2,Content Illustration
bib-14,227,3,Content Illustration
bib-14,227,1,Initial
bib-14,228,1,Content Illustration
bib-14,228,2,Content Illustration
bib-14,228,3,Content Illustration
bib-14,228,1,Initial
bib-14,230,1,Initial
bib-14,230,2,Initial
bib-14,231,1,Initial
bib-14,231,2,Initial
bib-14,231,3,Initial
bib-14,232,1,Content Illustration
bib-14,232,1,Initial
bib-14,232,2,Initial
bib-14,232,3,Initial
bib-14,232,4,Initial
bib-14,232,5,Initial
bib-14,232,6,Initial
bib-14,233,1,Content Illustration
bib-14,233,2,Content Illustration
bib-14,233,3,Content Illustration
bib-14,233,1,Initial
bib-14,234,1,Initial
bib-14,234,2,Initial
bib-14,234,3,Initial
bib-14,234,4,Initial
bib-14,234,5,Initial
bib-14,234,6,Initial
bib-14,235,1,Initial
bib-14,235,2,Initial
bib-14,235,3,Initial
bib-14,235,4,Initial
bib-14,235,5,Initial
bib-14,235,6,Initial
bib-14,235,7,Initial
bib-14,235,8,Initial
bib-14,236,1,Initial
bib-14,236,2,Initial
bib-14,236,3,Initial
bib-14,236,4,Initial
bib-14,236,5,Initial
bib-14,236,6,Initial
bib-14,236,7,Initial
bib-14,236,8,Initial
bib-14,236,9,Initial
bib-14,237,1,Initial
bib-14,237,2,Initial
bib-14,237,3,Initial
bib-14,237,4,Initial
bib-14,237,5,Initial
bib-14,237,6,Initial
bib-14,237,7,Initial
bib-14,237,8,Initial
bib-14,238,1,Initial
bib-14,238,2,Initial
bib-14,238,3,Initial
bib-14,238,4,Initial
bib-14,238,5,Initial
bib-14,238,6,Initial
bib-14,238,7,Initial
bib-14,239,1,Initial
bib-14,239,2,Initial
bib-14,239,3,Initial
bib-14,239,4,Initial
bib-14,239,5,Initial
bib-14,239,6,Initial
bib-14,239,7,Initial
bib-14,240,1,Initial
bib-14,240,2,Initial
bib-14,240,3,Initial
bib-14,240,4,Initial
bib-14,240,5,Initial
bib-14,240,6,Initial
bib-14,241,1,Initial
bib-14,241,2,Initial
bib-14,241,3,Initial
bib-14,241,4,Initial
bib-14,241,5,Initial
bib-14,241,6,Initial
bib-14,241,7,Initial
bib-14,242,1,Initial
bib-14,242,2,Initial
bib-14,242,3,Initial
bib-14,242,4,Initial
bib-14,242,5,Initial
bib-14,243,1,Initial
bib-14,243,2,Initial
bib-14,243,3,Initial
bib-14,243,4,Initial
bib-14,243,5,Initial
bib-14,243,6,Initial
bib-14,243,7,Initial
bib-14,243,8,Initial
bib-14,244,1,Initial
bib-14,244,2,Initial
bib-14,245,1,Initial
bib-14,246,1,Initial
bib-14,246,2,Initial
bib-14,247,1,Content Illustration
bib-14,247,2,Content Illustration
bib-14,247,1,Initial
bib-14,248,1,Initial
bib-14,248,2,Initial
bib-14,248,3,Initial
bib-14,249,1,Initial
bib-14,249,2,Initial
bib-14,249,3,Initial
bib-14,249,4,Initial
bib-14,250,1,Initial
bib-14,250,2,Initial
bib-14,250,3,Initial
bib-14,250,4,Initial
bib-14,250,5,Initial
bib-14,250,6,Initial
bib-14,250,7,Initial
bib-14,251,1,Initial
bib-14,251,2,Initial
bib-14,251,3,Initial
bib-14,251,4,Initial
bib-14,251,5,Initial
bib-14,251,6,Initial
bib-14,251,7,Initial
bib-14,252,1,Initial
bib-14,252,2,Initial
bib-14,252,3,Initial
bib-14,252,4,Initial
bib-14,253,1,Initial
bib-14,253,2,Initial
bib-14,253,3,Initial
bib-14,253,4,Initial
bib-14,253,5,Initial
bib-14,253,6,Initial
bib-14,254,1,Initial
bib-14,254,2,Initial
bib-14,255,1,Content Illustration
bib-14,255,1,Initial
bib-14,256,1,Initial
bib-14,257,1,Content Illustration
bib-14,257,1,Initial
bib-14,257,2,Initial
bib-14,257,3,Initial
bib-14,258,1,Initial
bib-14,258,2,Initial
bib-14,258,3,Initial
bib-14,258,4,Initial
bib-14,258,5,Initial
bib-14,259,1,Initial
bib-14,259,2,Initial
bib-14,259,3,Initial
bib-14,259,4,Initial
bib-14,260,1,Initial
bib-14,260,2,Initial
bib-14,260,3,Initial
bib-14,260,4,Initial
bib-14,263,1,Initial
bib-14,264,1,Initial
bib-14,265,1,Initial
bib-14,265,2,Initial
bib-14,266,1,Initial
bib-14,268,1,Initial
bib-14,269,1,Initial
bib-14,269,2,Initial
bib-14,271,1,Content Illustration
bib-14,271,1,Initial
bib-14,271,2,Initial
bib-14,272,1,Initial
bib-14,272,2,Initial
bib-14,273,1,Initial
bib-14,273,2,Initial
bib-14,273,3,Initial
bib-14,273,4,Initial
bib-14,274,1,Initial
bib-14,274,2,Initial
bib-14,274,3,Initial
bib-14,275,1,Initial
bib-14,275,2,Initial
bib-14,276,1,Initial
bib-14,277,1,Initial
bib-14,278,1,Initial
bib-14,278,2,Initial
bib-14,278,3,Initial
bib-14,278,4,Initial
bib-14,279,1,Initial
bib-14,279,2,Initial
bib-14,279,3,Initial
bib-14,280,1,Content Illustration
bib-14,280,2,Content Illustration
bib-14,280,3,Content Illustration
bib-14,280,4,Content Illustration
bib-14,280,1,Initial
bib-14,281,1,Content Illustration
bib-14,281,1,Initial
bib-14,282,1,Initial
bib-14,283,1,Content Illustration
bib-14,283,1,Initial
bib-14,283,2,Initial
bib-14,284,1,Initial
bib-14,284,2,Initial
bib-14,285,1,Initial
bib-14,285,2,Initial
bib-14,286,1,Initial
bib-14,289,1,Initial
bib-14,289,2,Initial
bib-14,291,1,Initial
bib-14,292,1,Initial
bib-14,294,1,Initial
bib-14,295,1,Initial
bib-14,295,2,Initial
bib-14,297,1,Initial
bib-14,297,2,Initial
bib-14,297,3,Initial
bib-14,297,4,Initial
bib-14,297,5,Initial
bib-14,297,6,Initial
bib-14,298,1,Initial
bib-14,298,2,Initial
bib-14,300,1,Initial
bib-14,301,1,Initial
bib-14,303,1,Initial
bib-14,306,1,Initial
bib-14,307,1,Initial
bib-14,307,2,Initial
bib-14,307,1,Table
bib-14,308,1,Table
bib-14,309,1,Initial
bib-14,309,2,Initial
bib-14,309,3,Initial
bib-14,310,1,Initial
bib-14,310,2,Initial
bib-14,310,3,Initial
bib-14,310,4,Initial
bib-14,311,1,Initial
bib-14,311,2,Initial
bib-14,311,3,Initial
bib-14,311,4,Initial
bib-14,312,1,Content Illustration
bib-14,312,2,Content Illustration
bib-14,313,1,Content Illustration
bib-14,313,2,Content Illustration
bib-14,314,1,Content Illustration
bib-14,314,1,Initial
bib-14,314,2,Initial
bib-14,315,1,Content Illustration
bib-14,315,1,Initial
bib-14,315,2,Initial
bib-14,316,1,Content Illustration
bib-14,316,1,Initial
bib-14,316,2,Initial
bib-14,316,3,Initial
bib-14,317,1,Initial
bib-14,317,2,Initial
bib-14,318,1,Initial
bib-14,318,2,Initial
bib-14,318,3,Initial
bib-14,319,1,Initial
bib-14,319,2,Initial
bib-14,319,3,Initial
bib-14,319,4,Initial
bib-14,319,5,Initial
bib-14,319,6,Initial
bib-14,320,1,Initial
bib-14,320,2,Initial
bib-14,321,1,Initial
bib-14,321,2,Initial
bib-14,321,3,Initial
bib-14,322,1,Initial
bib-14,322,2,Initial
bib-14,322,3,Initial
bib-14,322,4,Initial
bib-14,322,5,Initial
bib-14,322,6,Initial
bib-14,323,1,Initial
bib-14,323,2,Initial
bib-14,323,3,Initial
bib-14,323,4,Initial
bib-14,323,5,Initial
bib-14,323,6,Initial
bib-14,323,7,Initial
bib-14,324,1,Initial
bib-14,324,2,Initial
bib-14,324,3,Initial
bib-14,324,4,Initial
bib-14,324,5,Initial
bib-14,324,6,Initial
bib-14,325,1,Initial
bib-14,325,2,Initial
bib-14,325,3,Initial
bib-14,325,4,Initial
bib-14,325,5,Initial
bib-14,326,1,Initial
bib-14,326,2,Initial
bib-14,326,3,Initial
bib-14,326,4,Initial
bib-14,326,5,Initial
bib-14,326,6,Initial
bib-14,326,7,Initial
bib-14,326,8,Initial
bib-14,327,1,Initial
bib-14,327,2,Initial
bib-14,327,3,Initial
bib-14,327,4,Initial
bib-14,327,5,Initial
bib-14,328,1,Initial
bib-14,328,2,Initial
bib-14,328,3,Initial
bib-14,329,1,Initial
bib-14,329,2,Initial
bib-14,329,3,Initial
bib-14,329,4,Initial
bib-14,330,1,Initial
bib-14,330,2,Initial
bib-14,330,3,Initial
bib-14,330,4,Initial
bib-14,331,1,Initial
bib-14,331,2,Initial
bib-14,331,3,Initial
bib-14,332,1,Initial
bib-14,332,2,Initial
bib-14,332,3,Initial
bib-14,333,1,Initial
bib-14,333,2,Initial
bib-14,333,3,Initial
bib-14,333,4,Initial
bib-14,333,5,Initial
bib-14,334,1,Initial
bib-14,334,2,Initial
bib-14,334,3,Initial
bib-14,334,4,Initial
bib-14,334,5,Initial
bib-14,335,1,Initial
bib-14,335,2,Initial
bib-14,335,3,Initial
bib-14,335,4,Initial
bib-14,336,1,Initial
bib-14,336,2,Initial
bib-14,337,1,Initial
bib-14,337,2,Initial
bib-14,338,1,Initial
bib-14,338,2,Initial
bib-14,338,3,Initial
bib-14,338,4,Initial
bib-14,339,1,Initial
bib-14,339,2,Initial
bib-14,339,3,Initial
bib-14,340,1,Initial
bib-14,340,2,Initial
bib-14,340,3,Initial
bib-14,340,4,Initial
bib-14,340,5,Initial
bib-14,341,1,Initial
bib-14,341,2,Initial
bib-14,341,3,Initial
bib-14,341,4,Initial
bib-14,341,5,Initial
bib-14,342,1,Initial
bib-14,342,2,Initial
bib-14,342,3,Initial
bib-14,342,4,Initial
bib-14,342,5,Initial
bib-14,343,1,Initial
bib-14,343,2,Initial
bib-14,343,3,Initial
bib-14,343,4,Initial
bib-14,344,1,Initial
bib-14,344,2,Initial
bib-14,344,3,Initial
bib-14,344,4,Initial
bib-14,344,5,Initial
bib-14,344,6,Initial
bib-14,345,1,Content Illustration
bib-14,345,1,Initial
bib-14,345,2,Initial
bib-14,345,3,Initial
bib-14,345,4,Initial
bib-14,345,5,Initial
bib-14,345,6,Initial
bib-14,346,1,Initial
bib-14,346,2,Initial
bib-14,346,3,Initial
bib-14,346,4,Initial
bib-14,346,5,Initial
bib-14,346,6,Initial
bib-14,347,1,Initial
bib-14,347,2,Initial
bib-14,347,3,Initial
bib-14,347,4,Initial
bib-14,348,1,Initial
bib-14,348,2,Initial
bib-14,348,3,Initial
bib-14,348,4,Initial
bib-14,349,1,Initial
bib-14,349,2,Initial
bib-14,349,3,Initial
bib-14,349,4,Initial
bib-14,349,5,Initial
bib-14,349,6,Initial
bib-14,350,1,Initial
bib-14,351,1,Initial
bib-14,351,2,Initial
bib-14,352,1,Initial
bib-14,353,1,Initial
bib-14,353,2,Initial
bib-14,353,3,Initial
bib-14,353,4,Initial
bib-14,353,5,Initial
bib-14,354,1,Initial
bib-14,354,2,Initial
bib-14,354,3,Initial
bib-14,355,1,Initial
bib-14,355,2,Initial
bib-14,355,3,Initial
bib-14,357,1,Initial
bib-14,358,1,Initial
bib-14,358,2,Initial
bib-14,358,3,Initial
bib-14,358,4,Initial
bib-14,359,1,Initial
bib-14,359,2,Initial
bib-14,359,3,Initial
bib-14,359,4,Initial
bib-14,359,5,Initial
bib-14,359,6,Initial
bib-14,359,7,Initial
bib-14,359,8,Initial
bib-14,359,9,Initial
bib-14,359,10,Initial
bib-14,360,1,Initial
bib-14,360,2,Initial
bib-14,360,3,Initial
bib-14,360,4,Initial
bib-14,360,5,Initial
bib-14,361,1,Initial
bib-14,361,2,Initial
bib-14,361,3,Initial
bib-14,361,4,Initial
bib-14,361,5,Initial
bib-14,361,6,Initial
bib-14,361,7,Initial
bib-14,362,1,Initial
bib-14,362,2,Initial
bib-14,362,3,Initial
bib-14,363,1,Initial
bib-14,363,2,Initial
bib-14,363,3,Initial
bib-14,363,4,Initial
bib-14,363,5,Initial
bib-14,364,1,Initial
bib-14,364,2,Initial
bib-14,364,3,Initial
bib-14,365,1,Initial
bib-14,365,2,Initial
bib-14,366,1,Initial
bib-14,366,2,Initial
bib-14,366,3,Initial
bib-14,367,1,Initial
bib-14,367,2,Initial
bib-14,367,3,Initial
bib-14,367,4,Initial
bib-14,367,5,Initial
bib-14,368,1,Initial
bib-14,368,2,Initial
bib-14,368,3,Initial
bib-14,368,4,Initial
bib-14,369,1,Initial
bib-14,369,2,Initial
bib-14,369,3,Initial
bib-14,369,4,Initial
bib-14,370,1,Initial
bib-14,370,2,Initial
bib-14,371,1,Initial
bib-14,371,2,Initial
bib-14,371,3,Initial
bib-14,372,1,Initial
bib-14,372,2,Initial
bib-14,373,1,Initial
bib-14,374,1,Initial
bib-14,374,2,Initial
bib-14,375,1,Initial
bib-14,375,2,Initial
bib-14,375,3,Initial
bib-14,375,4,Initial
bib-14,375,5,Initial
bib-14,376,1,Initial
bib-14,376,2,Initial
bib-14,377,1,Initial
bib-14,377,2,Initial
bib-14,377,3,Initial
bib-14,377,4,Initial
bib-14,378,1,Initial
bib-14,378,2,Initial
bib-14,378,3,Initial
bib-14,378,4,Initial
bib-14,379,1,Initial
bib-14,379,2,Initial
bib-14,379,3,Initial
bib-14,379,4,Initial
bib-14,380,1,Initial
bib-14,380,2,Initial
bib-14,380,3,Initial
bib-14,381,1,Initial
bib-14,381,2,Initial
bib-14,381,3,Initial
bib-14,381,4,Initial
bib-14,382,1,Initial
bib-14,382,2,Initial
bib-14,382,3,Initial
bib-14,382,4,Initial
bib-14,382,5,Initial
bib-14,383,1,Initial
bib-14,383,2,Initial
bib-14,383,3,Initial
bib-14,383,4,Initial
bib-14,384,1,Initial
bib-14,384,2,Initial
bib-14,384,3,Initial
bib-14,384,4,Initial
bib-14,385,1,Initial
bib-14,386,1,Initial
bib-14,387,1,Initial
bib-14,387,2,Initial
bib-14,388,1,Initial
bib-14,388,2,Initial
bib-14,388,3,Initial
bib-14,389,1,Initial
bib-14,389,2,Initial
bib-14,389,3,Initial
bib-14,390,1,Initial
bib-14,390,2,Initial
bib-14,390,3,Initial
bib-14,390,4,Initial
bib-14,391,1,Initial
bib-14,391,2,Initial
bib-14,391,3,Initial
bib-14,391,4,Initial
bib-14,391,5,Initial
bib-14,391,6,Initial
bib-14,392,1,Initial
bib-14,392,2,Initial
bib-14,392,3,Initial
bib-14,392,4,Initial
bib-14,393,1,Initial
bib-14,393,2,Initial
bib-14,393,3,Initial
bib-14,393,4,Initial
bib-14,394,1,Initial
bib-14,394,2,Initial
bib-14,394,3,Initial
bib-14,395,1,Initial
bib-14,395,2,Initial
bib-14,396,1,Initial
bib-14,396,2,Initial
bib-14,396,3,Initial
bib-14,397,1,Initial
bib-14,397,2,Initial
bib-14,397,3,Initial
bib-14,398,1,Initial
bib-14,398,2,Initial
bib-14,398,3,Initial
bib-14,398,4,Initial
bib-14,399,1,Initial
bib-14,399,2,Initial
bib-14,399,3,Initial
bib-14,399,4,Initial
bib-14,399,5,Initial
bib-14,399,6,Initial
bib-14,400,1,Initial
bib-14,400,2,Initial
bib-14,400,3,Initial
bib-14,400,4,Initial
bib-14,401,1,Initial
bib-14,401,2,Initial
bib-14,401,3,Initial
bib-14,401,4,Initial
bib-14,402,1,Initial
bib-14,402,2,Initial
bib-14,402,3,Initial
bib-14,403,1,Initial
bib-14,403,2,Initial
bib-14,404,1,Initial
bib-14,405,1,Initial
bib-14,405,2,Initial
bib-14,406,1,Initial
bib-14,406,2,Initial
bib-14,406,3,Initial
bib-14,407,1,Initial
bib-14,407,2,Initial
bib-14,407,3,Initial
bib-14,407,4,Initial
bib-14,407,5,Initial
bib-14,408,1,Initial
bib-14,408,2,Initial
bib-14,408,3,Initial
bib-14,408,4,Initial
bib-14,408,5,Initial
bib-14,408,6,Initial
bib-14,409,1,Initial
bib-14,409,2,Initial
bib-14,409,3,Initial
bib-14,410,1,Initial
bib-14,410,2,Initial
bib-14,411,1,Initial
bib-14,411,2,Initial
bib-14,412,1,Initial
bib-14,413,1,Initial
bib-14,414,1,Initial
bib-14,414,2,Initial
bib-14,414,3,Initial
bib-14,414,4,Initial
bib-14,414,5,Initial
bib-14,415,1,Initial
bib-14,415,2,Initial
bib-14,416,1,Initial
bib-14,416,2,Initial
bib-14,418,1,Initial
bib-14,418,2,Initial
bib-14,419,1,Initial
bib-14,420,1,Initial
bib-14,421,1,Initial
bib-14,421,2,Initial
bib-14,422,1,Initial
bib-14,422,2,Initial
bib-14,422,3,Initial
bib-14,423,1,Initial
bib-14,423,2,Initial
bib-14,423,3,Initial
bib-14,425,1,Initial
bib-14,425,2,Initial
bib-14,427,1,Initial
bib-14,428,1,Initial
bib-14,428,2,Initial
bib-14,429,1,Initial
bib-14,430,1,Initial
bib-14,431,1,Initial
bib-14,431,2,Initial
bib-14,432,1,Initial
bib-14,433,1,Initial
bib-14,434,1,Initial
bib-14,434,2,Initial
bib-14,435,1,Initial
bib-14,435,2,Initial
bib-14,435,3,Initial
bib-14,435,4,Initial
bib-14,436,1,Initial
bib-14,436,2,Initial
bib-14,437,1,Initial
bib-14,437,2,Initial
bib-14,438,1,Initial
bib-14,440,1,Initial
bib-14,442,1,Initial
bib-14,444,1,Initial
bib-14,447,1,Initial
bib-14,448,1,Initial
bib-14,458,1,Initial
bib-14,458,2,Initial
bib-14,459,1,Initial
bib-14,459,2,Initial
bib-14,460,1,Initial
bib-14,460,2,Initial
bib-14,460,3,Initial
bib-14,461,1,Initial
bib-14,461,2,Initial
bib-14,461,3,Initial
bib-14,461,4,Initial
bib-14,461,5,Initial
bib-14,461,6,Initial
bib-14,462,1,Initial
bib-14,462,2,Initial
bib-14,462,3,Initial
bib-14,463,1,Initial
bib-14,463,2,Initial
bib-14,463,3,Initial
bib-14,464,1,Initial
bib-14,464,2,Initial
bib-14,465,1,Initial
bib-14,465,2,Initial
bib-14,465,3,Initial
bib-14,466,1,Initial
bib-14,466,2,Initial
bib-14,466,3,Initial
bib-14,466,4,Initial
bib-14,466,5,Initial
bib-14,467,1,Initial
bib-14,468,1,Initial
bib-14,471,1,Content Illustration
bib-14,471,2,Content Illustration
bib-14,471,3,Content Illustration
bib-14,471,4,Content Illustration
bib-14,471,5,Content Illustration
bib-14,471,6,Content Illustration
bib-14,471,7,Content Illustration
bib-14,471,8,Content Illustration
bib-14,471,9,Content Illustration
bib-14,471,10,Content Illustration
bib-14,471,1,Initial
bib-14,471,2,Initial
bib-14,471,3,Initial
bib-14,472,1,Content Illustration
bib-14,472,2,Content Illustration
bib-14,472,3,Content Illustration
bib-14,472,4,Content Illustration
bib-14,472,5,Content Illustration
bib-14,472,6,Content Illustration
bib-14,472,7,Content Illustration
bib-14,472,8,Content Illustration
bib-14,472,9,Content Illustration
bib-14,472,1,Initial
bib-14,472,2,Initial
bib-14,472,3,Initial
bib-14,472,4,Initial
bib-14,473,1,Content Illustration
bib-14,473,2,Content Illustration
bib-14,473,3,Content Illustration
bib-14,473,4,Content Illustration
bib-14,473,5,Content Illustration
bib-14,473,6,Content Illustration
bib-14,473,7,Content Illustration
bib-14,473,8,Content Illustration
bib-14,473,1,Initial
bib-14,473,2,Initial
bib-14,473,3,Initial
bib-14,473,4,Initial
bib-14,474,1,Content Illustration
bib-14,474,2,Content Illustration
bib-14,474,3,Content Illustration
bib-14,474,4,Content Illustration
bib-14,474,5,Content Illustration
bib-14,474,6,Content Illustration
bib-14,474,7,Content Illustration
bib-14,474,8,Content Illustration
bib-14,474,9,Content Illustration
bib-14,474,10,Content Illustration
bib-14,474,11,Content Illustration
bib-14,474,12,Content Illustration
bib-14,474,1,Initial
bib-14,474,2,Initial
bib-14,474,3,Initial
bib-14,474,4,Initial
bib-14,474,5,Initial
bib-14,474,6,Initial
bib-14,474,7,Initial
bib-14,474,8,Initial
bib-14,474,9,Initial
bib-14,475,1,Content Illustration
bib-14,475,2,Content Illustration
bib-14,475,3,Content Illustration
bib-14,475,4,Content Illustration
bib-14,475,5,Content Illustration
bib-14,475,6,Content Illustration
bib-14,475,7,Content Illustration
bib-14,475,8,Content Illustration
bib-14,475,1,Initial
bib-14,475,2,Initial
bib-14,475,3,Initial
bib-14,475,4,Initial
bib-14,475,5,Initial
bib-14,475,6,Initial
bib-14,476,1,Content Illustration
bib-14,476,2,Content Illustration
bib-14,476,3,Content Illustration
bib-14,476,4,Content Illustration
bib-14,476,5,Content Illustration
bib-14,476,6,Content Illustration
bib-14,476,7,Content Illustration
bib-14,476,8,Content Illustration
bib-14,476,9,Content Illustration
bib-14,476,1,Initial
bib-14,476,2,Initial
bib-14,476,3,Initial
bib-14,476,4,Initial
bib-14,476,5,Initial
bib-14,477,1,Content Illustration
bib-14,477,2,Content Illustration
bib-14,477,3,Content Illustration
bib-14,477,4,Content Illustration
bib-14,477,5,Content Illustration
bib-14,477,1,Initial
bib-14,477,2,Initial
bib-14,477,3,Initial
bib-14,477,4,Initial
bib-14,477,5,Initial
bib-14,478,1,Content Illustration
bib-14,478,2,Content Illustration
bib-14,478,3,Content Illustration
bib-14,478,4,Content Illustration
bib-14,478,5,Content Illustration
bib-14,478,6,Content Illustration
bib-14,478,1,Initial
bib-14,478,2,Initial
bib-14,478,3,Initial
bib-14,478,4,Initial
bib-14,478,5,Initial
bib-14,478,6,Initial
bib-14,478,7,Initial
bib-14,478,8,Initial
bib-14,478,9,Initial
bib-14,479,1,Content Illustration
bib-14,479,2,Content Illustration
bib-14,479,3,Content Illustration
bib-14,479,4,Content Illustration
bib-14,479,5,Content Illustration
bib-14,479,6,Content Illustration
bib-14,479,7,Content Illustration
bib-14,479,8,Content Illustration
bib-14,479,1,Initial
bib-14,479,2,Initial
bib-14,479,3,Initial
bib-14,479,4,Initial
bib-14,479,5,Initial
bib-14,479,6,Initial
bib-14,479,7,Initial
bib-14,480,1,Content Illustration
bib-14,480,2,Content Illustration
bib-14,480,3,Content Illustration
bib-14,480,4,Content Illustration
bib-14,480,5,Content Illustration
bib-14,480,6,Content Illustration
bib-14,480,7,Content Illustration
bib-14,480,1,Initial
bib-14,480,2,Initial
bib-14,480,3,Initial
bib-14,480,4,Initial
bib-14,480,5,Initial
bib-14,480,6,Initial
bib-14,480,7,Initial
bib-14,480,8,Initial
bib-14,481,1,Content Illustration
bib-14,481,2,Content Illustration
bib-14,481,3,Content Illustration
bib-14,481,4,Content Illustration
bib-14,481,5,Content Illustration
bib-14,481,1,Initial
bib-14,481,2,Initial
bib-14,481,3,Initial
bib-14,481,4,Initial
bib-14,482,1,Content Illustration
bib-14,482,2,Content Illustration
bib-14,482,3,Content Illustration
bib-14,482,4,Content Illustration
bib-14,482,1,Initial
bib-14,482,2,Initial
bib-14,482,3,Initial
bib-14,482,4,Initial
bib-14,482,5,Initial
bib-14,482,6,Initial
bib-14,483,1,Initial
bib-14,483,2,Initial
bib-14,483,3,Initial
bib-14,484,1,Content Illustration
bib-14,484,2,Content Illustration
bib-14,484,3,Content Illustration
bib-14,484,4,Content Illustration
bib-14,484,5,Content Illustration
bib-14,484,6,Content Illustration
bib-14,484,7,Content Illustration
bib-14,484,1,Initial
bib-14,484,2,Initial
bib-14,484,3,Initial
bib-14,484,4,Initial
bib-14,484,5,Initial
bib-14,484,6,Initial
bib-14,485,1,Content Illustration
bib-14,485,2,Content Illustration
bib-14,485,3,Content Illustration
bib-14,485,4,Content Illustration
bib-14,485,5,Content Illustration
bib-14,485,6,Content Illustration
bib-14,485,7,Content Illustration
bib-14,485,1,Initial
bib-14,485,2,Initial
bib-14,485,3,Initial
bib-14,485,4,Initial
bib-14,485,5,Initial
bib-14,485,6,Initial
bib-14,485,7,Initial
bib-14,486,1,Content Illustration
bib-14,486,2,Content Illustration
bib-14,486,3,Content Illustration
bib-14,486,4,Content Illustration
bib-14,486,1,Initial
bib-14,486,2,Initial
bib-14,486,3,Initial
bib-14,486,4,Initial
bib-14,486,5,Initial
bib-14,487,1,Content Illustration
bib-14,487,2,Content Illustration
bib-14,487,3,Content Illustration
bib-14,487,1,Initial
bib-14,487,2,Initial
bib-14,487,3,Initial
bib-14,487,4,Initial
bib-14,488,1,Content Illustration
bib-14,488,2,Content Illustration
bib-14,488,3,Content Illustration
bib-14,488,4,Content Illustration
bib-14,488,5,Content Illustration
bib-14,488,6,Content Illustration
bib-14,488,1,Initial
bib-14,488,2,Initial
bib-14,488,3,Initial
bib-14,488,4,Initial
bib-14,489,1,Content Illustration
bib-14,489,1,Initial
bib-14,489,2,Initial
bib-14,490,1,Content Illustration
bib-14,490,2,Content Illustration
bib-14,490,1,Initial
bib-14,491,1,Content Illustration
bib-14,491,1,Initial
bib-14,492,1,Content Illustration
bib-14,492,2,Content Illustration
bib-14,492,3,Content Illustration
bib-14,492,4,Content Illustration
bib-14,492,1,Initial
bib-14,492,2,Initial
bib-14,492,3,Initial
bib-14,493,1,Content Illustration
bib-14,493,2,Content Illustration
bib-14,493,3,Content Illustration
bib-14,493,1,Initial
bib-14,493,2,Initial
bib-14,493,3,Initial
bib-14,494,1,Content Illustration
bib-14,494,2,Content Illustration
bib-14,494,3,Content Illustration
bib-14,494,1,Initial
bib-14,494,2,Initial
bib-14,494,3,Initial
bib-14,494,4,Initial
bib-14,494,5,Initial
bib-14,495,1,Content Illustration
bib-14,495,2,Content Illustration
bib-14,495,1,Initial
bib-14,495,2,Initial
bib-14,495,3,Initial
bib-14,495,4,Initial
bib-14,495,5,Initial
bib-14,495,6,Initial
bib-14,496,1,Content Illustration
bib-14,496,2,Content Illustration
bib-14,496,3,Content Illustration
bib-14,496,4,Content Illustration
bib-14,496,1,Initial
bib-14,496,2,Initial
bib-14,496,3,Initial
bib-14,496,4,Initial
bib-14,496,5,Initial
bib-14,497,1,Content Illustration
bib-14,497,2,Content Illustration
bib-14,497,3,Content Illustration
bib-14,497,4,Content Illustration
bib-14,497,1,Initial
bib-14,497,2,Initial
bib-14,497,3,Initial
bib-14,498,1,Content Illustration
bib-14,498,2,Content Illustration
bib-14,498,3,Content Illustration
bib-14,498,1,Initial
bib-14,498,2,Initial
bib-14,498,3,Initial
bib-14,498,4,Initial
bib-14,499,1,Content Illustration
bib-14,499,1,Initial
bib-14,499,2,Initial
bib-14,500,1,Content Illustration
bib-14,500,2,Content Illustration
bib-14,500,3,Content Illustration
bib-14,500,4,Content Illustration
bib-14,500,1,Initial
bib-14,501,1,Content Illustration
bib-14,501,2,Content Illustration
bib-14,501,1,Initial
bib-14,501,2,Initial
bib-14,501,3,Initial
bib-14,502,1,Content Illustration
bib-14,502,2,Content Illustration
bib-14,502,3,Content Illustration
bib-14,502,1,Initial
bib-14,502,2,Initial
bib-14,502,3,Initial
bib-14,503,1,Content Illustration
bib-14,503,2,Content Illustration
bib-14,503,1,Initial
bib-14,503,2,Initial
bib-14,503,3,Initial
bib-14,504,1,Content Illustration
bib-14,504,2,Content Illustration
bib-14,504,3,Content Illustration
bib-14,504,1,Initial
bib-14,504,2,Initial
bib-14,504,3,Initial
bib-14,504,4,Initial
bib-14,505,1,Content Illustration
bib-14,505,2,Content Illustration
bib-14,505,3,Content Illustration
bib-14,505,1,Initial
bib-14,505,2,Initial
bib-14,505,3,Initial
bib-14,505,4,Initial
bib-14,506,1,Content Illustration
bib-14,506,1,Initial
bib-14,506,2,Initial
bib-14,506,3,Initial
bib-14,506,4,Initial
bib-14,506,5,Initial
bib-14,507,1,Initial
bib-14,507,2,Initial
bib-14,507,3,Initial
bib-14,507,4,Initial
bib-14,507,5,Initial
bib-14,508,1,Content Illustration
bib-14,508,1,Initial
bib-14,508,2,Initial
bib-14,508,3,Initial
bib-14,508,4,Initial
bib-14,508,5,Initial
bib-14,509,1,Content Illustration
bib-14,509,1,Initial
bib-14,509,2,Initial
bib-14,510,1,Content Illustration
bib-14,510,1,Initial
bib-14,510,2,Initial
bib-14,510,3,Initial
bib-14,510,4,Initial
bib-14,511,1,Content Illustration
bib-14,511,2,Content Illustration
bib-14,511,1,Initial
bib-14,511,2,Initial
bib-14,511,3,Initial
bib-14,511,4,Initial
bib-14,511,5,Initial
bib-14,512,1,Content Illustration
bib-14,512,2,Content Illustration
bib-14,512,1,Initial
bib-14,512,2,Initial
bib-14,512,3,Initial
bib-14,512,4,Initial
bib-14,512,5,Initial
bib-14,513,1,Content Illustration
bib-14,513,2,Content Illustration
bib-14,513,3,Content Illustration
bib-14,513,1,Initial
bib-14,513,2,Initial
bib-14,514,1,Content Illustration
bib-14,514,2,Content Illustration
bib-14,514,1,Initial
bib-14,514,2,Initial
bib-14,514,3,Initial
bib-14,515,1,Content Illustration
bib-14,515,1,Initial
bib-14,516,1,Content Illustration
bib-14,516,2,Content Illustration
bib-14,516,1,Initial
bib-14,516,2,Initial
bib-14,516,3,Initial
bib-14,516,4,Initial
bib-14,516,5,Initial
bib-14,517,1,Content Illustration
bib-14,517,2,Content Illustration
bib-14,517,1,Initial
bib-14,517,2,Initial
bib-14,517,3,Initial
bib-14,517,4,Initial
bib-14,517,5,Initial
bib-14,518,1,Content Illustration
bib-14,518,2,Content Illustration
bib-14,518,3,Content Illustration
bib-14,518,4,Content Illustration
bib-14,518,5,Content Illustration
bib-14,518,1,Initial
bib-14,518,2,Initial
bib-14,518,3,Initial
bib-14,518,4,Initial
bib-14,518,5,Initial
bib-14,519,1,Content Illustration
bib-14,519,2,Content Illustration
bib-14,519,3,Content Illustration
bib-14,519,4,Content Illustration
bib-14,519,5,Content Illustration
bib-14,519,1,Initial
bib-14,519,2,Initial
bib-14,519,3,Initial
bib-14,519,4,Initial
bib-14,520,1,Content Illustration
bib-14,520,2,Content Illustration
bib-14,520,3,Content Illustration
bib-14,520,4,Content Illustration
bib-14,520,1,Initial
bib-14,520,2,Initial
bib-14,520,3,Initial
bib-14,520,4,Initial
bib-14,520,5,Initial
bib-14,521,1,Content Illustration
bib-14,521,2,Content Illustration
bib-14,521,3,Content Illustration
bib-14,521,4,Content Illustration
bib-14,521,5,Content Illustration
bib-14,521,6,Content Illustration
bib-14,521,7,Content Illustration
bib-14,521,8,Content Illustration
bib-14,521,9,Content Illustration
bib-14,521,10,Content Illustration
bib-14,521,11,Content Illustration
bib-14,521,12,Content Illustration
bib-14,521,13,Content Illustration
bib-14,521,1,Initial
bib-14,521,2,Initial
bib-14,522,1,Content Illustration
bib-14,522,2,Content Illustration
bib-14,522,3,Content Illustration
bib-14,522,4,Content Illustration
bib-14,522,5,Content Illustration
bib-14,522,1,Initial
bib-14,522,2,Initial
bib-14,522,3,Initial
bib-14,522,4,Initial
bib-14,522,5,Initial
bib-14,523,1,Content Illustration
bib-14,523,2,Content Illustration
bib-14,523,3,Content Illustration
bib-14,523,4,Content Illustration
bib-14,523,5,Content Illustration
bib-14,523,6,Content Illustration
bib-14,523,7,Content Illustration
bib-14,523,1,Initial
bib-14,523,2,Initial
bib-14,523,3,Initial
bib-14,523,4,Initial
bib-14,523,5,Initial
bib-14,523,6,Initial
bib-14,524,1,Content Illustration
bib-14,524,2,Content Illustration
bib-14,524,3,Content Illustration
bib-14,524,4,Content Illustration
bib-14,524,5,Content Illustration
bib-14,524,6,Content Illustration
bib-14,524,7,Content Illustration
bib-14,524,1,Initial
bib-14,524,2,Initial
bib-14,524,3,Initial
bib-14,524,4,Initial
bib-14,524,5,Initial
bib-14,524,6,Initial
bib-14,524,7,Initial
bib-14,524,8,Initial
bib-14,524,9,Initial
bib-14,525,1,Content Illustration
bib-14,525,2,Content Illustration
bib-14,525,3,Content Illustration
bib-14,525,4,Content Illustration
bib-14,525,5,Content Illustration
bib-14,525,6,Content Illustration
bib-14,525,7,Content Illustration
bib-14,525,8,Content Illustration
bib-14,525,9,Content Illustration
bib-14,525,1,Initial
bib-14,525,2,Initial
bib-14,525,3,Initial
bib-14,525,4,Initial
bib-14,525,5,Initial
bib-14,525,6,Initial
bib-14,526,1,Content Illustration
bib-14,526,2,Content Illustration
bib-14,526,3,Content Illustration
bib-14,526,4,Content Illustration
bib-14,526,5,Content Illustration
bib-14,526,1,Initial
bib-14,526,2,Initial
bib-14,526,3,Initial
bib-14,527,1,Content Illustration
bib-14,527,2,Content Illustration
bib-14,527,3,Content Illustration
bib-14,527,4,Content Illustration
bib-14,527,5,Content Illustration
bib-14,527,1,Initial
bib-14,527,2,Initial
bib-14,527,3,Initial
bib-14,528,1,Content Illustration
bib-14,528,2,Content Illustration
bib-14,528,3,Content Illustration
bib-14,528,4,Content Illustration
bib-14,528,5,Content Illustration
bib-14,528,1,Initial
bib-14,529,1,Content Illustration
bib-14,529,2,Content Illustration
bib-14,529,3,Content Illustration
bib-14,529,4,Content Illustration
bib-14,529,1,Initial
bib-14,529,2,Initial
bib-14,529,3,Initial
bib-14,529,4,Initial
bib-14,530,1,Content Illustration
bib-14,530,2,Content Illustration
bib-14,530,3,Content Illustration
bib-14,530,4,Content Illustration
bib-14,530,1,Initial
bib-14,530,2,Initial
bib-14,530,3,Initial
bib-14,530,4,Initial
bib-14,530,5,Initial
bib-14,531,1,Content Illustration
bib-14,531,1,Initial
bib-14,531,2,Initial
bib-14,532,1,Content Illustration
bib-14,532,2,Content Illustration
bib-14,532,3,Content Illustration
bib-14,532,1,Initial
bib-14,532,2,Initial
bib-14,532,3,Initial
bib-14,533,1,Content Illustration
bib-14,534,1,Content Illustration
bib-14,534,2,Content Illustration
bib-14,534,1,Initial
bib-14,534,2,Initial
bib-14,534,3,Initial
bib-14,536,1,Content Illustration
bib-14,536,1,Initial
bib-14,536,2,Initial
bib-14,537,1,Content Illustration
bib-14,537,2,Content Illustration
bib-14,537,3,Content Illustration
bib-14,537,1,Initial
bib-14,537,2,Initial
bib-14,538,1,Content Illustration
bib-14,538,2,Content Illustration
bib-14,538,1,Initial
bib-14,538,2,Initial
bib-14,538,3,Initial
bib-14,539,1,Content Illustration
bib-14,539,2,Content Illustration
bib-14,539,3,Content Illustration
bib-14,539,1,Initial
bib-14,539,2,Initial
bib-14,539,3,Initial
bib-14,539,4,Initial
bib-14,539,5,Initial
bib-14,540,1,Content Illustration
bib-14,540,2,Content Illustration
bib-14,540,3,Content Illustration
bib-14,540,1,Initial
bib-14,540,2,Initial
bib-14,540,3,Initial
bib-14,540,4,Initial
bib-14,540,5,Initial
bib-14,541,1,Content Illustration
bib-14,541,2,Content Illustration
bib-14,541,3,Content Illustration
bib-14,541,4,Content Illustration
bib-14,541,1,Initial
bib-14,541,2,Initial
bib-14,541,3,Initial
bib-14,541,4,Initial
bib-14,542,1,Content Illustration
bib-14,542,2,Content Illustration
bib-14,542,3,Content Illustration
bib-14,542,4,Content Illustration
bib-14,542,1,Initial
bib-14,542,2,Initial
bib-14,543,1,Content Illustration
bib-14,543,2,Content Illustration
bib-14,543,3,Content Illustration
bib-14,543,4,Content Illustration
bib-14,543,1,Initial
bib-14,543,2,Initial
bib-14,544,1,Content Illustration
bib-14,544,2,Content Illustration
bib-14,544,3,Content Illustration
bib-14,544,4,Content Illustration
bib-14,544,5,Content Illustration
bib-14,544,6,Content Illustration
bib-14,544,1,Initial
bib-14,544,2,Initial
bib-14,544,3,Initial
bib-14,544,4,Initial
bib-14,544,5,Initial
bib-14,544,6,Initial
bib-14,545,1,Content Illustration
bib-14,545,2,Content Illustration
bib-14,545,3,Content Illustration
bib-14,545,4,Content Illustration
bib-14,545,5,Content Illustration
bib-14,545,1,Initial
bib-14,545,2,Initial
bib-14,545,3,Initial
bib-14,545,4,Initial
bib-14,545,5,Initial
bib-14,545,6,Initial
bib-14,546,1,Content Illustration
bib-14,546,2,Content Illustration
bib-14,546,3,Content Illustration
bib-14,546,4,Content Illustration
bib-14,546,5,Content Illustration
bib-14,546,6,Content Illustration
bib-14,546,7,Content Illustration
bib-14,546,1,Initial
bib-14,546,2,Initial
bib-14,546,3,Initial
bib-14,546,4,Initial
bib-14,546,5,Initial
bib-14,546,6,Initial
bib-14,546,7,Initial
bib-14,546,8,Initial
bib-14,547,1,Content Illustration
bib-14,547,2,Content Illustration
bib-14,547,1,Initial
bib-14,547,2,Initial
bib-14,547,3,Initial
bib-14,548,1,Content Illustration
bib-14,548,2,Content Illustration
bib-14,548,3,Content Illustration
bib-14,548,4,Content Illustration
bib-14,548,5,Content Illustration
bib-14,548,1,Initial
bib-14,548,2,Initial
bib-14,548,3,Initial
bib-14,548,4,Initial
bib-14,548,5,Initial
bib-14,549,1,Content Illustration
bib-14,549,2,Content Illustration
bib-14,549,3,Content Illustration
bib-14,549,4,Content Illustration
bib-14,549,5,Content Illustration
bib-14,549,1,Initial
bib-14,549,2,Initial
bib-14,549,3,Initial
bib-14,549,4,Initial
bib-14,549,5,Initial
bib-14,550,1,Content Illustration
bib-14,550,2,Content Illustration
bib-14,550,1,Initial
bib-14,550,2,Initial
bib-14,551,1,Content Illustration
bib-14,551,2,Content Illustration
bib-14,551,3,Content Illustration
bib-14,551,4,Content Illustration
bib-14,551,5,Content Illustration
bib-14,551,6,Content Illustration
bib-14,551,7,Content Illustration
bib-14,551,1,Initial
bib-14,551,2,Initial
bib-14,551,3,Initial
bib-14,552,1,Content Illustration
bib-14,552,2,Content Illustration
bib-14,552,3,Content Illustration
bib-14,552,4,Content Illustration
bib-14,552,5,Content Illustration
bib-14,552,1,Initial
bib-14,552,2,Initial
bib-14,552,3,Initial
bib-14,553,1,Content Illustration
bib-14,553,2,Content Illustration
bib-14,553,3,Content Illustration
bib-14,553,4,Content Illustration
bib-14,553,5,Content Illustration
bib-14,553,6,Content Illustration
bib-14,553,1,Initial
bib-14,553,2,Initial
bib-14,554,1,Content Illustration
bib-14,554,2,Content Illustration
bib-14,554,3,Content Illustration
bib-14,554,4,Content Illustration
bib-14,554,1,Initial
bib-14,554,2,Initial
bib-14,555,1,Content Illustration
bib-14,555,2,Content Illustration
bib-14,555,3,Content Illustration
bib-14,555,4,Content Illustration
bib-14,555,5,Content Illustration
bib-14,555,6,Content Illustration
bib-14,555,1,Initial
bib-14,555,2,Initial
bib-14,555,3,Initial
bib-14,555,4,Initial
bib-14,555,5,Initial
bib-14,555,6,Initial
bib-14,556,1,Content Illustration
bib-14,556,2,Content Illustration
bib-14,556,3,Content Illustration
bib-14,556,4,Content Illustration
bib-14,556,1,Initial
bib-14,557,1,Content Illustration
bib-14,557,2,Content Illustration
bib-14,557,3,Content Illustration
bib-14,557,4,Content Illustration
bib-14,557,1,Initial
bib-14,557,2,Initial
bib-14,557,3,Initial
bib-14,557,4,Initial
bib-14,557,5,Initial
bib-14,557,6,Initial
bib-14,557,7,Initial
bib-14,557,8,Initial
bib-14,558,1,Content Illustration
bib-14,558,2,Content Illustration
bib-14,558,1,Initial
bib-14,558,2,Initial
bib-14,558,3,Initial
bib-14,558,4,Initial
bib-14,558,5,Initial
bib-14,558,6,Initial
bib-14,559,1,Content Illustration
bib-14,559,2,Content Illustration
bib-14,559,1,Initial
bib-14,560,1,Content Illustration
bib-14,560,2,Content Illustration
bib-14,560,1,Initial
bib-14,560,2,Initial
bib-14,560,3,Initial
bib-14,561,1,Content Illustration
bib-14,561,2,Content Illustration
bib-14,561,3,Content Illustration
bib-14,561,1,Initial
bib-14,562,1,Content Illustration
bib-14,562,2,Content Illustration
bib-14,562,3,Content Illustration
bib-14,562,4,Content Illustration
bib-14,562,1,Initial
bib-14,563,1,Content Illustration
bib-14,563,2,Content Illustration
bib-14,563,1,Initial
bib-14,564,1,Content Illustration
bib-14,564,2,Content Illustration
bib-14,564,1,Initial
bib-14,565,1,Content Illustration
bib-14,565,2,Content Illustration
bib-14,565,1,Initial
bib-14,565,2,Initial
bib-14,565,3,Initial
bib-14,566,1,Content Illustration
bib-14,566,2,Content Illustration
bib-14,566,1,Initial
bib-14,566,2,Initial
bib-14,567,1,Content Illustration
bib-14,567,2,Content Illustration
bib-14,567,1,Initial
bib-14,567,2,Initial
bib-14,568,1,Content Illustration
bib-14,568,2,Content Illustration
bib-14,568,1,Initial
bib-14,568,2,Initial
bib-14,569,1,Content Illustration
bib-14,569,2,Content Illustration
bib-14,569,3,Content Illustration
bib-14,569,4,Content Illustration
bib-14,569,1,Initial
bib-14,569,2,Initial
bib-14,569,3,Initial
bib-14,570,1,Content Illustration
bib-14,570,2,Content Illustration
bib-14,570,3,Content Illustration
bib-14,570,4,Content Illustration
bib-14,570,5,Content Illustration
bib-14,570,1,Initial
bib-14,570,2,Initial
bib-14,570,3,Initial
bib-14,570,4,Initial
bib-14,570,5,Initial
bib-14,571,1,Content Illustration
bib-14,571,2,Content Illustration
bib-14,571,3,Content Illustration
bib-14,571,4,Content Illustration
bib-14,571,1,Initial
bib-14,571,2,Initial
bib-14,571,3,Initial
bib-14,571,4,Initial
bib-14,572,1,Content Illustration
bib-14,572,2,Content Illustration
bib-14,572,3,Content Illustration
bib-14,572,1,Initial
bib-14,572,2,Initial
bib-14,572,3,Initial
bib-14,573,1,Content Illustration
bib-14,573,2,Content Illustration
bib-14,573,3,Content Illustration
bib-14,573,1,Initial
bib-14,573,2,Initial
bib-14,573,3,Initial
bib-14,574,1,Content Illustration
bib-14,574,2,Content Illustration
bib-14,574,3,Content Illustration
bib-14,574,4,Content Illustration
bib-14,574,1,Initial
bib-14,574,2,Initial
bib-14,574,3,Initial
bib-14,574,4,Initial
bib-14,574,5,Initial
bib-14,574,6,Initial
bib-14,574,7,Initial
bib-14,575,1,Content Illustration
bib-14,575,2,Content Illustration
bib-14,575,3,Content Illustration
bib-14,575,4,Content Illustration
bib-14,575,5,Content Illustration
bib-14,575,1,Initial
bib-14,575,2,Initial
bib-14,575,3,Initial
bib-14,575,4,Initial
bib-14,575,5,Initial
bib-14,575,6,Initial
bib-14,575,7,Initial
bib-14,576,1,Content Illustration
bib-14,576,2,Content Illustration
bib-14,576,3,Content Illustration
bib-14,576,4,Content Illustration
bib-14,576,5,Content Illustration
bib-14,576,6,Content Illustration
bib-14,576,7,Content Illustration
bib-14,576,1,Initial
bib-14,576,2,Initial
bib-14,576,3,Initial
bib-14,576,4,Initial
bib-14,576,5,Initial
bib-14,576,6,Initial
bib-14,576,7,Initial
bib-14,576,8,Initial
bib-14,576,9,Initial
bib-14,577,1,Content Illustration
bib-14,577,2,Content Illustration
bib-14,577,3,Content Illustration
bib-14,577,4,Content Illustration
bib-14,577,1,Initial
bib-14,577,2,Initial
bib-14,577,3,Initial
bib-14,577,4,Initial
bib-14,577,5,Initial
bib-14,578,1,Content Illustration
bib-14,578,2,Content Illustration
bib-14,578,3,Content Illustration
bib-14,578,4,Content Illustration
bib-14,578,1,Initial
bib-14,578,2,Initial
bib-14,578,3,Initial
bib-14,578,4,Initial
bib-14,578,5,Initial
bib-14,579,1,Content Illustration
bib-14,579,2,Content Illustration
bib-14,579,1,Initial
bib-14,579,2,Initial
bib-14,579,3,Initial
bib-14,579,4,Initial
bib-14,579,5,Initial
bib-14,579,6,Initial
bib-14,579,7,Initial
bib-14,579,8,Initial
bib-14,580,1,Content Illustration
bib-14,580,2,Content Illustration
bib-14,580,3,Content Illustration
bib-14,580,4,Content Illustration
bib-14,580,1,Initial
bib-14,580,2,Initial
bib-14,580,3,Initial
bib-14,580,4,Initial
bib-14,580,5,Initial
bib-14,580,6,Initial
bib-14,580,7,Initial
bib-14,581,1,Content Illustration
bib-14,581,2,Content Illustration
bib-14,581,3,Content Illustration
bib-14,581,4,Content Illustration
bib-14,581,5,Content Illustration
bib-14,581,1,Initial
bib-14,581,2,Initial
bib-14,581,3,Initial
bib-14,581,4,Initial
bib-14,581,5,Initial
bib-14,582,1,Content Illustration
bib-14,582,2,Content Illustration
bib-14,582,3,Content Illustration
bib-14,582,1,Initial
bib-14,582,2,Initial
bib-14,583,1,Content Illustration
bib-14,583,1,Initial
bib-14,583,2,Initial
bib-14,584,1,Content Illustration
bib-14,584,2,Content Illustration
bib-14,584,3,Content Illustration
bib-14,584,1,Initial
bib-14,584,2,Initial
bib-14,585,1,Content Illustration
bib-14,585,2,Content Illustration
bib-14,585,1,Initial
bib-14,585,2,Initial
bib-14,585,3,Initial
bib-14,586,1,Content Illustration
bib-14,586,2,Content Illustration
bib-14,586,1,Initial
bib-14,586,2,Initial
bib-14,586,3,Initial
bib-14,587,1,Content Illustration
bib-14,587,2,Content Illustration
bib-14,587,1,Initial
bib-14,587,2,Initial
bib-14,587,3,Initial
bib-14,588,1,Content Illustration
bib-14,588,2,Content Illustration
bib-14,588,1,Initial
bib-14,588,2,Initial
bib-14,588,3,Initial
bib-14,589,1,Content Illustration
bib-14,589,2,Content Illustration
bib-14,589,3,Content Illustration
bib-14,589,1,Initial
bib-14,589,2,Initial
bib-14,591,1,Content Illustration
bib-14,591,1,Initial
bib-14,592,1,Content Illustration
bib-14,592,2,Content Illustration
bib-14,592,1,Initial
bib-14,592,2,Initial
bib-14,593,1,Content Illustration
bib-14,593,2,Content Illustration
bib-14,593,3,Content Illustration
bib-14,593,4,Content Illustration
bib-14,593,1,Initial
bib-14,593,2,Initial
bib-14,593,3,Initial
bib-14,594,1,Content Illustration
bib-14,594,2,Content Illustration
bib-14,594,3,Content Illustration
bib-14,594,4,Content Illustration
bib-14,594,1,Initial
bib-14,594,2,Initial
bib-14,594,3,Initial
bib-14,594,4,Initial
bib-14,595,1,Content Illustration
bib-14,595,2,Content Illustration
bib-14,595,1,Initial
bib-14,595,2,Initial
bib-14,596,1,Content Illustration
bib-14,596,2,Content Illustration
bib-14,596,3,Content Illustration
bib-14,596,4,Content Illustration
bib-14,596,5,Content Illustration
bib-14,596,6,Content Illustration
bib-14,596,7,Content Illustration
bib-14,596,8,Content Illustration
bib-14,596,9,Content Illustration
bib-14,596,1,Initial
bib-14,596,2,Initial
bib-14,596,3,Initial
bib-14,597,1,Content Illustration
bib-14,597,2,Content Illustration
bib-14,597,3,Content Illustration
bib-14,597,1,Initial
bib-14,597,2,Initial
bib-14,597,3,Initial
bib-14,598,1,Content Illustration
bib-14,598,2,Content Illustration
bib-14,598,1,Initial
bib-14,598,2,Initial
bib-14,599,1,Content Illustration
bib-14,599,2,Content Illustration
bib-14,599,3,Content Illustration
bib-14,599,1,Initial
bib-14,599,2,Initial
bib-14,600,1,Content Illustration
bib-14,600,2,Content Illustration
bib-14,600,1,Initial
bib-14,600,2,Initial
bib-14,600,3,Initial
bib-14,601,1,Content Illustration
bib-14,601,1,Initial
bib-14,601,2,Initial
bib-14,602,1,Content Illustration
bib-14,602,2,Content Illustration
bib-14,602,1,Initial
bib-14,602,2,Initial
bib-14,603,1,Initial
bib-14,604,1,Initial
bib-14,604,2,Initial
bib-14,605,1,Content Illustration
bib-14,605,2,Content Illustration
bib-14,605,3,Content Illustration
bib-14,605,1,Initial
bib-14,605,2,Initial
bib-14,605,3,Initial
bib-14,605,4,Initial
bib-14,606,1,Content Illustration
bib-14,606,2,Content Illustration
bib-14,606,3,Content Illustration
bib-14,606,1,Initial
bib-14,606,2,Initial
bib-14,606,3,Initial
bib-14,606,4,Initial
bib-14,607,1,Content Illustration
bib-14,607,2,Content Illustration
bib-14,607,3,Content Illustration
bib-14,607,4,Content Illustration
bib-14,607,5,Content Illustration
bib-14,607,6,Content Illustration
bib-14,607,1,Initial
bib-14,607,2,Initial
bib-14,607,3,Initial
bib-14,607,4,Initial
bib-14,607,5,Initial
bib-14,607,6,Initial
bib-14,607,7,Initial
bib-14,608,1,Content Illustration
bib-14,608,2,Content Illustration
bib-14,608,3,Content Illustration
bib-14,608,4,Content Illustration
bib-14,608,5,Content Illustration
bib-14,608,6,Content Illustration
bib-14,608,1,Initial
bib-14,608,2,Initial
bib-14,608,3,Initial
bib-14,608,4,Initial
bib-14,609,1,Content Illustration
bib-14,609,2,Content Illustration
bib-14,609,3,Content Illustration
bib-14,609,4,Content Illustration
bib-14,609,1,Initial
bib-14,609,2,Initial
bib-14,609,3,Initial
bib-14,609,4,Initial
bib-14,610,1,Content Illustration
bib-14,610,1,Initial
bib-14,610,2,Initial
bib-14,611,1,Content Illustration
bib-14,611,2,Content Illustration
bib-14,611,1,Initial
bib-14,611,2,Initial
bib-14,611,3,Initial
bib-14,611,4,Initial
bib-14,612,1,Initial
bib-14,612,2,Initial
bib-14,612,3,Initial
bib-14,612,4,Initial
bib-14,612,5,Initial
bib-14,613,1,Content Illustration
bib-14,613,2,Content Illustration
bib-14,613,3,Content Illustration
bib-14,613,4,Content Illustration
bib-14,613,1,Initial
bib-14,613,2,Initial
bib-14,613,3,Initial
bib-14,613,4,Initial
bib-14,613,5,Initial
bib-14,613,6,Initial
bib-14,614,1,Content Illustration
bib-14,614,2,Content Illustration
bib-14,614,3,Content Illustration
bib-14,614,4,Content Illustration
bib-14,614,1,Initial
bib-14,614,2,Initial
bib-14,614,3,Initial
bib-14,614,4,Initial
bib-14,614,5,Initial
bib-14,615,1,Content Illustration
bib-14,615,2,Content Illustration
bib-14,615,3,Content Illustration
bib-14,615,4,Content Illustration
bib-14,615,5,Content Illustration
bib-14,615,1,Initial
bib-14,615,2,Initial
bib-14,615,3,Initial
bib-14,615,4,Initial
bib-14,615,5,Initial
bib-14,615,6,Initial
bib-14,616,1,Content Illustration
bib-14,616,2,Content Illustration
bib-14,616,3,Content Illustration
bib-14,616,4,Content Illustration
bib-14,616,1,Initial
bib-14,616,2,Initial
bib-14,616,3,Initial
bib-14,616,4,Initial
bib-14,616,5,Initial
bib-14,617,1,Content Illustration
bib-14,617,2,Content Illustration
bib-14,617,3,Content Illustration
bib-14,617,1,Initial
bib-14,621,1,Initial
1496,103,1,Content Illustration
1496,104,1,Content Illustration
1496,108,1,Content Illustration
1496,10,1,Content Illustration
1496,10,2,Content Illustration
1496,10,3,Content Illustration
1496,115,1,Content Illustration
1496,118,1,Content Illustration
1496,11,1,Content Illustration
1496,11,2,Content Illustration
1496,11,3,Content Illustration
1496,11,4,Content Illustration
1496,11,5,Content Illustration
1496,11,6,Content Illustration
1496,11,7,Content Illustration
1496,11,8,Content Illustration
1496,12,1,Content Illustration
1496,12,2,Content Illustration
1496,12,3,Content Illustration
1496,12,4,Content Illustration
1496,13,1,Content Illustration
1496,13,2,Content Illustration
1496,14,1,Content Illustration
1496,150,1,Content Illustration
1496,150,2,Content Illustration
1496,150,3,Content Illustration
1496,152,1,Content Illustration
1496,15,1,Content Illustration
1496,17,1,Content Illustration
1496,17,2,Content Illustration
1496,17,3,Content Illustration
1496,17,4,Content Illustration
1496,18,1,Content Illustration
1496,18,2,Content Illustration
1496,18,3,Content Illustration
1496,19,1,Content Illustration
1496,19,2,Content Illustration
1496,22,1,Content Illustration
1496,22,2,Content Illustration
1496,22,3,Content Illustration
1496,24,1,Content Illustration
1496,24,2,Content Illustration
1496,24,3,Content Illustration
1496,24,4,Content Illustration
1496,24,5,Content Illustration
1496,24,6,Content Illustration
1496,24,7,Content Illustration
1496,25,1,Content Illustration
1496,25,2,Content Illustration
1496,26,1,Content Illustration
1496,26,2,Content Illustration
1496,26,3,Content Illustration
1496,29,1,Content Illustration
1496,30,1,Content Illustration
1496,30,2,Content Illustration
1496,30,3,Content Illustration
1496,30,4,Content Illustration
1496,30,5,Content Illustration
1496,30,6,Content Illustration
1496,33,1,Content Illustration
1496,33,2,Content Illustration
1496,33,3,Content Illustration
1496,34,1,Content Illustration
1496,34,2,Content Illustration
1496,34,3,Content Illustration
1496,34,4,Content Illustration
1496,36,1,Content Illustration
1496,36,2,Content Illustration
1496,36,3,Content Illustration
1496,42,1,Content Illustration
1496,42,2,Content Illustration
1496,44,1,Content Illustration
1496,44,2,Content Illustration
1496,44,3,Content Illustration
1496,44,4,Content Illustration
1496,44,5,Content Illustration
1496,48,1,Content Illustration
1496,48,2,Content Illustration
1496,48,3,Content Illustration
1496,49,1,Content Illustration
1496,55,1,Content Illustration
1496,56,1,Content Illustration
1496,58,1,Content Illustration
1496,60,1,Content Illustration
1496,63,1,Content Illustration
1496,64,1,Content Illustration
1496,64,2,Content Illustration
1496,64,3,Content Illustration
1496,64,4,Content Illustration
1496,65,1,Content Illustration
1496,70,1,Content Illustration
1496,70,2,Content Illustration
1496,70,3,Content Illustration
1496,70,4,Content Illustration
1496,70,5,Content Illustration
1496,71,1,Content Illustration
1496,72,1,Content Illustration
1496,72,2,Content Illustration
1496,73,1,Content Illustration
1496,74,1,Content Illustration
1496,74,2,Content Illustration
1496,76,1,Content Illustration
1496,77,1,Content Illustration
1496,77,2,Content Illustration
1496,7,1,Content Illustration
1496,80,1,Content Illustration
1496,80,2,Content Illustration
1496,80,3,Content Illustration
1496,80,4,Content Illustration
1496,80,5,Content Illustration
1496,80,6,Content Illustration
1496,80,7,Content Illustration
1496,81,1,Content Illustration
1496,81,2,Content Illustration
1496,81,3,Content Illustration
1496,82,1,Content Illustration
1496,82,2,Content Illustration
1496,82,3,Content Illustration
1496,82,4,Content Illustration
1496,82,5,Content Illustration
1496,82,6,Content Illustration
1496,82,7,Content Illustration
1496,82,8,Content Illustration
1496,82,9,Content Illustration
1496,84,1,Content Illustration
1496,84,2,Content Illustration
1496,84,3,Content Illustration
1496,86,1,Content Illustration
1496,86,2,Content Illustration
1496,86,3,Content Illustration
1496,86,4,Content Illustration
1496,8,1,Content Illustration
1496,8,2,Content Illustration
1496,8,3,Content Illustration
1496,8,4,Content Illustration
1496,9,1,Content Illustration
1496,9,2,Content Illustration
1496,9,3,Content Illustration
1496,9,4,Content Illustration
1496,9,5,Content Illustration
1496,9,6,Content Illustration
1496,9,7,Content Illustration
1496,9,8,Content Illustration
bib-155,1,1,Initial
bib-155,8,1,Content Illustration
bib-155,8,1,Printer's Mark
bib-155,12,1,Content Illustration
bib-155,15,1,Initial
bib-155,15,1,Printer's Mark
bib-155,22,1,Initial
bib-155,23,1,Initial
bib-155,83,1,Content Illustration
bib-155,84,1,Initial
bib-155,85,1,Content Illustration
bib-155,101,1,Content Illustration
bib-155,127,1,Content Illustration
bib-155,142,1,Printer's Mark
bib-155,165,1,Content Illustration
bib-155,176,1,Content Illustration
bib-155,184,1,Content Illustration
bib-155,189,1,Content Illustration
bib-155,190,1,Content Illustration
bib-155,190,2,Content Illustration
bib-155,190,3,Content Illustration
bib-155,190,4,Content Illustration
bib-155,190,5,Content Illustration
bib-155,190,6,Content Illustration
bib-155,200,1,Content Illustration
bib-155,203,1,Initial
bib-155,204,1,Content Illustration
bib-155,208,1,Content Illustration
bib-155,216,1,Table
bib-155,223,1,Table
bib-155,232,1,Content Illustration
bib-155,232,2,Content Illustration
bib-155,232,3,Content Illustration
bib-155,232,4,Content Illustration
bib-155,232,5,Content Illustration
bib-155,232,6,Content Illustration
bib-155,232,7,Content Illustration
bib-155,232,8,Content Illustration
bib-155,232,9,Content Illustration
bib-155,232,10,Content Illustration
bib-155,232,11,Content Illustration
bib-155,232,12,Content Illustration
bib-155,232,13,Content Illustration
bib-155,232,14,Content Illustration
bib-155,232,15,Content Illustration
bib-155,233,1,Content Illustration
bib-155,233,2,Content Illustration
bib-155,233,3,Content Illustration
bib-155,233,4,Content Illustration
bib-155,233,5,Content Illustration
bib-155,234,1,Content Illustration
bib-155,234,2,Content Illustration
bib-155,234,3,Content Illustration
bib-155,234,4,Content Illustration
bib-155,234,5,Content Illustration
bib-155,234,6,Content Illustration
bib-155,235,1,Content Illustration
bib-155,235,2,Content Illustration
bib-155,235,3,Content Illustration
bib-155,235,4,Content Illustration
bib-155,235,5,Content Illustration
bib-155,235,6,Content Illustration
bib-155,235,7,Content Illustration
bib-155,235,8,Content Illustration
bib-155,235,9,Content Illustration
bib-155,236,1,Content Illustration
bib-155,236,2,Content Illustration
bib-155,236,3,Content Illustration
bib-155,236,4,Content Illustration
bib-155,236,5,Content Illustration
bib-155,236,6,Content Illustration
bib-155,236,7,Content Illustration
bib-155,237,1,Content Illustration
bib-155,237,2,Content Illustration
bib-155,237,3,Content Illustration
bib-155,237,4,Content Illustration
bib-155,237,5,Content Illustration
bib-155,238,1,Content Illustration
bib-155,238,2,Content Illustration
bib-155,238,3,Content Illustration
bib-155,238,4,Content Illustration
bib-155,238,5,Content Illustration
bib-155,238,6,Content Illustration
bib-155,238,7,Content Illustration
bib-155,239,1,Content Illustration
bib-155,239,2,Content Illustration
bib-155,239,3,Content Illustration
bib-155,239,4,Content Illustration
bib-155,239,5,Content Illustration
bib-155,239,6,Content Illustration
bib-155,239,7,Content Illustration
bib-155,240,1,Content Illustration
bib-155,240,2,Content Illustration
bib-155,240,3,Content Illustration
bib-155,240,1,Decoration
bib-155,241,1,Content Illustration
bib-155,241,2,Content Illustration
bib-155,241,3,Content Illustration
bib-155,241,4,Content Illustration
bib-155,241,5,Content Illustration
bib-155,241,6,Content Illustration
bib-155,241,7,Content Illustration
bib-155,242,1,Content Illustration
bib-155,242,2,Content Illustration
bib-155,242,3,Content Illustration
bib-155,242,4,Content Illustration
bib-155,242,5,Content Illustration
bib-155,242,6,Content Illustration
bib-155,243,1,Content Illustration
bib-155,243,2,Content Illustration
bib-155,243,3,Content Illustration
bib-155,243,4,Content Illustration
bib-155,243,5,Content Illustration
bib-155,243,6,Content Illustration
bib-155,244,1,Content Illustration
bib-155,244,2,Content Illustration
bib-155,244,3,Content Illustration
bib-155,244,4,Content Illustration
bib-155,245,1,Content Illustration
bib-155,245,2,Content Illustration
bib-155,245,3,Content Illustration
bib-155,245,4,Content Illustration
bib-155,245,5,Content Illustration
bib-155,246,1,Content Illustration
bib-155,246,2,Content Illustration
bib-155,246,3,Content Illustration
bib-155,246,4,Content Illustration
bib-155,246,5,Content Illustration
bib-155,246,6,Content Illustration
bib-155,246,7,Content Illustration
bib-155,247,1,Content Illustration
bib-155,247,2,Content Illustration
bib-155,247,3,Content Illustration
bib-155,247,4,Content Illustration
bib-155,247,5,Content Illustration
bib-155,248,1,Content Illustration
bib-155,248,2,Content Illustration
bib-155,248,3,Content Illustration
bib-155,248,4,Content Illustration
bib-155,248,5,Content Illustration
bib-155,248,6,Content Illustration
bib-155,249,1,Content Illustration
bib-155,249,2,Content Illustration
bib-155,249,3,Content Illustration
bib-155,249,4,Content Illustration
bib-155,250,1,Content Illustration
bib-155,250,2,Content Illustration
bib-155,250,3,Content Illustration
bib-155,251,1,Content Illustration
bib-155,253,1,Content Illustration
bib-155,253,2,Content Illustration
bib-155,254,1,Content Illustration
bib-155,255,1,Content Illustration
bib-155,255,2,Content Illustration
bib-155,255,3,Content Illustration
bib-155,255,4,Content Illustration
bib-155,256,1,Content Illustration
bib-155,256,2,Content Illustration
bib-155,256,3,Content Illustration
bib-155,256,4,Content Illustration
bib-155,256,5,Content Illustration
bib-155,257,1,Content Illustration
bib-155,257,2,Content Illustration
bib-155,258,1,Content Illustration
bib-155,258,2,Content Illustration
bib-155,258,3,Content Illustration
bib-155,258,4,Content Illustration
bib-155,258,5,Content Illustration
bib-155,258,6,Content Illustration
bib-155,258,7,Content Illustration
bib-155,258,8,Content Illustration
bib-155,258,9,Content Illustration
bib-155,259,1,Content Illustration
bib-155,259,2,Content Illustration
bib-155,259,3,Content Illustration
bib-155,259,4,Content Illustration
bib-155,260,1,Content Illustration
bib-155,260,2,Content Illustration
bib-155,260,3,Content Illustration
bib-155,260,4,Content Illustration
bib-155,260,1,Initial
bib-155,261,1,Content Illustration
bib-155,261,2,Content Illustration
bib-155,262,1,Content Illustration
bib-155,262,1,Initial
bib-155,263,1,Content Illustration
bib-155,265,1,Content Illustration
bib-155,265,2,Content Illustration
bib-155,266,1,Content Illustration
bib-155,266,2,Content Illustration
bib-155,267,1,Content Illustration
bib-155,272,1,Content Illustration
bib-155,273,1,Content Illustration
bib-155,275,1,Content Illustration
bib-155,279,1,Content Illustration
bib-155,279,2,Content Illustration
bib-155,280,1,Content Illustration
bib-155,280,2,Content Illustration
bib-155,281,1,Content Illustration
bib-155,283,1,Content Illustration
bib-155,284,1,Content Illustration
bib-155,284,2,Content Illustration
bib-155,286,1,Content Illustration
bib-155,289,1,Content Illustration
bib-155,290,1,Content Illustration
bib-155,291,1,Content Illustration
bib-155,292,1,Content Illustration
bib-155,293,1,Content Illustration
bib-155,293,2,Content Illustration
bib-155,293,3,Content Illustration
bib-155,295,1,Content Illustration
bib-155,297,1,Content Illustration
bib-155,298,1,Content Illustration
bib-155,300,1,Content Illustration
bib-155,302,1,Content Illustration
bib-155,304,1,Content Illustration
bib-155,305,1,Content Illustration
bib-155,318,1,Content Illustration
bib-155,320,1,Content Illustration
bib-155,323,1,Content Illustration
bib-155,324,1,Content Illustration
bib-155,357,1,Content Illustration
bib-155,369,1,Content Illustration
bib-155,380,1,Content Illustration
bib-155,380,2,Content Illustration
bib-155,381,1,Content Illustration
bib-155,397,1,Content Illustration
bib-155,397,1,Printer's Mark
bib-155,401,1,Content Illustration
bib-155,402,1,Content Illustration
bib-155,404,1,Content Illustration
bib-155,404,2,Content Illustration
bib-155,411,1,Content Illustration
bib-155,415,1,Content Illustration
bib-155,415,2,Content Illustration
bib-155,415,1,Decoration
bib-155,419,1,Content Illustration
bib-155,420,1,Content Illustration
bib-155,431,1,Content Illustration
bib-155,431,1,Printer's Mark
bib-155,434,1,Content Illustration
bib-155,448,1,Content Illustration
bib-155,448,2,Content Illustration
bib-155,450,1,Content Illustration
bib-155,451,1,Content Illustration
bib-155,451,2,Content Illustration
bib-155,451,3,Content Illustration
bib-155,451,4,Content Illustration
bib-155,451,5,Content Illustration
bib-155,452,1,Content Illustration
bib-155,452,2,Content Illustration
bib-155,452,3,Content Illustration
bib-155,462,1,Content Illustration
bib-155,472,1,Initial
bib-155,488,1,Content Illustration
bib-155,504,1,Content Illustration
bib-155,519,1,Content Illustration
bib-155,523,1,Content Illustration
bib-155,527,1,Initial
bib-155,557,1,Content Illustration
bib-155,611,1,Printer's Mark
bib-174,1,1,Decoration
bib-174,1,1,Initial
bib-174,3,1,Initial
bib-174,10,1,Content Illustration
bib-174,10,2,Content Illustration
bib-174,14,1,Content Illustration
bib-174,15,1,Content Illustration
bib-174,15,2,Content Illustration
bib-174,16,1,Content Illustration
bib-174,16,2,Content Illustration
bib-174,17,1,Content Illustration
bib-174,17,2,Content Illustration
bib-174,17,3,Content Illustration
bib-174,17,4,Content Illustration
bib-174,17,5,Content Illustration
bib-174,19,1,Content Illustration
bib-174,19,2,Content Illustration
bib-174,19,3,Content Illustration
bib-174,19,4,Content Illustration
bib-174,20,1,Content Illustration
bib-174,21,1,Content Illustration
bib-174,22,1,Content Illustration
bib-174,24,1,Content Illustration
bib-174,24,2,Content Illustration
bib-174,24,3,Content Illustration
bib-174,24,4,Content Illustration
bib-174,24,5,Content Illustration
bib-174,24,6,Content Illustration
bib-174,24,7,Content Illustration
bib-174,25,1,Content Illustration
bib-174,25,2,Content Illustration
bib-174,25,3,Content Illustration
bib-174,25,4,Content Illustration
bib-174,25,5,Content Illustration
bib-174,25,6,Content Illustration
bib-174,26,1,Content Illustration
bib-174,26,2,Content Illustration
bib-174,26,3,Content Illustration
bib-174,26,4,Content Illustration
bib-174,26,5,Content Illustration
bib-174,26,6,Content Illustration
bib-174,26,7,Content Illustration
bib-174,26,8,Content Illustration
bib-174,27,1,Content Illustration
bib-174,27,2,Content Illustration
bib-174,27,3,Content Illustration
bib-174,27,4,Content Illustration
bib-174,27,5,Content Illustration
bib-174,27,6,Content Illustration
bib-174,27,7,Content Illustration
bib-174,28,1,Content Illustration
bib-174,28,2,Content Illustration
bib-174,28,3,Content Illustration
bib-174,29,1,Content Illustration
bib-174,29,2,Content Illustration
bib-174,29,3,Content Illustration
bib-174,29,4,Content Illustration
bib-174,29,5,Content Illustration
bib-174,29,6,Content Illustration
bib-174,29,7,Content Illustration
bib-174,30,1,Content Illustration
bib-174,30,2,Content Illustration
bib-174,30,3,Content Illustration
bib-174,30,4,Content Illustration
bib-174,30,5,Content Illustration
bib-174,30,6,Content Illustration
bib-174,30,7,Content Illustration
bib-174,30,8,Content Illustration
bib-174,30,9,Content Illustration
bib-174,30,10,Content Illustration
bib-174,31,1,Content Illustration
bib-174,31,2,Content Illustration
bib-174,31,3,Content Illustration
bib-174,31,4,Content Illustration
bib-174,31,5,Content Illustration
bib-174,31,6,Content Illustration
bib-174,31,7,Content Illustration
bib-174,31,8,Content Illustration
bib-174,31,9,Content Illustration
bib-174,32,1,Content Illustration
bib-174,32,2,Content Illustration
bib-174,32,3,Content Illustration
bib-174,32,4,Content Illustration
bib-174,32,5,Content Illustration
bib-174,32,6,Content Illustration
bib-174,32,7,Content Illustration
bib-174,33,1,Content Illustration
bib-174,33,2,Content Illustration
bib-174,33,3,Content Illustration
bib-174,33,4,Content Illustration
bib-174,33,5,Content Illustration
bib-174,34,1,Content Illustration
bib-174,34,2,Content Illustration
bib-174,34,3,Content Illustration
bib-174,34,4,Content Illustration
bib-174,34,5,Content Illustration
bib-174,34,6,Content Illustration
bib-174,35,1,Content Illustration
bib-174,35,2,Content Illustration
bib-174,35,3,Content Illustration
bib-174,36,1,Content Illustration
bib-174,36,2,Content Illustration
bib-174,36,3,Content Illustration
bib-174,36,4,Content Illustration
bib-174,36,5,Content Illustration
bib-174,36,6,Content Illustration
bib-174,37,1,Content Illustration
bib-174,37,2,Content Illustration
bib-174,37,3,Content Illustration
bib-174,37,4,Content Illustration
bib-174,37,5,Content Illustration
bib-174,37,6,Content Illustration
bib-174,37,7,Content Illustration
bib-174,37,8,Content Illustration
bib-174,38,1,Content Illustration
bib-174,38,2,Content Illustration
bib-174,38,3,Content Illustration
bib-174,38,4,Content Illustration
bib-174,38,5,Content Illustration
bib-174,38,6,Content Illustration
bib-174,38,7,Content Illustration
bib-174,38,8,Content Illustration
bib-174,39,1,Content Illustration
bib-174,39,2,Content Illustration
bib-174,39,3,Content Illustration
bib-174,39,4,Content Illustration
bib-174,39,5,Content Illustration
bib-174,39,6,Content Illustration
bib-174,39,7,Content Illustration
bib-174,39,8,Content Illustration
bib-174,39,9,Content Illustration
bib-174,40,1,Content Illustration
bib-174,40,2,Content Illustration
bib-174,40,3,Content Illustration
bib-174,40,4,Content Illustration
bib-174,40,5,Content Illustration
bib-174,40,6,Content Illustration
bib-174,40,7,Content Illustration
bib-174,40,8,Content Illustration
bib-174,40,9,Content Illustration
bib-174,41,1,Content Illustration
bib-174,41,2,Content Illustration
bib-174,41,3,Content Illustration
bib-174,41,4,Content Illustration
bib-174,41,5,Content Illustration
bib-174,41,6,Content Illustration
bib-174,41,7,Content Illustration
bib-174,41,8,Content Illustration
bib-174,41,9,Content Illustration
bib-174,41,10,Content Illustration
bib-174,41,11,Content Illustration
bib-174,41,12,Content Illustration
bib-174,42,1,Content Illustration
bib-174,42,2,Content Illustration
bib-174,42,3,Content Illustration
bib-174,42,4,Content Illustration
bib-174,42,5,Content Illustration
bib-174,42,6,Content Illustration
bib-174,42,7,Content Illustration
bib-174,42,8,Content Illustration
bib-174,42,9,Content Illustration
bib-174,42,10,Content Illustration
bib-174,43,1,Content Illustration
bib-174,43,2,Content Illustration
bib-174,43,3,Content Illustration
bib-174,43,4,Content Illustration
bib-174,44,1,Content Illustration
bib-174,44,2,Content Illustration
bib-174,44,3,Content Illustration
bib-174,44,4,Content Illustration
bib-174,44,5,Content Illustration
bib-174,44,6,Content Illustration
bib-174,44,7,Content Illustration
bib-174,44,8,Content Illustration
bib-174,45,1,Content Illustration
bib-174,45,2,Content Illustration
bib-174,45,3,Content Illustration
bib-174,45,4,Content Illustration
bib-174,45,5,Content Illustration
bib-174,45,6,Content Illustration
bib-174,45,7,Content Illustration
bib-174,45,8,Content Illustration
bib-174,45,9,Content Illustration
bib-174,45,10,Content Illustration
bib-174,45,11,Content Illustration
bib-174,45,12,Content Illustration
bib-174,45,13,Content Illustration
bib-174,46,1,Content Illustration
bib-174,46,2,Content Illustration
bib-174,47,1,Table
bib-174,49,1,Content Illustration
bib-174,49,2,Content Illustration
bib-174,49,3,Content Illustration
bib-174,49,4,Content Illustration
bib-174,49,5,Content Illustration
bib-174,49,6,Content Illustration
bib-174,50,1,Content Illustration
bib-174,50,2,Content Illustration
bib-174,50,3,Content Illustration
bib-174,50,4,Content Illustration
bib-174,50,5,Content Illustration
bib-174,50,6,Content Illustration
bib-174,50,7,Content Illustration
bib-174,50,8,Content Illustration
bib-174,50,9,Content Illustration
bib-174,51,1,Content Illustration
bib-174,51,2,Content Illustration
bib-174,51,3,Content Illustration
bib-174,51,4,Content Illustration
bib-174,51,5,Content Illustration
bib-174,51,6,Content Illustration
bib-174,51,7,Content Illustration
bib-174,51,8,Content Illustration
bib-174,51,9,Content Illustration
bib-174,52,1,Content Illustration
bib-174,52,2,Content Illustration
bib-174,52,3,Content Illustration
bib-174,52,4,Content Illustration
bib-174,52,5,Content Illustration
bib-174,52,6,Content Illustration
bib-174,53,1,Content Illustration
bib-174,53,2,Content Illustration
bib-174,53,3,Content Illustration
bib-174,53,4,Content Illustration
bib-174,53,5,Content Illustration
bib-174,53,6,Content Illustration
bib-174,53,7,Content Illustration
bib-174,53,8,Content Illustration
bib-174,53,9,Content Illustration
bib-174,53,10,Content Illustration
bib-174,54,1,Content Illustration
bib-174,54,2,Content Illustration
bib-174,54,3,Content Illustration
bib-174,54,4,Content Illustration
bib-174,54,5,Content Illustration
bib-174,54,6,Content Illustration
bib-174,54,7,Content Illustration
bib-174,55,1,Content Illustration
bib-174,55,2,Content Illustration
bib-174,55,3,Content Illustration
bib-174,55,4,Content Illustration
bib-174,55,5,Content Illustration
bib-174,55,6,Content Illustration
bib-174,55,7,Content Illustration
bib-174,56,1,Content Illustration
bib-174,56,2,Content Illustration
bib-174,56,3,Content Illustration
bib-174,56,4,Content Illustration
bib-174,56,5,Content Illustration
bib-174,56,6,Content Illustration
bib-174,56,7,Content Illustration
bib-174,56,8,Content Illustration
bib-174,56,9,Content Illustration
bib-174,56,10,Content Illustration
bib-174,57,1,Content Illustration
bib-174,57,2,Content Illustration
bib-174,57,3,Content Illustration
bib-174,58,1,Content Illustration
bib-174,58,2,Content Illustration
bib-174,58,3,Content Illustration
bib-174,58,4,Content Illustration
bib-174,58,5,Content Illustration
bib-174,59,1,Content Illustration
bib-174,59,2,Content Illustration
bib-174,59,3,Content Illustration
bib-174,59,4,Content Illustration
bib-174,59,5,Content Illustration
bib-174,59,6,Content Illustration
bib-174,60,1,Content Illustration
bib-174,60,2,Content Illustration
bib-174,60,3,Content Illustration
bib-174,60,4,Content Illustration
bib-174,60,5,Content Illustration
bib-174,60,6,Content Illustration
bib-174,60,7,Content Illustration
bib-174,61,1,Content Illustration
bib-174,61,2,Content Illustration
bib-174,61,3,Content Illustration
bib-174,61,4,Content Illustration
bib-174,62,1,Content Illustration
bib-174,62,2,Content Illustration
bib-174,62,3,Content Illustration
bib-174,62,4,Content Illustration
bib-174,62,5,Content Illustration
bib-174,62,6,Content Illustration
bib-174,63,1,Content Illustration
bib-174,63,2,Content Illustration
bib-174,64,1,Content Illustration
bib-174,64,2,Content Illustration
bib-174,64,3,Content Illustration
bib-174,64,4,Content Illustration
bib-174,64,5,Content Illustration
bib-174,64,6,Content Illustration
bib-174,65,1,Content Illustration
bib-174,65,2,Content Illustration
bib-174,65,3,Content Illustration
bib-174,65,4,Content Illustration
bib-174,66,1,Content Illustration
bib-174,66,2,Content Illustration
bib-174,66,3,Content Illustration
bib-174,66,4,Content Illustration
bib-174,67,1,Content Illustration
bib-174,67,2,Content Illustration
bib-174,67,3,Content Illustration
bib-174,68,1,Content Illustration
bib-174,68,2,Content Illustration
bib-174,68,3,Content Illustration
bib-174,69,1,Content Illustration
bib-174,69,2,Content Illustration
bib-174,69,3,Content Illustration
bib-174,69,4,Content Illustration
bib-174,69,5,Content Illustration
bib-174,69,6,Content Illustration
bib-174,69,7,Content Illustration
bib-174,70,1,Content Illustration
bib-174,70,2,Content Illustration
bib-174,70,3,Content Illustration
bib-174,71,1,Content Illustration
bib-174,72,1,Content Illustration
bib-174,72,2,Content Illustration
bib-174,72,3,Content Illustration
bib-174,72,4,Content Illustration
bib-174,72,5,Content Illustration
bib-174,72,6,Content Illustration
bib-174,72,7,Content Illustration
bib-174,72,8,Content Illustration
bib-174,72,9,Content Illustration
bib-174,73,1,Content Illustration
bib-174,74,1,Content Illustration
bib-174,74,2,Content Illustration
bib-174,75,1,Content Illustration
bib-174,75,2,Content Illustration
bib-174,75,3,Content Illustration
bib-174,76,1,Content Illustration
bib-174,77,1,Content Illustration
bib-174,77,2,Content Illustration
bib-174,77,3,Content Illustration
bib-174,78,1,Content Illustration
bib-174,79,1,Content Illustration
bib-174,80,1,Content Illustration
bib-174,80,2,Content Illustration
bib-174,80,3,Content Illustration
bib-174,81,1,Content Illustration
bib-174,81,2,Content Illustration
bib-174,83,1,Content Illustration
bib-174,83,2,Content Illustration
bib-174,84,1,Content Illustration
bib-174,84,2,Content Illustration
bib-174,84,3,Content Illustration
bib-174,84,4,Content Illustration
bib-174,84,5,Content Illustration
bib-174,85,1,Content Illustration
bib-174,85,2,Content Illustration
bib-174,86,1,Content Illustration
bib-174,86,2,Content Illustration
bib-174,86,3,Content Illustration
bib-174,87,1,Content Illustration
bib-174,87,2,Content Illustration
bib-174,87,3,Content Illustration
bib-174,87,4,Content Illustration
bib-174,88,1,Content Illustration
bib-174,88,2,Content Illustration
bib-174,88,3,Content Illustration
bib-174,88,4,Content Illustration
bib-174,88,1,Initial
bib-174,89,1,Content Illustration
bib-174,90,1,Content Illustration
bib-174,90,2,Content Illustration
bib-174,94,1,Content Illustration
bib-174,94,2,Content Illustration
bib-174,94,3,Content Illustration
bib-174,95,1,Content Illustration
bib-174,95,2,Content Illustration
bib-174,96,1,Content Illustration
bib-174,96,2,Content Illustration
bib-174,96,3,Content Illustration
bib-174,96,4,Content Illustration
bib-174,97,1,Content Illustration
bib-174,97,2,Content Illustration
bib-174,97,3,Content Illustration
bib-174,98,1,Content Illustration
bib-174,98,2,Content Illustration
bib-174,98,3,Content Illustration
bib-174,98,4,Content Illustration
bib-174,98,5,Content Illustration
bib-174,99,1,Content Illustration
bib-174,99,2,Content Illustration
bib-174,99,3,Content Illustration
bib-174,99,4,Content Illustration
bib-174,99,5,Content Illustration
bib-174,100,1,Content Illustration
bib-174,100,2,Content Illustration
bib-174,100,3,Content Illustration
bib-174,100,4,Content Illustration
bib-174,101,1,Content Illustration
bib-174,101,2,Content Illustration
bib-174,101,3,Content Illustration
bib-174,101,4,Content Illustration
bib-174,102,1,Content Illustration
bib-174,102,2,Content Illustration
bib-174,103,1,Content Illustration
bib-174,103,2,Content Illustration
bib-174,103,3,Content Illustration
bib-174,103,4,Content Illustration
bib-174,103,5,Content Illustration
bib-174,103,6,Content Illustration
bib-174,103,7,Content Illustration
bib-174,103,8,Content Illustration
bib-174,104,1,Content Illustration
bib-174,104,2,Content Illustration
bib-174,104,3,Content Illustration
bib-174,104,4,Content Illustration
bib-174,104,5,Content Illustration
bib-174,104,6,Content Illustration
bib-174,104,7,Content Illustration
bib-174,105,1,Content Illustration
bib-174,105,2,Content Illustration
bib-174,105,3,Content Illustration
bib-174,105,4,Content Illustration
bib-174,116,1,Content Illustration
bib-174,117,1,Content Illustration
bib-174,121,1,Content Illustration
bib-174,124,1,Content Illustration
bib-174,124,2,Content Illustration
bib-174,127,1,Content Illustration
bib-174,130,1,Content Illustration
bib-174,144,1,Content Illustration
93PZQ5,1,1,Initial
93PZQ5,4,1,Content Illustration
93PZQ5,5,1,Content Illustration
93PZQ5,9,1,Content Illustration
93PZQ5,13,1,Content Illustration
93PZQ5,17,1,Content Illustration
93PZQ5,17,2,Content Illustration
93PZQ5,17,3,Content Illustration
93PZQ5,18,1,Content Illustration
93PZQ5,18,2,Content Illustration
93PZQ5,19,1,Content Illustration
93PZQ5,19,2,Content Illustration
93PZQ5,19,3,Content Illustration
93PZQ5,20,1,Content Illustration
93PZQ5,21,1,Content Illustration
93PZQ5,21,2,Content Illustration
93PZQ5,23,1,Content Illustration
93PZQ5,23,2,Content Illustration
93PZQ5,25,1,Content Illustration
93PZQ5,25,2,Content Illustration
93PZQ5,27,1,Content Illustration
93PZQ5,29,1,Content Illustration
93PZQ5,29,2,Content Illustration
93PZQ5,31,1,Content Illustration
93PZQ5,33,1,Content Illustration
93PZQ5,33,2,Content Illustration
93PZQ5,35,1,Content Illustration
93PZQ5,37,1,Content Illustration
93PZQ5,39,1,Content Illustration
93PZQ5,41,1,Content Illustration
93PZQ5,41,2,Content Illustration
93PZQ5,43,1,Content Illustration
93PZQ5,43,2,Content Illustration
93PZQ5,45,1,Content Illustration
93PZQ5,47,1,Content Illustration
93PZQ5,47,2,Content Illustration
93PZQ5,49,1,Content Illustration
93PZQ5,51,1,Content Illustration
93PZQ5,51,2,Content Illustration
93PZQ5,53,1,Content Illustration
93PZQ5,55,1,Content Illustration
93PZQ5,57,1,Content Illustration
93PZQ5,57,2,Content Illustration
93PZQ5,59,1,Content Illustration
93PZQ5,61,1,Content Illustration
93PZQ5,61,2,Content Illustration
93PZQ5,63,1,Content Illustration
93PZQ5,63,2,Content Illustration
93PZQ5,65,1,Content Illustration
93PZQ5,65,2,Content Illustration
93PZQ5,67,1,Content Illustration
93PZQ5,69,1,Content Illustration
93PZQ5,69,2,Content Illustration
93PZQ5,71,1,Content Illustration
93PZQ5,71,2,Content Illustration
93PZQ5,73,1,Content Illustration
93PZQ5,75,1,Content Illustration
93PZQ5,77,1,Content Illustration
93PZQ5,79,1,Content Illustration
93PZQ5,79,2,Content Illustration
93PZQ5,81,1,Content Illustration
93PZQ5,81,2,Content Illustration
93PZQ5,81,3,Content Illustration
93PZQ5,83,1,Content Illustration
93PZQ5,85,1,Content Illustration
93PZQ5,87,1,Content Illustration
93PZQ5,88,1,Table
93PZQ5,89,1,Content Illustration
93PZQ5,91,1,Content Illustration
93PZQ5,91,1,Printer's Mark
93PZQ5,102,1,Content Illustration
93PZQ5,103,1,Content Illustration
bib-167,1,1,Decoration
bib-167,1,1,Initial
bib-167,7,1,Decoration
bib-167,8,1,Initial
bib-167,10,1,Content Illustration
bib-167,18,1,Content Illustration
bib-167,19,1,Initial
bib-167,21,1,Initial
bib-167,23,1,Initial
bib-167,25,1,Initial
bib-167,27,1,Initial
bib-167,29,1,Initial
bib-167,32,1,Initial
bib-167,33,1,Initial
bib-167,35,1,Content Illustration
bib-167,35,1,Initial
bib-167,36,1,Content Illustration
bib-167,37,1,Initial
bib-167,39,1,Initial
bib-167,42,1,Content Illustration
bib-167,43,1,Content Illustration
bib-167,43,2,Content Illustration
bib-167,43,3,Content Illustration
bib-167,43,4,Content Illustration
bib-167,44,1,Initial
bib-167,45,1,Content Illustration
bib-167,45,1,Decoration
bib-167,45,2,Decoration
bib-167,47,1,Initial
bib-167,48,1,Content Illustration
bib-167,49,1,Initial
bib-167,50,1,Initial
bib-167,51,1,Content Illustration
bib-167,51,2,Content Illustration
bib-167,52,1,Initial
bib-167,54,1,Initial
bib-167,56,1,Initial
bib-167,57,1,Content Illustration
bib-167,58,1,Content Illustration
bib-167,59,1,Initial
bib-167,61,1,Initial
bib-167,62,1,Content Illustration
bib-167,63,1,Initial
bib-167,64,1,Content Illustration
bib-167,64,2,Content Illustration
bib-167,65,1,Content Illustration
bib-167,65,1,Initial
bib-167,66,1,Content Illustration
bib-167,66,1,Initial
bib-167,68,1,Initial
bib-167,70,1,Content Illustration
bib-167,70,2,Content Illustration
bib-167,70,1,Initial
bib-167,71,1,Content Illustration
bib-167,71,2,Content Illustration
bib-167,71,3,Content Illustration
bib-167,71,4,Content Illustration
bib-167,72,1,Initial
bib-167,73,1,Initial
bib-167,75,1,Initial
bib-167,76,1,Initial
bib-167,78,1,Initial
bib-167,79,1,Content Illustration
bib-167,80,1,Initial
bib-167,81,1,Content Illustration
bib-167,82,1,Content Illustration
bib-167,82,2,Content Illustration
bib-167,83,1,Initial
bib-167,84,1,Content Illustration
bib-167,84,2,Content Illustration
bib-167,85,1,Content Illustration
bib-167,85,2,Content Illustration
bib-167,85,1,Initial
bib-167,87,1,Content Illustration
bib-167,88,1,Initial
bib-167,90,1,Content Illustration
bib-167,91,1,Initial
bib-167,92,1,Content Illustration
bib-167,92,2,Content Illustration
bib-167,92,3,Content Illustration
bib-167,93,1,Initial
bib-167,94,1,Content Illustration
bib-167,94,1,Initial
bib-167,96,1,Initial
bib-167,98,1,Content Illustration
bib-167,99,1,Initial
bib-167,100,1,Content Illustration
bib-167,101,1,Initial
bib-167,103,1,Content Illustration
bib-167,104,1,Initial
bib-167,106,1,Initial
bib-167,108,1,Initial
bib-167,109,1,Content Illustration
bib-167,110,1,Content Illustration
bib-167,110,1,Initial
bib-167,111,1,Content Illustration
bib-167,112,1,Initial
bib-167,113,1,Initial
bib-167,115,1,Initial
bib-167,117,1,Content Illustration
bib-167,117,1,Initial
bib-167,119,1,Initial
bib-167,121,1,Content Illustration
bib-167,121,2,Content Illustration
bib-167,122,1,Content Illustration
bib-167,123,1,Initial
bib-167,124,1,Table
bib-167,126,1,Content Illustration
bib-167,126,1,Printer's Mark
bib-167,130,1,Initial
bib-167,131,1,Content Illustration
bib-167,132,1,Content Illustration
bib-167,132,1,Initial
bib-167,134,1,Content Illustration
bib-167,134,2,Content Illustration
bib-167,134,3,Content Illustration
bib-167,134,1,Initial
bib-167,135,1,Content Illustration
bib-167,135,2,Content Illustration
bib-167,135,3,Content Illustration
bib-167,135,4,Content Illustration
bib-167,135,1,Initial
bib-167,137,1,Initial
bib-167,138,1,Content Illustration
bib-167,140,1,Initial
bib-167,141,1,Content Illustration
bib-167,141,2,Content Illustration
bib-167,142,1,Initial
bib-167,143,1,Initial
bib-167,145,1,Content Illustration
bib-167,145,1,Initial
bib-167,147,1,Content Illustration
bib-167,147,1,Initial
bib-167,148,1,Content Illustration
bib-167,148,1,Initial
bib-167,149,1,Content Illustration
bib-167,150,1,Content Illustration
bib-167,151,1,Initial
bib-167,152,1,Content Illustration
bib-167,152,1,Decoration
bib-167,154,1,Initial
bib-167,156,1,Initial
bib-167,159,1,Initial
bib-167,163,1,Content Illustration
bib-167,163,1,Initial
bib-167,165,1,Initial
bib-167,166,1,Content Illustration
bib-167,166,2,Content Illustration
bib-167,167,1,Content Illustration
bib-167,167,1,Initial
bib-167,168,1,Initial
bib-167,170,1,Content Illustration
bib-167,170,2,Content Illustration
bib-167,170,1,Initial
bib-167,171,1,Content Illustration
bib-167,171,2,Content Illustration
bib-167,171,3,Content Illustration
bib-167,171,4,Content Illustration
bib-167,171,1,Decoration
bib-167,172,1,Content Illustration
bib-167,172,1,Initial
bib-167,173,1,Content Illustration
bib-167,173,2,Content Illustration
bib-167,174,1,Initial
bib-167,175,1,Content Illustration
bib-167,176,1,Initial
bib-167,177,1,Content Illustration
bib-167,177,1,Initial
bib-167,178,1,Content Illustration
bib-167,179,1,Content Illustration
bib-167,179,1,Initial
bib-167,180,1,Content Illustration
bib-167,181,1,Initial
bib-167,182,1,Content Illustration
bib-167,182,2,Content Illustration
bib-167,182,1,Initial
bib-167,183,1,Content Illustration
bib-167,183,2,Content Illustration
bib-167,184,1,Content Illustration
bib-167,184,2,Content Illustration
bib-167,184,1,Initial
bib-167,185,1,Content Illustration
bib-167,185,2,Content Illustration
bib-167,187,1,Content Illustration
bib-167,187,2,Content Illustration
bib-167,187,1,Initial
bib-167,188,1,Content Illustration
bib-167,188,2,Content Illustration
bib-167,189,1,Content Illustration
bib-167,189,1,Initial
bib-167,190,1,Content Illustration
bib-167,190,2,Content Illustration
bib-167,191,1,Content Illustration
bib-167,191,1,Initial
bib-167,192,1,Content Illustration
bib-167,192,1,Initial
bib-167,193,1,Content Illustration
bib-167,194,1,Content Illustration
bib-167,195,1,Content Illustration
bib-167,195,2,Content Illustration
bib-167,195,3,Content Illustration
bib-167,196,1,Initial
bib-167,197,1,Initial
bib-167,198,1,Initial
bib-167,199,1,Initial
bib-167,200,1,Initial
bib-167,202,1,Initial
bib-167,203,1,Content Illustration
bib-167,205,1,Content Illustration
bib-167,206,1,Initial
bib-167,207,1,Initial
bib-167,208,1,Content Illustration
bib-167,208,2,Content Illustration
bib-167,209,1,Initial
bib-167,211,1,Content Illustration
bib-167,211,2,Content Illustration
bib-167,211,1,Initial
bib-167,213,1,Content Illustration
bib-167,213,2,Content Illustration
bib-167,213,1,Decoration
bib-167,213,1,Initial
bib-167,215,1,Initial
bib-167,216,1,Initial
bib-167,219,1,Initial
bib-167,221,1,Initial
bib-167,222,1,Initial
bib-167,224,1,Initial
bib-167,225,1,Content Illustration
bib-167,226,1,Initial
bib-167,228,1,Content Illustration
bib-167,228,1,Initial
bib-167,229,1,Content Illustration
bib-167,229,2,Content Illustration
bib-167,230,1,Content Illustration
bib-167,230,2,Content Illustration
bib-167,231,1,Content Illustration
bib-167,231,1,Initial
bib-167,232,1,Content Illustration
bib-167,233,1,Initial
bib-167,237,1,Initial
bib-167,238,1,Content Illustration
bib-167,238,1,Printer's Mark
bib-167,239,1,Content Illustration
bib-167,239,1,Initial
bib-167,240,1,Content Illustration
bib-167,241,1,Decoration
bib-167,241,1,Initial
bib-167,242,1,Content Illustration
bib-167,242,1,Initial
bib-167,243,1,Decoration
bib-167,243,1,Initial
bib-167,244,1,Initial
bib-167,245,1,Content Illustration
bib-167,246,1,Initial
bib-167,247,1,Initial
bib-167,248,1,Decoration
bib-167,248,1,Initial
bib-167,249,1,Decoration
bib-167,249,1,Initial
bib-167,250,1,Initial
bib-167,251,1,Initial
bib-167,252,1,Initial
bib-167,253,1,Decoration
bib-167,253,1,Initial
bib-167,254,1,Initial
bib-167,255,1,Decoration
bib-167,255,1,Initial
bib-167,255,2,Initial
bib-167,256,1,Initial
bib-167,258,1,Content Illustration
bib-167,259,1,Initial
bib-167,259,2,Initial
bib-167,260,1,Content Illustration
bib-167,261,1,Decoration
bib-167,261,1,Initial
bib-167,262,1,Initial
bib-167,263,1,Initial
bib-167,264,1,Initial
bib-167,264,2,Initial
bib-167,265,1,Initial
bib-167,266,1,Content Illustration
bib-167,266,1,Initial
bib-167,267,1,Content Illustration
bib-167,267,1,Initial
bib-167,268,1,Content Illustration
bib-167,268,1,Initial
bib-167,269,1,Decoration
bib-167,269,1,Initial
bib-167,269,2,Initial
bib-167,270,1,Content Illustration
bib-167,270,2,Content Illustration
bib-167,271,1,Content Illustration
bib-167,271,2,Content Illustration
bib-167,275,1,Content Illustration
bib-167,275,1,Decoration
bib-167,275,1,Initial
bib-167,276,1,Content Illustration
bib-167,276,1,Initial
bib-167,277,1,Content Illustration
bib-167,277,1,Initial
bib-167,278,1,Initial
bib-167,278,2,Initial
bib-167,280,1,Initial
bib-167,280,2,Initial
bib-167,281,1,Content Illustration
bib-167,281,1,Initial
bib-167,282,1,Initial
bib-167,283,1,Content Illustration
bib-167,284,1,Initial
bib-167,285,1,Content Illustration
bib-167,286,1,Content Illustration
bib-167,286,1,Initial
bib-167,287,1,Content Illustration
bib-167,287,2,Content Illustration
bib-167,287,1,Decoration
bib-167,287,1,Initial
bib-167,288,1,Initial
bib-167,288,2,Initial
bib-167,289,1,Content Illustration
bib-167,289,1,Initial
bib-167,290,1,Content Illustration
bib-167,290,1,Initial
bib-167,291,1,Content Illustration
bib-167,291,2,Content Illustration
bib-167,291,1,Initial
bib-167,292,1,Initial
bib-167,292,2,Initial
bib-167,293,1,Content Illustration
bib-167,293,1,Initial
bib-167,294,1,Content Illustration
bib-167,294,2,Content Illustration
bib-167,295,1,Initial
bib-167,298,1,Initial
bib-167,298,2,Initial
bib-167,298,3,Initial
bib-167,299,1,Initial
bib-167,299,2,Initial
bib-167,299,3,Initial
bib-167,300,1,Initial
bib-167,300,2,Initial
bib-167,301,1,Initial
bib-167,301,2,Initial
bib-167,302,1,Initial
bib-167,302,2,Initial
bib-167,303,1,Initial
bib-167,304,1,Initial
bib-167,305,1,Content Illustration
bib-167,305,1,Initial
bib-167,305,2,Initial
bib-167,306,1,Content Illustration
bib-167,306,1,Initial
bib-167,307,1,Content Illustration
bib-167,307,1,Initial
bib-167,308,1,Content Illustration
bib-167,308,1,Initial
bib-167,308,2,Initial
bib-167,309,1,Content Illustration
bib-167,309,1,Initial
bib-167,309,2,Initial
bib-167,310,1,Content Illustration
bib-167,310,1,Initial
bib-167,311,1,Content Illustration
bib-167,311,1,Initial
bib-167,312,1,Content Illustration
bib-167,312,1,Initial
bib-167,312,2,Initial
bib-167,313,1,Content Illustration
bib-167,313,2,Content Illustration
bib-167,313,1,Initial
bib-167,314,1,Content Illustration
bib-167,314,1,Initial
bib-167,314,2,Initial
bib-167,316,1,Initial
bib-167,316,2,Initial
bib-167,317,1,Initial
bib-167,317,2,Initial
bib-167,318,1,Initial
bib-167,318,2,Initial
bib-167,319,1,Initial
bib-167,320,1,Initial
bib-167,320,2,Initial
bib-167,321,1,Content Illustration
bib-167,321,2,Content Illustration
bib-167,321,1,Initial
bib-167,322,1,Content Illustration
bib-167,322,1,Initial
bib-167,323,1,Initial
bib-167,323,2,Initial
bib-167,324,1,Initial
bib-167,324,2,Initial
bib-167,325,1,Content Illustration
bib-167,325,1,Initial
bib-167,326,1,Initial
bib-167,326,2,Initial
bib-167,327,1,Content Illustration
bib-167,327,1,Initial
bib-167,328,1,Decoration
bib-167,328,1,Initial
bib-167,328,2,Initial
bib-167,329,1,Content Illustration
bib-167,329,1,Initial
bib-167,331,1,Initial
bib-167,331,2,Initial
bib-167,332,1,Content Illustration
bib-167,332,2,Content Illustration
bib-167,332,3,Content Illustration
bib-167,332,1,Initial
bib-167,333,1,Content Illustration
bib-167,333,1,Initial
bib-167,334,1,Initial
bib-167,335,1,Initial
bib-167,335,2,Initial
bib-167,335,3,Initial
bib-167,336,1,Content Illustration
bib-167,336,1,Initial
bib-167,337,1,Initial
bib-167,337,2,Initial
bib-167,337,3,Initial
bib-167,338,1,Content Illustration
bib-167,338,1,Initial
bib-167,339,1,Decoration
bib-167,339,1,Initial
bib-167,340,1,Initial
bib-167,342,1,Initial
bib-167,343,1,Initial
bib-167,344,1,Content Illustration
bib-167,344,2,Content Illustration
bib-167,344,1,Initial
bib-167,345,1,Content Illustration
bib-167,345,1,Initial
bib-167,346,1,Content Illustration
bib-167,349,1,Content Illustration
bib-167,349,2,Content Illustration
bib-167,349,3,Content Illustration
bib-167,350,1,Table
bib-167,353,1,Content Illustration
bib-167,355,1,Content Illustration
bib-167,357,1,Content Illustration
bib-167,359,1,Content Illustration
bib-167,360,1,Content Illustration
bib-167,360,2,Content Illustration
bib-167,361,1,Content Illustration
bib-167,361,1,Decoration
bib-167,361,1,Initial
bib-167,362,1,Content Illustration
bib-167,362,2,Content Illustration
bib-167,362,3,Content Illustration
bib-167,362,1,Initial
bib-167,363,1,Content Illustration
bib-167,363,2,Content Illustration
bib-167,364,1,Content Illustration
bib-167,364,2,Content Illustration
bib-167,364,1,Initial
bib-167,365,1,Content Illustration
bib-167,366,1,Content Illustration
bib-167,366,2,Content Illustration
bib-167,367,1,Content Illustration
bib-167,367,2,Content Illustration
bib-167,367,1,Initial
bib-167,367,2,Initial
bib-167,368,1,Content Illustration
bib-167,368,1,Initial
bib-167,368,2,Initial
bib-167,369,1,Content Illustration
bib-167,369,2,Content Illustration
bib-167,369,3,Content Illustration
bib-167,369,4,Content Illustration
bib-167,369,1,Initial
bib-167,370,1,Initial
bib-167,371,1,Content Illustration
bib-167,371,2,Content Illustration
bib-167,371,3,Content Illustration
bib-167,371,1,Initial
bib-167,372,1,Content Illustration
bib-167,372,2,Content Illustration
bib-167,372,3,Content Illustration
bib-167,372,4,Content Illustration
bib-167,373,1,Content Illustration
bib-167,373,2,Content Illustration
bib-167,373,3,Content Illustration
bib-167,374,1,Content Illustration
bib-167,374,2,Content Illustration
bib-167,374,3,Content Illustration
bib-167,374,4,Content Illustration
bib-167,374,5,Content Illustration
bib-167,375,1,Content Illustration
bib-167,375,2,Content Illustration
bib-167,376,1,Content Illustration
bib-167,376,2,Content Illustration
bib-167,376,3,Content Illustration
bib-167,376,4,Content Illustration
bib-167,377,1,Content Illustration
bib-167,377,2,Content Illustration
bib-167,377,3,Content Illustration
bib-167,377,1,Initial
bib-167,377,2,Initial
bib-167,378,1,Content Illustration
bib-167,378,2,Content Illustration
bib-167,378,3,Content Illustration
bib-167,378,4,Content Illustration
bib-167,379,1,Content Illustration
bib-167,379,1,Initial
bib-167,380,1,Content Illustration
bib-167,380,2,Content Illustration
bib-167,380,1,Initial
bib-167,381,1,Content Illustration
bib-167,381,2,Content Illustration
bib-167,382,1,Initial
bib-167,383,1,Content Illustration
bib-167,383,2,Content Illustration
bib-167,384,1,Content Illustration
bib-167,384,2,Content Illustration
bib-167,384,3,Content Illustration
bib-167,384,4,Content Illustration
bib-167,384,5,Content Illustration
bib-167,385,1,Content Illustration
bib-167,385,2,Content Illustration
bib-167,386,1,Content Illustration
bib-167,386,2,Content Illustration
bib-167,386,1,Initial
bib-167,386,2,Initial
bib-167,387,1,Content Illustration
bib-167,387,2,Content Illustration
bib-167,387,3,Content Illustration
bib-167,387,4,Content Illustration
bib-167,387,5,Content Illustration
bib-167,388,1,Content Illustration
bib-167,388,2,Content Illustration
bib-167,388,3,Content Illustration
bib-167,388,4,Content Illustration
bib-167,388,5,Content Illustration
bib-167,388,6,Content Illustration
bib-167,389,1,Content Illustration
bib-167,389,2,Content Illustration
bib-167,389,3,Content Illustration
bib-167,390,1,Content Illustration
bib-167,390,2,Content Illustration
bib-167,390,3,Content Illustration
bib-167,391,1,Content Illustration
bib-167,392,1,Content Illustration
bib-167,392,2,Content Illustration
bib-167,393,1,Content Illustration
bib-167,393,2,Content Illustration
bib-167,393,3,Content Illustration
bib-167,394,1,Content Illustration
bib-167,394,2,Content Illustration
bib-167,395,1,Content Illustration
bib-167,395,2,Content Illustration
bib-167,395,3,Content Illustration
bib-167,395,4,Content Illustration
bib-167,395,5,Content Illustration
bib-167,396,1,Content Illustration
bib-167,396,2,Content Illustration
bib-167,396,3,Content Illustration
bib-167,397,1,Content Illustration
bib-167,397,2,Content Illustration
bib-167,397,3,Content Illustration
bib-167,398,1,Content Illustration
bib-167,400,1,Content Illustration
bib-176,1,1,Initial
bib-176,3,1,Content Illustration
bib-176,4,1,Initial
bib-176,6,1,Content Illustration
bib-176,6,1,Decoration
bib-176,6,2,Decoration
bib-176,6,3,Decoration
bib-176,8,1,Initial
bib-176,17,1,Initial
bib-176,18,1,Initial
bib-176,18,2,Initial
bib-176,18,3,Initial
bib-176,18,4,Initial
bib-176,18,5,Initial
bib-176,18,6,Initial
bib-176,18,7,Initial
bib-176,18,8,Initial
bib-176,19,1,Initial
bib-176,19,2,Initial
bib-176,19,3,Initial
bib-176,19,4,Initial
bib-176,19,5,Initial
bib-176,19,6,Initial
bib-176,19,7,Initial
bib-176,20,1,Initial
bib-176,20,2,Initial
bib-176,20,3,Initial
bib-176,20,4,Initial
bib-176,23,1,Initial
bib-176,23,2,Initial
bib-176,23,3,Initial
bib-176,24,1,Initial
bib-176,24,2,Initial
bib-176,24,3,Initial
bib-176,25,1,Initial
bib-176,25,2,Initial
bib-176,25,3,Initial
bib-176,26,1,Initial
bib-176,26,2,Initial
bib-176,26,3,Initial
bib-176,26,4,Initial
bib-176,27,1,Initial
bib-176,27,2,Initial
bib-176,27,3,Initial
bib-176,27,4,Initial
bib-176,28,1,Initial
bib-176,28,2,Initial
bib-176,30,1,Initial
bib-176,30,2,Initial
bib-176,31,1,Initial
bib-176,32,1,Initial
bib-176,32,2,Initial
bib-176,33,1,Initial
bib-176,34,1,Initial
bib-176,34,2,Initial
bib-176,35,1,Initial
bib-176,36,1,Initial
bib-176,36,2,Initial
bib-176,37,1,Initial
bib-176,38,1,Initial
bib-176,39,1,Content Illustration
bib-176,39,2,Content Illustration
bib-176,39,1,Initial
bib-176,40,1,Content Illustration
bib-176,40,2,Content Illustration
bib-176,40,1,Initial
bib-176,41,1,Content Illustration
bib-176,41,1,Initial
bib-176,41,2,Initial
bib-176,42,1,Initial
bib-176,43,1,Initial
bib-176,44,1,Initial
bib-176,45,1,Initial
bib-176,46,1,Initial
bib-176,47,1,Initial
bib-176,48,1,Initial
bib-176,49,1,Initial
bib-176,51,1,Initial
bib-176,51,2,Initial
bib-176,53,1,Initial
bib-176,53,2,Initial
bib-176,55,1,Initial
bib-176,56,1,Initial
bib-176,58,1,Initial
bib-176,59,1,Initial
bib-176,61,1,Initial
bib-176,62,1,Initial
bib-176,63,1,Initial
bib-176,65,1,Initial
bib-176,68,1,Initial
bib-176,69,1,Initial
bib-176,71,1,Initial
bib-176,74,1,Initial
bib-176,76,1,Initial
bib-176,76,2,Initial
bib-176,78,1,Initial
bib-176,79,1,Initial
bib-176,80,1,Initial
bib-176,82,1,Initial
bib-176,83,1,Initial
bib-176,85,1,Initial
bib-176,86,1,Initial
bib-176,88,1,Initial
bib-176,90,1,Initial
bib-176,91,1,Initial
bib-176,94,1,Initial
bib-176,96,1,Initial
bib-176,97,1,Initial
bib-176,111,1,Initial
bib-176,111,2,Initial
bib-176,111,3,Initial
bib-176,112,1,Initial
bib-176,113,1,Initial
bib-176,113,2,Initial
bib-176,114,1,Initial
bib-176,115,1,Initial
bib-176,117,1,Initial
bib-176,118,1,Initial
bib-176,119,1,Initial
bib-176,121,1,Content Illustration
bib-176,121,1,Initial
bib-176,121,2,Initial
bib-176,123,1,Initial
bib-176,125,1,Content Illustration
bib-176,125,1,Initial
bib-176,126,1,Initial
bib-176,127,1,Content Illustration
bib-176,128,1,Initial
bib-176,129,1,Initial
bib-176,131,1,Initial
bib-176,133,1,Initial
bib-176,134,1,Initial
bib-176,135,1,Initial
bib-176,136,1,Initial
bib-176,138,1,Content Illustration
bib-176,138,1,Initial
bib-176,139,1,Content Illustration
bib-176,140,1,Initial
bib-176,141,1,Initial
bib-176,142,1,Initial
bib-176,144,1,Initial
bib-176,145,1,Initial
bib-176,145,2,Initial
bib-176,147,1,Initial
bib-176,149,1,Initial
bib-176,150,1,Initial
bib-176,155,1,Initial
bib-176,158,1,Initial
bib-176,167,1,Initial
bib-176,178,1,Initial
bib-176,185,1,Initial
bib-176,190,1,Initial
bib-176,191,1,Initial
bib-176,194,1,Initial
bib-176,195,1,Initial
bib-176,196,1,Initial
bib-176,198,1,Initial
bib-176,200,1,Initial
bib-176,203,1,Initial
bib-176,205,1,Initial
bib-176,207,1,Initial
bib-176,208,1,Initial
bib-176,211,1,Initial
bib-176,212,1,Initial
bib-176,214,1,Initial
bib-176,215,1,Initial
bib-176,217,1,Initial
bib-176,226,1,Initial
bib-176,226,2,Initial
bib-176,227,1,Initial
bib-176,227,2,Initial
bib-176,227,3,Initial
bib-176,228,1,Initial
bib-176,229,1,Initial
bib-176,230,1,Initial
bib-176,231,1,Initial
bib-176,232,1,Initial
bib-176,234,1,Initial
bib-176,235,1,Initial
bib-176,236,1,Initial
bib-176,237,1,Initial
bib-176,238,1,Initial
bib-176,240,1,Initial
bib-176,241,1,Initial
bib-176,243,1,Initial
bib-176,244,1,Initial
bib-176,246,1,Initial
bib-176,246,2,Initial
bib-176,248,1,Initial
bib-176,249,1,Initial
bib-176,250,1,Initial
bib-176,251,1,Initial
bib-176,253,1,Initial
bib-176,255,1,Initial
bib-176,256,1,Initial
bib-176,257,1,Initial
bib-176,258,1,Initial
bib-176,258,2,Initial
bib-176,259,1,Initial
bib-176,259,2,Initial
bib-176,260,1,Initial
bib-176,261,1,Initial
bib-176,263,1,Initial
bib-176,263,2,Initial
bib-176,264,1,Initial
bib-176,264,2,Initial
bib-176,267,1,Initial
bib-176,268,1,Initial
bib-176,268,2,Initial
bib-176,270,1,Initial
bib-176,271,1,Initial
bib-176,272,1,Initial
bib-176,273,1,Initial
bib-176,274,1,Initial
bib-176,275,1,Initial
bib-176,275,2,Initial
bib-176,275,3,Initial
bib-176,277,1,Initial
bib-176,280,1,Initial
bib-176,281,1,Initial
bib-176,282,1,Initial
bib-176,282,2,Initial
bib-176,283,1,Initial
bib-176,284,1,Initial
bib-176,285,1,Initial
bib-176,286,1,Initial
bib-176,286,2,Initial
bib-176,288,1,Initial
bib-176,288,2,Initial
bib-176,289,1,Initial
bib-176,289,2,Initial
bib-176,290,1,Initial
bib-176,291,1,Initial
bib-176,291,2,Initial
bib-176,292,1,Initial
bib-176,293,1,Initial
bib-176,293,2,Initial
bib-176,294,1,Initial
bib-176,295,1,Initial
bib-176,296,1,Initial
bib-176,297,1,Initial
bib-176,297,2,Initial
bib-176,298,1,Initial
bib-176,298,2,Initial
bib-176,299,1,Initial
bib-176,300,1,Initial
bib-176,300,2,Initial
bib-176,300,3,Initial
bib-176,301,1,Initial
bib-176,301,2,Initial
bib-176,303,1,Initial
bib-176,304,1,Initial
bib-176,305,1,Initial
bib-176,306,1,Initial
bib-176,308,1,Initial
bib-176,310,1,Initial
bib-176,311,1,Initial
bib-176,312,1,Initial
bib-176,313,1,Initial
bib-176,314,1,Initial
bib-176,315,1,Initial
bib-176,316,1,Initial
bib-176,317,1,Initial
bib-176,317,2,Initial
bib-176,318,1,Initial
bib-176,318,2,Initial
bib-176,319,1,Initial
bib-176,321,1,Initial
bib-176,321,2,Initial
bib-176,323,1,Initial
bib-176,324,1,Initial
bib-176,325,1,Initial
bib-176,326,1,Initial
bib-176,327,1,Initial
bib-176,328,1,Initial
bib-176,329,1,Initial
bib-176,330,1,Initial
bib-176,330,2,Initial
bib-176,332,1,Content Illustration
bib-176,332,1,Initial
bib-176,347,1,Initial
bib-176,349,1,Initial
bib-176,365,1,Initial
bib-176,366,1,Initial
bib-176,366,2,Initial
bib-176,367,1,Initial
bib-176,367,2,Initial
bib-176,368,1,Initial
bib-176,369,1,Initial
bib-176,370,1,Initial
bib-176,371,1,Initial
bib-176,372,1,Initial
bib-176,373,1,Initial
bib-176,374,1,Initial
bib-176,375,1,Initial
bib-176,375,2,Initial
bib-176,376,1,Initial
bib-176,376,2,Initial
bib-176,377,1,Initial
bib-176,381,1,Content Illustration
bib-176,382,1,Content Illustration
bib-176,396,1,Initial
bib-176,396,2,Initial
bib-176,396,3,Initial
bib-176,396,4,Initial
bib-176,397,1,Content Illustration
bib-176,397,1,Initial
bib-176,397,2,Initial
bib-176,397,3,Initial
bib-176,397,4,Initial
bib-176,398,1,Content Illustration
bib-176,398,1,Initial
bib-176,398,2,Initial
bib-176,398,3,Initial
bib-176,398,4,Initial
bib-176,399,1,Initial
bib-176,399,2,Initial
bib-176,399,3,Initial
bib-176,399,4,Initial
bib-176,400,1,Content Illustration
bib-176,400,2,Content Illustration
bib-176,400,3,Content Illustration
bib-176,400,4,Content Illustration
bib-176,400,1,Initial
bib-176,401,1,Initial
bib-176,402,1,Initial
bib-176,402,2,Initial
bib-176,403,1,Content Illustration
bib-176,403,1,Initial
bib-176,403,2,Initial
bib-176,404,1,Initial
bib-176,405,1,Initial
bib-176,405,2,Initial
bib-176,406,1,Initial
bib-176,406,2,Initial
bib-176,407,1,Initial
bib-176,407,2,Initial
bib-176,408,1,Initial
bib-176,408,2,Initial
bib-176,409,1,Initial
bib-176,409,2,Initial
bib-176,410,1,Content Illustration
bib-176,410,2,Content Illustration
bib-176,410,1,Initial
bib-176,411,1,Initial
bib-176,412,1,Initial
bib-176,413,1,Initial
bib-176,413,2,Initial
bib-176,414,1,Initial
bib-176,415,1,Initial
bib-176,417,1,Initial
bib-176,418,1,Initial
bib-176,419,1,Initial
bib-176,422,1,Initial
bib-176,430,1,Initial
bib-176,430,2,Initial
bib-176,431,1,Initial
bib-176,431,2,Initial
bib-176,432,1,Initial
bib-176,433,1,Initial
bib-176,433,2,Initial
bib-176,434,1,Initial
bib-176,435,1,Initial
bib-176,436,1,Initial
bib-176,437,1,Initial
bib-176,438,1,Initial
bib-176,438,2,Initial
bib-176,439,1,Initial
bib-176,440,1,Initial
bib-176,441,1,Initial
bib-176,442,1,Initial
bib-176,442,2,Initial
bib-176,443,1,Initial
bib-176,444,1,Initial
bib-176,445,1,Initial
bib-176,446,1,Initial
bib-176,447,1,Initial
bib-176,449,1,Initial
bib-176,449,2,Initial
bib-176,450,1,Initial
bib-176,450,2,Initial
bib-176,451,1,Content Illustration
bib-176,453,1,Initial
bib-176,453,2,Initial
bib-176,454,1,Initial
bib-176,455,1,Initial
bib-176,456,1,Initial
bib-176,457,1,Initial
bib-176,458,1,Initial
bib-176,459,1,Initial
bib-176,459,2,Initial
bib-176,460,1,Initial
bib-176,461,1,Initial
bib-176,461,2,Initial
bib-176,463,1,Initial
bib-176,466,1,Initial
bib-176,469,1,Initial
bib-176,470,1,Initial
bib-176,470,2,Initial
bib-176,470,3,Initial
bib-176,470,4,Initial
bib-176,470,5,Initial
bib-176,470,6,Initial
bib-176,470,7,Initial
bib-176,470,8,Initial
bib-176,471,1,Initial
bib-176,471,2,Initial
bib-176,471,3,Initial
bib-176,471,4,Initial
bib-176,472,1,Content Illustration
bib-176,472,1,Decoration
bib-176,472,2,Decoration
bib-176,472,3,Decoration
bib-176,472,4,Decoration
bib-176,472,1,Initial
bib-176,474,1,Initial
bib-176,475,1,Initial
bib-176,476,1,Initial
bib-176,480,1,Initial
bib-176,484,1,Initial
bib-176,486,1,Initial
bib-176,487,1,Initial
bib-176,489,1,Initial
bib-176,490,1,Initial
bib-176,492,1,Initial
bib-176,495,1,Initial
bib-176,495,2,Initial
bib-176,496,1,Initial
bib-176,496,2,Initial
bib-176,497,1,Initial
bib-176,498,1,Initial
bib-176,499,1,Initial
bib-176,499,2,Initial
bib-176,501,1,Initial
bib-176,502,1,Initial
bib-176,503,1,Initial
bib-176,504,1,Initial
bib-176,505,1,Initial
bib-176,506,1,Initial
bib-176,508,1,Initial
bib-176,509,1,Initial
bib-176,510,1,Initial
bib-176,511,1,Initial
bib-176,515,1,Initial
bib-176,517,1,Initial
bib-176,518,1,Initial
bib-176,518,2,Initial
bib-176,519,1,Initial
bib-176,520,1,Initial
bib-176,524,1,Initial
bib-176,526,1,Initial
bib-176,528,1,Initial
bib-176,529,1,Initial
bib-176,534,1,Initial
bib-176,538,1,Initial
bib-176,538,2,Initial
bib-176,547,1,Initial
bib-176,548,1,Initial
bib-176,550,1,Initial
bib-176,550,2,Initial
bib-176,552,1,Initial
bib-176,553,1,Initial
bib-176,555,1,Initial
bib-176,556,1,Initial
bib-176,558,1,Initial
bib-176,560,1,Initial
bib-176,561,1,Initial
bib-176,561,2,Initial
bib-176,566,1,Initial
bib-176,567,1,Initial
bib-176,573,1,Initial
bib-176,578,1,Initial
bib-176,578,2,Initial
bib-176,581,1,Initial
bib-176,583,1,Initial
bib-176,585,1,Initial
bib-176,586,1,Initial
bib-176,587,1,Initial
bib-176,588,1,Initial
bib-176,589,1,Initial
bib-176,590,1,Initial
bib-176,592,1,Initial
bib-176,592,2,Initial
bib-176,593,1,Initial
bib-176,596,1,Initial
bib-176,597,1,Initial
bib-176,597,2,Initial
bib-176,598,1,Initial
bib-176,600,1,Initial
bib-176,601,1,Initial
bib-176,602,1,Initial
bib-176,603,1,Initial
bib-176,604,1,Initial
bib-176,604,2,Initial
bib-176,606,1,Initial
bib-176,609,1,Initial
bib-176,611,1,Initial
bib-176,611,2,Initial
bib-176,612,1,Initial
bib-176,613,1,Initial
bib-176,613,2,Initial
bib-176,614,1,Initial
bib-176,614,2,Initial
bib-176,615,1,Initial
bib-176,615,2,Initial
bib-176,616,1,Initial
bib-176,617,1,Initial
bib-176,618,1,Initial
bib-176,619,1,Initial
bib-176,620,1,Initial
bib-176,621,1,Initial
bib-176,622,1,Initial
bib-277,8,1,Content Illustration
bib-277,9,1,Content Illustration
bib-277,16,1,Table
bib-277,17,1,Table
bib-277,20,1,Initial
bib-277,20,2,Initial
bib-277,21,1,Initial
bib-277,22,1,Initial
bib-277,22,2,Initial
bib-277,23,1,Initial
bib-277,24,1,Content Illustration
bib-277,24,1,Initial
bib-277,25,1,Initial
bib-277,26,1,Content Illustration
bib-277,26,1,Initial
bib-277,27,1,Initial
bib-277,27,2,Initial
bib-277,28,1,Content Illustration
bib-277,29,1,Content Illustration
bib-277,31,1,Initial
bib-277,32,1,Content Illustration
bib-277,33,1,Initial
bib-277,34,1,Initial
bib-277,35,1,Content Illustration
bib-277,35,1,Initial
bib-277,36,1,Content Illustration
bib-277,36,2,Content Illustration
bib-277,39,1,Initial
bib-277,42,1,Initial
bib-277,44,1,Content Illustration
bib-277,44,2,Content Illustration
bib-277,46,1,Content Illustration
bib-277,47,1,Initial
bib-277,50,1,Content Illustration
bib-277,53,1,Initial
bib-277,54,1,Content Illustration
bib-277,59,1,Content Illustration
bib-277,59,1,Initial
bib-277,60,1,Initial
bib-277,61,1,Initial
bib-277,63,1,Content Illustration
bib-277,63,1,Initial
bib-277,64,1,Initial
bib-277,65,1,Initial
bib-277,65,2,Initial
N000JX,1,1,Decoration
N000JX,1,1,Initial
N000JX,10,1,Printer's Mark
N000JX,12,1,Initial
N000JX,14,1,Initial
N000JX,15,1,Initial
N000JX,16,1,Initial
N000JX,16,2,Initial
N000JX,16,3,Initial
N000JX,24,1,Initial
N000JX,33,1,Initial
N000JX,34,1,Content Illustration
N000JX,34,2,Content Illustration
N000JX,35,1,Content Illustration
N000JX,36,1,Content Illustration
N000JX,37,1,Content Illustration
N000JX,38,1,Content Illustration
N000JX,39,1,Decoration
N000JX,41,1,Content Illustration
N000JX,42,1,Content Illustration
N000JX,42,1,Initial
N000JX,44,1,Content Illustration
N000JX,57,1,Decoration
bib-225,6,1,Content Illustration
bib-225,12,1,Content Illustration
bib-225,12,2,Content Illustration
bib-225,15,1,Content Illustration
bib-239,8,1,Content Illustration
bib-239,11,1,Content Illustration
bib-239,28,1,Content Illustration
bib-239,30,1,Content Illustration
bib-239,32,1,Content Illustration
bib-239,34,1,Content Illustration
bib-239,35,1,Content Illustration
bib-239,36,1,Content Illustration
bib-239,38,1,Content Illustration
bib-239,50,1,Content Illustration
bib-239,73,1,Content Illustration
bib-239,97,1,Content Illustration
bib-239,172,1,Content Illustration
bib-239,175,1,Content Illustration
bib-239,177,1,Content Illustration
bib-239,177,2,Content Illustration
bib-239,188,1,Content Illustration
bib-239,189,1,Content Illustration
bib-239,195,1,Content Illustration
bib-239,200,1,Content Illustration
bib-239,225,1,Content Illustration
bib-239,240,1,Content Illustration
bib-239,243,1,Content Illustration
bib-239,246,1,Content Illustration
bib-8,11,1,Content Illustration
bib-8,11,2,Content Illustration
bib-8,11,3,Content Illustration
bib-8,11,4,Content Illustration
bib-8,12,1,Content Illustration
bib-8,13,1,Content Illustration
bib-8,13,2,Content Illustration
bib-8,13,3,Content Illustration
bib-8,14,1,Content Illustration
bib-8,15,1,Content Illustration
bib-8,15,2,Content Illustration
bib-8,16,1,Content Illustration
bib-8,17,1,Content Illustration
bib-8,17,2,Content Illustration
bib-8,17,3,Content Illustration
bib-8,18,1,Content Illustration
bib-8,19,1,Content Illustration
bib-8,20,1,Content Illustration
bib-8,20,2,Content Illustration
bib-8,22,1,Content Illustration
bib-8,23,1,Content Illustration
bib-8,25,1,Content Illustration
bib-8,26,1,Content Illustration
bib-8,27,1,Content Illustration
bib-8,28,1,Content Illustration
bib-8,28,2,Content Illustration
bib-8,29,1,Content Illustration
bib-8,30,1,Content Illustration
bib-8,30,2,Content Illustration
bib-8,31,1,Content Illustration
bib-8,32,1,Content Illustration
bib-8,33,1,Content Illustration
bib-8,33,2,Content Illustration
bib-8,34,1,Content Illustration
bib-8,35,1,Content Illustration
bib-8,35,2,Content Illustration
bib-8,36,1,Content Illustration
bib-8,37,1,Content Illustration
bib-8,38,1,Content Illustration
bib-8,39,1,Content Illustration
bib-8,39,2,Content Illustration
bib-8,40,1,Content Illustration
bib-8,41,1,Content Illustration
bib-8,42,1,Content Illustration
bib-8,42,2,Content Illustration
bib-8,42,3,Content Illustration
bib-8,43,1,Content Illustration
bib-8,43,2,Content Illustration
bib-8,44,1,Content Illustration
bib-8,45,1,Content Illustration
bib-8,46,1,Content Illustration
bib-8,48,1,Content Illustration
bib-8,48,2,Content Illustration
bib-8,49,1,Content Illustration
bib-8,50,1,Content Illustration
bib-8,50,2,Content Illustration
bib-8,50,3,Content Illustration
bib-8,51,1,Content Illustration
bib-8,51,2,Content Illustration
bib-8,52,1,Content Illustration
bib-8,52,2,Content Illustration
bib-8,52,3,Content Illustration
bib-8,52,4,Content Illustration
bib-8,53,1,Content Illustration
bib-8,53,2,Content Illustration
bib-8,53,3,Content Illustration
bib-8,54,1,Content Illustration
bib-8,55,1,Content Illustration
bib-8,55,2,Content Illustration
bib-8,57,1,Content Illustration
bib-8,57,2,Content Illustration
bib-8,57,3,Content Illustration
bib-8,57,4,Content Illustration
bib-8,58,1,Content Illustration
bib-8,58,2,Content Illustration
bib-8,58,3,Content Illustration
bib-8,59,1,Content Illustration
bib-8,59,2,Content Illustration
bib-8,59,3,Content Illustration
bib-8,59,4,Content Illustration
bib-8,60,1,Content Illustration
bib-8,60,2,Content Illustration
bib-8,63,1,Content Illustration
bib-8,63,2,Content Illustration
bib-8,64,1,Content Illustration
bib-8,64,2,Content Illustration
bib-8,64,3,Content Illustration
bib-8,64,4,Content Illustration
bib-8,64,5,Content Illustration
bib-8,64,6,Content Illustration
bib-8,64,7,Content Illustration
bib-8,64,8,Content Illustration
bib-8,64,9,Content Illustration
bib-8,65,1,Content Illustration
bib-8,65,2,Content Illustration
bib-8,67,1,Content Illustration
bib-8,67,2,Content Illustration
bib-8,68,1,Content Illustration
bib-8,68,2,Content Illustration
bib-8,68,3,Content Illustration
bib-8,69,1,Content Illustration
bib-8,69,2,Content Illustration
bib-8,69,3,Content Illustration
bib-8,70,1,Content Illustration
bib-8,70,2,Content Illustration
bib-8,70,3,Content Illustration
bib-8,70,4,Content Illustration
bib-8,70,5,Content Illustration
bib-8,71,1,Content Illustration
bib-8,71,2,Content Illustration
bib-8,71,3,Content Illustration
bib-8,71,4,Content Illustration
bib-8,72,1,Content Illustration
bib-8,72,2,Content Illustration
bib-8,72,3,Content Illustration
bib-8,72,4,Content Illustration
bib-8,72,5,Content Illustration
bib-8,73,1,Content Illustration
bib-8,73,2,Content Illustration
bib-8,75,1,Content Illustration
bib-8,75,2,Content Illustration
bib-8,76,1,Content Illustration
bib-8,76,2,Content Illustration
bib-8,76,3,Content Illustration
bib-8,77,1,Content Illustration
bib-8,77,2,Content Illustration
bib-8,77,3,Content Illustration
bib-8,78,1,Content Illustration
bib-8,78,2,Content Illustration
bib-8,78,3,Content Illustration
bib-8,79,1,Content Illustration
bib-8,80,1,Content Illustration
bib-8,81,1,Content Illustration
bib-8,81,2,Content Illustration
bib-8,82,1,Content Illustration
bib-8,83,1,Content Illustration
bib-8,83,2,Content Illustration
bib-8,83,3,Content Illustration
bib-8,83,4,Content Illustration
bib-8,84,1,Content Illustration
bib-8,84,2,Content Illustration
bib-8,84,3,Content Illustration
bib-8,85,1,Content Illustration
bib-8,86,1,Content Illustration
bib-8,87,1,Content Illustration
bib-8,87,2,Content Illustration
bib-8,88,1,Content Illustration
bib-8,89,1,Content Illustration
bib-8,93,1,Content Illustration
bib-8,94,1,Content Illustration
bib-8,94,2,Content Illustration
bib-8,94,3,Content Illustration
bib-8,96,1,Content Illustration
bib-8,97,1,Content Illustration
bib-8,100,1,Content Illustration
bib-8,101,1,Content Illustration
bib-8,102,1,Content Illustration
bib-8,102,2,Content Illustration
bib-8,104,1,Content Illustration
bib-8,105,1,Content Illustration
bib-8,106,1,Content Illustration
bib-8,106,2,Content Illustration
bib-8,108,1,Content Illustration
bib-8,109,1,Content Illustration
bib-8,110,1,Content Illustration
bib-8,111,1,Content Illustration
bib-8,113,1,Content Illustration
bib-8,115,1,Content Illustration
bib-8,116,1,Content Illustration
bib-8,117,1,Content Illustration
bib-8,117,2,Content Illustration
bib-8,118,1,Content Illustration
bib-8,119,1,Content Illustration
bib-8,120,1,Content Illustration
bib-8,120,2,Content Illustration
bib-8,121,1,Content Illustration
bib-8,121,2,Content Illustration
bib-8,122,1,Content Illustration
bib-8,123,1,Content Illustration
bib-8,124,1,Content Illustration
bib-8,124,2,Content Illustration
bib-8,125,1,Content Illustration
bib-8,125,2,Content Illustration
bib-8,126,1,Content Illustration
bib-8,126,2,Content Illustration
bib-8,126,3,Content Illustration
bib-8,126,4,Content Illustration
bib-8,126,5,Content Illustration
bib-8,127,1,Content Illustration
bib-8,127,2,Content Illustration
bib-8,127,3,Content Illustration
bib-8,128,1,Content Illustration
bib-8,128,2,Content Illustration
bib-8,128,3,Content Illustration
bib-8,128,4,Content Illustration
bib-8,129,1,Content Illustration
bib-8,129,2,Content Illustration
bib-8,129,3,Content Illustration
bib-8,130,1,Content Illustration
bib-8,130,2,Content Illustration
bib-8,130,3,Content Illustration
bib-8,130,4,Content Illustration
bib-8,131,1,Content Illustration
bib-8,131,2,Content Illustration
bib-8,131,3,Content Illustration
bib-8,132,1,Content Illustration
bib-8,132,2,Content Illustration
bib-8,132,3,Content Illustration
bib-8,132,4,Content Illustration
bib-8,132,5,Content Illustration
bib-8,133,1,Content Illustration
bib-8,134,1,Content Illustration
bib-8,134,2,Content Illustration
bib-8,134,3,Content Illustration
bib-8,135,1,Content Illustration
bib-8,135,2,Content Illustration
bib-8,135,3,Content Illustration
bib-8,136,1,Content Illustration
bib-8,136,2,Content Illustration
bib-8,136,3,Content Illustration
bib-8,137,1,Content Illustration
bib-8,137,2,Content Illustration
bib-8,137,3,Content Illustration
bib-8,137,4,Content Illustration
bib-8,138,1,Content Illustration
bib-8,138,2,Content Illustration
bib-8,138,3,Content Illustration
bib-8,138,4,Content Illustration
bib-8,138,5,Content Illustration
bib-8,138,6,Content Illustration
bib-8,138,7,Content Illustration
bib-8,138,8,Content Illustration
bib-8,139,1,Content Illustration
bib-8,143,1,Content Illustration
bib-8,143,2,Content Illustration
bib-8,143,3,Content Illustration
bib-8,147,1,Content Illustration
bib-8,150,1,Content Illustration
bib-8,151,1,Content Illustration
bib-8,152,1,Content Illustration
bib-8,153,1,Content Illustration
bib-8,154,1,Content Illustration
bib-8,156,1,Content Illustration
bib-8,156,2,Content Illustration
bib-8,157,1,Content Illustration
bib-8,158,1,Content Illustration
bib-8,159,1,Content Illustration
bib-8,160,1,Content Illustration
bib-8,161,1,Content Illustration
bib-8,162,1,Content Illustration
bib-8,163,1,Content Illustration
bib-8,164,1,Content Illustration
bib-8,166,1,Content Illustration
bib-8,166,2,Content Illustration
bib-8,166,3,Content Illustration
bib-8,167,1,Content Illustration
bib-8,169,1,Content Illustration
bib-8,170,1,Content Illustration
bib-8,170,2,Content Illustration
bib-8,170,3,Content Illustration
bib-8,170,4,Content Illustration
bib-8,171,1,Content Illustration
bib-8,171,2,Content Illustration
bib-8,172,1,Content Illustration
bib-8,172,2,Content Illustration
bib-8,173,1,Content Illustration
bib-8,174,1,Content Illustration
bib-8,174,2,Content Illustration
bib-8,175,1,Content Illustration
bib-8,176,1,Content Illustration
bib-8,177,1,Content Illustration
bib-8,178,1,Content Illustration
bib-8,178,2,Content Illustration
bib-8,178,3,Content Illustration
bib-8,178,4,Content Illustration
bib-8,180,1,Content Illustration
bib-8,182,1,Content Illustration
bib-8,184,1,Content Illustration
bib-8,184,2,Content Illustration
bib-8,186,1,Content Illustration
bib-8,188,1,Content Illustration
bib-8,189,1,Content Illustration
bib-8,190,1,Content Illustration
bib-8,190,2,Content Illustration
bib-8,193,1,Content Illustration
bib-8,193,2,Content Illustration
bib-8,194,1,Content Illustration
bib-8,198,1,Content Illustration
bib-8,200,1,Content Illustration
bib-8,202,1,Content Illustration
bib-8,205,1,Content Illustration
6PMNRZ,1,1,Decoration
6PMNRZ,1,2,Decoration
6PMNRZ,3,1,Initial
6PMNRZ,4,1,Initial
6PMNRZ,5,1,Initial
6PMNRZ,5,2,Initial
6PMNRZ,10,1,Content Illustration
6PMNRZ,11,1,Initial
6PMNRZ,13,1,Content Illustration
6PMNRZ,15,1,Content Illustration
6PMNRZ,18,1,Content Illustration
6PMNRZ,30,1,Initial
6PMNRZ,31,1,Content Illustration
6PMNRZ,31,2,Content Illustration
6PMNRZ,33,1,Content Illustration
6PMNRZ,33,2,Content Illustration
6PMNRZ,33,3,Content Illustration
6PMNRZ,34,1,Content Illustration
6PMNRZ,34,2,Content Illustration
6PMNRZ,34,3,Content Illustration
6PMNRZ,34,4,Content Illustration
6PMNRZ,34,5,Content Illustration
6PMNRZ,34,6,Content Illustration
6PMNRZ,35,1,Content Illustration
6PMNRZ,35,2,Content Illustration
6PMNRZ,35,3,Content Illustration
6PMNRZ,35,4,Content Illustration
6PMNRZ,35,5,Content Illustration
6PMNRZ,35,6,Content Illustration
6PMNRZ,35,7,Content Illustration
6PMNRZ,36,1,Content Illustration
6PMNRZ,36,2,Content Illustration
6PMNRZ,36,3,Content Illustration
6PMNRZ,36,4,Content Illustration
6PMNRZ,36,5,Content Illustration
6PMNRZ,36,6,Content Illustration
6PMNRZ,36,7,Content Illustration
6PMNRZ,36,8,Content Illustration
6PMNRZ,37,1,Content Illustration
6PMNRZ,37,2,Content Illustration
6PMNRZ,37,3,Content Illustration
6PMNRZ,37,4,Content Illustration
6PMNRZ,37,5,Content Illustration
6PMNRZ,38,1,Content Illustration
6PMNRZ,38,2,Content Illustration
6PMNRZ,41,1,Initial
6PMNRZ,44,1,Initial
6PMNRZ,49,1,Initial
6PMNRZ,50,1,Initial
6PMNRZ,50,2,Initial
6PMNRZ,53,1,Content Illustration
6PMNRZ,62,1,Content Illustration
6PMNRZ,64,1,Table
6PMNRZ,67,1,Content Illustration
6PMNRZ,72,1,Content Illustration
6PMNRZ,80,1,Decoration
6PMNRZ,87,1,Initial
6PMNRZ,88,1,Content Illustration
6PMNRZ,89,1,Content Illustration
6PMNRZ,93,1,Content Illustration
6PMNRZ,93,2,Content Illustration
6PMNRZ,94,1,Content Illustration
6PMNRZ,94,2,Content Illustration
6PMNRZ,95,1,Content Illustration
6PMNRZ,95,2,Content Illustration
6PMNRZ,96,1,Content Illustration
6PMNRZ,96,1,Decoration
6PMNRZ,97,1,Content Illustration
6PMNRZ,97,2,Content Illustration
6PMNRZ,97,1,Initial
6PMNRZ,99,1,Decoration
6PMNRZ,105,1,Initial
6PMNRZ,107,1,Content Illustration
6PMNRZ,108,1,Content Illustration
6PMNRZ,108,2,Content Illustration
6PMNRZ,116,1,Initial
6PMNRZ,125,1,Table
bib-278,6,1,Content Illustration
bib-278,20,1,Content Illustration
bib-278,20,2,Content Illustration
bib-278,20,3,Content Illustration
bib-278,120,1,Content Illustration
bib-278,122,1,Content Illustration
bib-278,123,1,Content Illustration
bib-278,123,2,Content Illustration
bib-278,124,1,Printer's Mark
bib-278,243,1,Content Illustration
bib-278,244,1,Table
bib-278,246,1,Table
bib-278,265,1,Table
bib-278,284,1,Table
bib-278,300,1,Decoration
bib-278,300,2,Decoration
bib-278,300,3,Decoration
Strasbourg_1529,10,1,Content Illustration
Strasbourg_1529,10,2,Content Illustration
Strasbourg_1529,10,3,Content Illustration
Strasbourg_1529,10,4,Content Illustration
Strasbourg_1529,10,5,Content Illustration
Strasbourg_1529,10,6,Content Illustration
Strasbourg_1529,10,7,Content Illustration
Strasbourg_1529,10,8,Content Illustration
Strasbourg_1529,11,1,Content Illustration
Strasbourg_1529,12,1,Content Illustration
Strasbourg_1529,13,1,Content Illustration
Strasbourg_1529,14,1,Content Illustration
Strasbourg_1529,15,1,Content Illustration
Strasbourg_1529,16,1,Content Illustration
Strasbourg_1529,16,2,Content Illustration
Strasbourg_1529,17,1,Content Illustration
Strasbourg_1529,18,1,Content Illustration
Strasbourg_1529,18,2,Content Illustration
Strasbourg_1529,19,1,Content Illustration
Strasbourg_1529,20,1,Content Illustration
Strasbourg_1529,20,2,Content Illustration
Strasbourg_1529,20,3,Content Illustration
Strasbourg_1529,21,1,Content Illustration
Strasbourg_1529,21,2,Content Illustration
Strasbourg_1529,22,1,Content Illustration
Strasbourg_1529,22,2,Content Illustration
Strasbourg_1529,23,1,Content Illustration
Strasbourg_1529,23,2,Content Illustration
Strasbourg_1529,24,1,Content Illustration
Strasbourg_1529,24,2,Content Illustration
Strasbourg_1529,24,3,Content Illustration
Strasbourg_1529,25,1,Content Illustration
Strasbourg_1529,26,1,Content Illustration
Strasbourg_1529,27,1,Content Illustration
Strasbourg_1529,28,1,Content Illustration
Strasbourg_1529,28,2,Content Illustration
Strasbourg_1529,29,1,Content Illustration
Strasbourg_1529,30,1,Content Illustration
Strasbourg_1529,30,2,Content Illustration
Strasbourg_1529,31,1,Content Illustration
Strasbourg_1529,32,1,Content Illustration
Strasbourg_1529,32,2,Content Illustration
Strasbourg_1529,32,3,Content Illustration
Strasbourg_1529,32,4,Content Illustration
Strasbourg_1529,33,1,Content Illustration
Strasbourg_1529,36,1,Content Illustration
Strasbourg_1529,36,2,Content Illustration
Strasbourg_1529,37,1,Content Illustration
Strasbourg_1529,38,1,Content Illustration
Strasbourg_1529,38,2,Content Illustration
Strasbourg_1529,3,1,Content Illustration
Strasbourg_1529,40,1,Content Illustration
Strasbourg_1529,40,2,Content Illustration
Strasbourg_1529,41,1,Content Illustration
Strasbourg_1529,41,2,Content Illustration
Strasbourg_1529,42,1,Content Illustration
Strasbourg_1529,42,2,Content Illustration
Strasbourg_1529,42,3,Content Illustration
Strasbourg_1529,44,1,Content Illustration
Strasbourg_1529,45,1,Content Illustration
Strasbourg_1529,46,1,Content Illustration
Strasbourg_1529,47,1,Content Illustration
Strasbourg_1529,58,1,Content Illustration
Strasbourg_1529,59,1,Content Illustration
Strasbourg_1529,60,1,Content Illustration
Strasbourg_1529,60,2,Content Illustration
Strasbourg_1529,61,1,Content Illustration
Strasbourg_1529,62,1,Content Illustration
Strasbourg_1529,62,2,Content Illustration
Strasbourg_1529,62,3,Content Illustration
Strasbourg_1529,63,1,Content Illustration
Strasbourg_1529,64,1,Content Illustration
Strasbourg_1529,9,1,Content Illustration
Strasbourg_1529,9,2,Content Illustration
Strasbourg_1529,9,3,Content Illustration
C8SLYQ,1,1,Decoration
C8SLYQ,8,1,Content Illustration
C8SLYQ,12,1,Content Illustration
C8SLYQ,15,1,Content Illustration
C8SLYQ,16,1,Content Illustration
C8SLYQ,17,1,Content Illustration
C8SLYQ,18,1,Content Illustration
C8SLYQ,19,1,Content Illustration
C8SLYQ,20,1,Content Illustration
C8SLYQ,21,1,Content Illustration
C8SLYQ,22,1,Content Illustration
C8SLYQ,23,1,Content Illustration
C8SLYQ,24,1,Content Illustration
C8SLYQ,24,2,Content Illustration
C8SLYQ,24,3,Content Illustration
C8SLYQ,25,1,Content Illustration
C8SLYQ,26,1,Content Illustration
C8SLYQ,27,1,Content Illustration
C8SLYQ,28,1,Content Illustration
C8SLYQ,29,1,Content Illustration
C8SLYQ,31,1,Content Illustration
C8SLYQ,32,1,Content Illustration
C8SLYQ,33,1,Content Illustration
C8SLYQ,34,1,Content Illustration
C8SLYQ,35,1,Content Illustration
C8SLYQ,36,1,Content Illustration
C8SLYQ,38,1,Content Illustration
C8SLYQ,40,1,Content Illustration
C8SLYQ,44,1,Content Illustration
C8SLYQ,46,1,Content Illustration
C8SLYQ,47,1,Content Illustration
C8SLYQ,50,1,Decoration
C8SLYQ,51,1,Content Illustration
C8SLYQ,52,1,Content Illustration
C8SLYQ,54,1,Content Illustration
C8SLYQ,54,2,Content Illustration
C8SLYQ,56,1,Content Illustration
C8SLYQ,58,1,Content Illustration
C8SLYQ,62,1,Content Illustration
C8SLYQ,63,1,Content Illustration
C8SLYQ,65,1,Content Illustration
C8SLYQ,67,1,Content Illustration
C8SLYQ,69,1,Content Illustration
C8SLYQ,70,1,Decoration
C8SLYQ,70,2,Decoration
C8SLYQ,70,3,Decoration
C8SLYQ,71,1,Content Illustration
C8SLYQ,72,1,Content Illustration
C8SLYQ,73,1,Content Illustration
C8SLYQ,74,1,Content Illustration
C8SLYQ,76,1,Content Illustration
C8SLYQ,77,1,Content Illustration
C8SLYQ,78,1,Content Illustration
C8SLYQ,79,1,Content Illustration
C8SLYQ,82,1,Content Illustration
C8SLYQ,83,1,Content Illustration
C8SLYQ,83,2,Content Illustration
C8SLYQ,84,1,Initial
C8SLYQ,85,1,Content Illustration
C8SLYQ,87,1,Content Illustration
C8SLYQ,91,1,Content Illustration
C8SLYQ,92,1,Content Illustration
C8SLYQ,93,1,Content Illustration
C8SLYQ,94,1,Content Illustration
C8SLYQ,95,1,Content Illustration
C8SLYQ,97,1,Content Illustration
ZQIHYL,1,1,Initial
ZQIHYL,6,1,Decoration
ZQIHYL,6,1,Initial
ZQIHYL,7,1,Content Illustration
ZQIHYL,54,1,Content Illustration
ZQIHYL,55,1,Content Illustration
ZQIHYL,68,1,Decoration
ZQIHYL,68,1,Initial
ZQIHYL,77,1,Decoration
ZQIHYL,77,1,Initial
ZQIHYL,81,1,Content Illustration
ZQIHYL,103,1,Decoration
ZQIHYL,103,1,Initial
ZQIHYL,136,1,Decoration
ZQIHYL,136,1,Initial
ZQIHYL,176,1,Decoration
ZQIHYL,176,1,Initial
ZQIHYL,183,1,Content Illustration
ZQIHYL,184,1,Content Illustration
ZQIHYL,184,2,Content Illustration
ZQIHYL,184,3,Content Illustration
ZQIHYL,184,4,Content Illustration
ZQIHYL,184,5,Content Illustration
ZQIHYL,184,6,Content Illustration
ZQIHYL,184,7,Content Illustration
ZQIHYL,209,1,Content Illustration
ZQIHYL,238,1,Content Illustration
ZQIHYL,238,2,Content Illustration
ZQIHYL,238,3,Content Illustration
ZQIHYL,238,4,Content Illustration
ZQIHYL,238,5,Content Illustration
ZQIHYL,238,6,Content Illustration
ZQIHYL,243,1,Content Illustration
ZQIHYL,249,1,Content Illustration
ZQIHYL,250,1,Initial
ZQIHYL,252,1,Decoration
ZQIHYL,252,1,Initial
ZQIHYL,285,1,Decoration
ZQIHYL,285,1,Initial
ZQIHYL,287,1,Content Illustration
ZQIHYL,300,1,Decoration
ZQIHYL,300,1,Initial
ZQIHYL,307,1,Decoration
ZQIHYL,307,1,Initial
ZQIHYL,318,1,Content Illustration
ZQIHYL,321,1,Decoration
ZQIHYL,321,1,Initial
ZQIHYL,330,1,Decoration
ZQIHYL,330,1,Initial
ZQIHYL,335,1,Decoration
ZQIHYL,335,1,Initial
ZQIHYL,338,1,Content Illustration
ZQIHYL,338,2,Content Illustration
ZQIHYL,338,3,Content Illustration
ZQIHYL,340,1,Decoration
ZQIHYL,340,1,Initial
ZQIHYL,353,1,Decoration
ZQIHYL,353,1,Initial
ZQIHYL,382,1,Content Illustration
ZQIHYL,384,1,Content Illustration
ZQIHYL,388,1,Decoration
ZQIHYL,388,1,Initial
ZQIHYL,415,1,Content Illustration
ZQIHYL,415,1,Table
ZQIHYL,419,1,Decoration
ZQIHYL,419,1,Initial
ZQIHYL,432,1,Decoration
ZQIHYL,432,1,Initial
ZQIHYL,456,1,Table
ZQIHYL,457,1,Table
ZQIHYL,458,1,Table
ZQIHYL,459,1,Table
ZQIHYL,460,1,Table
ZQIHYL,461,1,Table
ZQIHYL,464,1,Initial
ZQIHYL,485,1,Content Illustration
ZQIHYL,510,1,Content Illustration
ZQIHYL,511,1,Content Illustration
Paris_1532,100,1,Content Illustration
Paris_1532,102,1,Content Illustration
Paris_1532,107,1,Content Illustration
Paris_1532,108,1,Content Illustration
Paris_1532,108,2,Content Illustration
Paris_1532,109,1,Content Illustration
Paris_1532,109,2,Content Illustration
Paris_1532,109,3,Content Illustration
Paris_1532,109,4,Content Illustration
Paris_1532,109,5,Content Illustration
Paris_1532,109,6,Content Illustration
Paris_1532,109,7,Content Illustration
Paris_1532,110,1,Content Illustration
Paris_1532,110,2,Content Illustration
Paris_1532,110,3,Content Illustration
Paris_1532,110,4,Content Illustration
Paris_1532,117,1,Content Illustration
Paris_1532,117,2,Content Illustration
Paris_1532,120,1,Content Illustration
Paris_1532,120,2,Content Illustration
Paris_1532,120,3,Content Illustration
Paris_1532,121,1,Content Illustration
Paris_1532,121,2,Content Illustration
Paris_1532,122,1,Content Illustration
Paris_1532,122,2,Content Illustration
Paris_1532,122,3,Content Illustration
Paris_1532,122,4,Content Illustration
Paris_1532,123,1,Content Illustration
Paris_1532,123,2,Content Illustration
Paris_1532,124,1,Content Illustration
Paris_1532,124,2,Content Illustration
Paris_1532,125,1,Content Illustration
Paris_1532,125,2,Content Illustration
Paris_1532,125,3,Content Illustration
Paris_1532,125,4,Content Illustration
Paris_1532,126,1,Content Illustration
Paris_1532,126,2,Content Illustration
Paris_1532,126,3,Content Illustration
Paris_1532,127,1,Content Illustration
Paris_1532,127,2,Content Illustration
Paris_1532,127,3,Content Illustration
Paris_1532,127,4,Content Illustration
Paris_1532,128,1,Content Illustration
Paris_1532,128,2,Content Illustration
Paris_1532,129,1,Content Illustration
Paris_1532,132,1,Content Illustration
Paris_1532,146,1,Content Illustration
Paris_1532,147,1,Content Illustration
Paris_1532,147,2,Content Illustration
Paris_1532,148,1,Content Illustration
Paris_1532,149,1,Content Illustration
Paris_1532,150,1,Content Illustration
Paris_1532,151,1,Content Illustration
Paris_1532,151,2,Content Illustration
Paris_1532,152,1,Content Illustration
Paris_1532,153,1,Content Illustration
Paris_1532,154,1,Content Illustration
Paris_1532,156,1,Content Illustration
Paris_1532,157,1,Content Illustration
Paris_1532,158,1,Content Illustration
Paris_1532,160,1,Content Illustration
Paris_1532,161,1,Content Illustration
Paris_1532,162,1,Content Illustration
Paris_1532,163,1,Content Illustration
Paris_1532,164,1,Content Illustration
Paris_1532,165,1,Content Illustration
Paris_1532,166,1,Content Illustration
Paris_1532,167,1,Content Illustration
Paris_1532,168,1,Content Illustration
Paris_1532,169,1,Content Illustration
Paris_1532,169,2,Content Illustration
Paris_1532,170,1,Content Illustration
Paris_1532,171,1,Content Illustration
Paris_1532,172,1,Content Illustration
Paris_1532,172,2,Content Illustration
Paris_1532,172,3,Content Illustration
Paris_1532,173,1,Content Illustration
Paris_1532,173,2,Content Illustration
Paris_1532,173,3,Content Illustration
Paris_1532,174,1,Content Illustration
Paris_1532,174,2,Content Illustration
Paris_1532,175,1,Content Illustration
Paris_1532,176,1,Content Illustration
Paris_1532,176,2,Content Illustration
Paris_1532,177,1,Content Illustration
Paris_1532,178,1,Content Illustration
Paris_1532,179,1,Content Illustration
Paris_1532,179,2,Content Illustration
Paris_1532,179,3,Content Illustration
Paris_1532,180,1,Content Illustration
Paris_1532,181,1,Content Illustration
Paris_1532,181,2,Content Illustration
Paris_1532,181,3,Content Illustration
Paris_1532,182,1,Content Illustration
Paris_1532,182,2,Content Illustration
Paris_1532,183,1,Content Illustration
Paris_1532,183,2,Content Illustration
Paris_1532,184,1,Content Illustration
Paris_1532,185,1,Content Illustration
Paris_1532,185,2,Content Illustration
Paris_1532,186,1,Content Illustration
Paris_1532,186,2,Content Illustration
Paris_1532,187,1,Content Illustration
Paris_1532,187,2,Content Illustration
Paris_1532,188,1,Content Illustration
Paris_1532,189,1,Content Illustration
Paris_1532,189,2,Content Illustration
Paris_1532,189,3,Content Illustration
Paris_1532,190,1,Content Illustration
Paris_1532,191,1,Content Illustration
Paris_1532,192,1,Content Illustration
Paris_1532,192,2,Content Illustration
Paris_1532,193,1,Content Illustration
Paris_1532,193,2,Content Illustration
Paris_1532,195,1,Content Illustration
Paris_1532,195,2,Content Illustration
Paris_1532,195,3,Content Illustration
Paris_1532,196,1,Content Illustration
Paris_1532,196,2,Content Illustration
Paris_1532,197,1,Content Illustration
Paris_1532,198,1,Content Illustration
Paris_1532,198,2,Content Illustration
Paris_1532,198,3,Content Illustration
Paris_1532,199,1,Content Illustration
Paris_1532,200,1,Content Illustration
Paris_1532,200,2,Content Illustration
Paris_1532,200,3,Content Illustration
Paris_1532,200,4,Content Illustration
Paris_1532,201,1,Content Illustration
Paris_1532,201,2,Content Illustration
Paris_1532,202,1,Content Illustration
Paris_1532,202,2,Content Illustration
Paris_1532,203,1,Content Illustration
Paris_1532,204,1,Content Illustration
Paris_1532,204,2,Content Illustration
Paris_1532,204,3,Content Illustration
Paris_1532,205,1,Content Illustration
Paris_1532,205,2,Content Illustration
Paris_1532,206,1,Content Illustration
Paris_1532,208,1,Content Illustration
Paris_1532,208,2,Content Illustration
Paris_1532,209,1,Content Illustration
Paris_1532,210,1,Content Illustration
Paris_1532,210,2,Content Illustration
Paris_1532,211,1,Content Illustration
Paris_1532,212,1,Content Illustration
Paris_1532,213,1,Content Illustration
Paris_1532,219,1,Content Illustration
Paris_1532,21,1,Content Illustration
Paris_1532,221,1,Content Illustration
Paris_1532,222,1,Content Illustration
Paris_1532,222,2,Content Illustration
Paris_1532,224,1,Content Illustration
Paris_1532,224,2,Content Illustration
Paris_1532,225,1,Content Illustration
Paris_1532,225,2,Content Illustration
Paris_1532,225,3,Content Illustration
Paris_1532,226,1,Content Illustration
Paris_1532,226,2,Content Illustration
Paris_1532,226,3,Content Illustration
Paris_1532,226,4,Content Illustration
Paris_1532,226,5,Content Illustration
Paris_1532,227,1,Content Illustration
Paris_1532,229,1,Content Illustration
Paris_1532,230,1,Content Illustration
Paris_1532,230,2,Content Illustration
Paris_1532,230,3,Content Illustration
Paris_1532,231,1,Content Illustration
Paris_1532,232,1,Content Illustration
Paris_1532,233,1,Content Illustration
Paris_1532,234,1,Content Illustration
Paris_1532,234,2,Content Illustration
Paris_1532,235,1,Content Illustration
Paris_1532,235,2,Content Illustration
Paris_1532,236,1,Content Illustration
Paris_1532,236,2,Content Illustration
Paris_1532,237,1,Content Illustration
Paris_1532,240,1,Content Illustration
Paris_1532,241,1,Content Illustration
Paris_1532,242,1,Content Illustration
Paris_1532,242,2,Content Illustration
Paris_1532,242,3,Content Illustration
Paris_1532,243,1,Content Illustration
Paris_1532,244,1,Content Illustration
Paris_1532,244,2,Content Illustration
Paris_1532,245,1,Content Illustration
Paris_1532,246,1,Content Illustration
Paris_1532,246,2,Content Illustration
Paris_1532,248,1,Content Illustration
Paris_1532,24,1,Content Illustration
Paris_1532,250,1,Content Illustration
Paris_1532,250,2,Content Illustration
Paris_1532,251,1,Content Illustration
Paris_1532,252,1,Content Illustration
Paris_1532,254,1,Content Illustration
Paris_1532,254,2,Content Illustration
Paris_1532,254,3,Content Illustration
Paris_1532,256,1,Content Illustration
Paris_1532,258,1,Content Illustration
Paris_1532,258,2,Content Illustration
Paris_1532,260,1,Content Illustration
Paris_1532,263,1,Content Illustration
Paris_1532,264,1,Content Illustration
Paris_1532,278,1,Content Illustration
Paris_1532,279,1,Content Illustration
Paris_1532,283,1,Content Illustration
Paris_1532,284,1,Content Illustration
Paris_1532,284,2,Content Illustration
Paris_1532,285,1,Content Illustration
Paris_1532,285,2,Content Illustration
Paris_1532,293,1,Content Illustration
Paris_1532,293,2,Content Illustration
Paris_1532,297,1,Content Illustration
Paris_1532,298,1,Content Illustration
Paris_1532,300,1,Content Illustration
Paris_1532,301,1,Content Illustration
Paris_1532,304,1,Content Illustration
Paris_1532,308,1,Content Illustration
Paris_1532,308,2,Content Illustration
Paris_1532,309,1,Content Illustration
Paris_1532,314,1,Content Illustration
Paris_1532,314,2,Content Illustration
Paris_1532,316,1,Content Illustration
Paris_1532,317,1,Content Illustration
Paris_1532,319,1,Content Illustration
Paris_1532,321,1,Content Illustration
Paris_1532,322,1,Content Illustration
Paris_1532,323,1,Content Illustration
Paris_1532,325,1,Content Illustration
Paris_1532,326,1,Content Illustration
Paris_1532,327,1,Content Illustration
Paris_1532,331,1,Content Illustration
Paris_1532,331,2,Content Illustration
Paris_1532,333,1,Content Illustration
Paris_1532,335,1,Content Illustration
Paris_1532,337,1,Content Illustration
Paris_1532,338,1,Content Illustration
Paris_1532,341,1,Content Illustration
Paris_1532,341,2,Content Illustration
Paris_1532,343,1,Content Illustration
Paris_1532,345,1,Content Illustration
Paris_1532,346,1,Content Illustration
Paris_1532,346,2,Content Illustration
Paris_1532,347,1,Content Illustration
Paris_1532,348,1,Content Illustration
Paris_1532,349,1,Content Illustration
Paris_1532,349,2,Content Illustration
Paris_1532,350,1,Content Illustration
Paris_1532,351,1,Content Illustration
Paris_1532,352,1,Content Illustration
Paris_1532,354,1,Content Illustration
Paris_1532,355,1,Content Illustration
Paris_1532,356,1,Content Illustration
Paris_1532,357,1,Content Illustration
Paris_1532,358,1,Content Illustration
Paris_1532,359,1,Content Illustration
Paris_1532,360,1,Content Illustration
Paris_1532,361,1,Content Illustration
Paris_1532,361,2,Content Illustration
Paris_1532,363,1,Content Illustration
Paris_1532,365,1,Content Illustration
Paris_1532,367,1,Content Illustration
Paris_1532,368,1,Content Illustration
Paris_1532,369,1,Content Illustration
Paris_1532,370,1,Content Illustration
Paris_1532,370,2,Content Illustration
Paris_1532,371,1,Content Illustration
Paris_1532,372,1,Content Illustration
Paris_1532,375,1,Content Illustration
Paris_1532,376,1,Content Illustration
Paris_1532,380,1,Content Illustration
Paris_1532,382,1,Content Illustration
Paris_1532,385,1,Content Illustration
Paris_1532,387,1,Content Illustration
Paris_1532,389,1,Content Illustration
Paris_1532,394,1,Content Illustration
Paris_1532,396,1,Content Illustration
Paris_1532,398,1,Content Illustration
Paris_1532,399,1,Content Illustration
Paris_1532,3,1,Content Illustration
Paris_1532,401,1,Content Illustration
Paris_1532,402,1,Content Illustration
Paris_1532,403,1,Content Illustration
Paris_1532,405,1,Content Illustration
Paris_1532,406,1,Content Illustration
Paris_1532,407,1,Content Illustration
Paris_1532,409,1,Content Illustration
Paris_1532,411,1,Content Illustration
Paris_1532,414,1,Content Illustration
Paris_1532,416,1,Content Illustration
Paris_1532,419,1,Content Illustration
Paris_1532,425,1,Content Illustration
Paris_1532,43,1,Content Illustration
Paris_1532,440,1,Content Illustration
Paris_1532,6,1,Content Illustration
Paris_1532,98,1,Content Illustration
Paris_1532,99,1,Content Illustration
Paris_1532,99,2,Content Illustration
Paris_1532,99,3,Content Illustration
Nuremberg_1539,100,1,Content Illustration
Nuremberg_1539,101,1,Content Illustration
Nuremberg_1539,101,2,Content Illustration
Nuremberg_1539,102,1,Content Illustration
Nuremberg_1539,102,2,Content Illustration
Nuremberg_1539,103,1,Content Illustration
Nuremberg_1539,104,1,Content Illustration
Nuremberg_1539,104,2,Content Illustration
Nuremberg_1539,105,1,Content Illustration
Nuremberg_1539,105,2,Content Illustration
Nuremberg_1539,106,1,Content Illustration
Nuremberg_1539,106,2,Content Illustration
Nuremberg_1539,107,1,Content Illustration
Nuremberg_1539,108,1,Content Illustration
Nuremberg_1539,108,2,Content Illustration
Nuremberg_1539,109,1,Content Illustration
Nuremberg_1539,110,1,Content Illustration
Nuremberg_1539,110,2,Content Illustration
Nuremberg_1539,110,3,Content Illustration
Nuremberg_1539,110,4,Content Illustration
Nuremberg_1539,110,5,Content Illustration
Nuremberg_1539,110,6,Content Illustration
Nuremberg_1539,110,7,Content Illustration
Nuremberg_1539,112,1,Content Illustration
Nuremberg_1539,112,2,Content Illustration
Nuremberg_1539,113,1,Content Illustration
Nuremberg_1539,114,1,Content Illustration
Nuremberg_1539,116,1,Content Illustration
Nuremberg_1539,117,1,Content Illustration
Nuremberg_1539,118,1,Content Illustration
Nuremberg_1539,118,2,Content Illustration
Nuremberg_1539,120,1,Content Illustration
Nuremberg_1539,121,1,Content Illustration
Nuremberg_1539,122,1,Content Illustration
Nuremberg_1539,123,1,Content Illustration
Nuremberg_1539,124,1,Content Illustration
Nuremberg_1539,124,2,Content Illustration
Nuremberg_1539,125,1,Content Illustration
Nuremberg_1539,126,1,Content Illustration
Nuremberg_1539,126,2,Content Illustration
Nuremberg_1539,127,1,Content Illustration
Nuremberg_1539,128,1,Content Illustration
Nuremberg_1539,129,1,Content Illustration
Nuremberg_1539,130,1,Content Illustration
Nuremberg_1539,131,1,Content Illustration
Nuremberg_1539,132,1,Content Illustration
Nuremberg_1539,133,1,Content Illustration
Nuremberg_1539,133,2,Content Illustration
Nuremberg_1539,134,1,Content Illustration
Nuremberg_1539,135,1,Content Illustration
Nuremberg_1539,136,1,Content Illustration
Nuremberg_1539,137,1,Content Illustration
Nuremberg_1539,137,2,Content Illustration
Nuremberg_1539,138,1,Content Illustration
Nuremberg_1539,139,1,Content Illustration
Nuremberg_1539,14,1,Content Illustration
Nuremberg_1539,15,1,Content Illustration
Nuremberg_1539,15,2,Content Illustration
Nuremberg_1539,15,3,Content Illustration
Nuremberg_1539,16,1,Content Illustration
Nuremberg_1539,16,2,Content Illustration
Nuremberg_1539,16,3,Content Illustration
Nuremberg_1539,17,1,Content Illustration
Nuremberg_1539,17,2,Content Illustration
Nuremberg_1539,18,1,Content Illustration
Nuremberg_1539,18,2,Content Illustration
Nuremberg_1539,18,3,Content Illustration
Nuremberg_1539,19,1,Content Illustration
Nuremberg_1539,19,2,Content Illustration
Nuremberg_1539,19,3,Content Illustration
Nuremberg_1539,19,4,Content Illustration
Nuremberg_1539,19,5,Content Illustration
Nuremberg_1539,19,6,Content Illustration
Nuremberg_1539,20,1,Content Illustration
Nuremberg_1539,20,2,Content Illustration
Nuremberg_1539,20,3,Content Illustration
Nuremberg_1539,20,4,Content Illustration
Nuremberg_1539,20,5,Content Illustration
Nuremberg_1539,21,1,Content Illustration
Nuremberg_1539,22,1,Content Illustration
Nuremberg_1539,22,2,Content Illustration
Nuremberg_1539,22,3,Content Illustration
Nuremberg_1539,23,1,Content Illustration
Nuremberg_1539,24,1,Content Illustration
Nuremberg_1539,24,2,Content Illustration
Nuremberg_1539,25,1,Content Illustration
Nuremberg_1539,25,2,Content Illustration
Nuremberg_1539,26,1,Content Illustration
Nuremberg_1539,26,2,Content Illustration
Nuremberg_1539,27,1,Content Illustration
Nuremberg_1539,28,1,Content Illustration
Nuremberg_1539,29,1,Content Illustration
Nuremberg_1539,31,1,Content Illustration
Nuremberg_1539,31,2,Content Illustration
Nuremberg_1539,31,3,Content Illustration
Nuremberg_1539,31,4,Content Illustration
Nuremberg_1539,31,5,Content Illustration
Nuremberg_1539,32,1,Content Illustration
Nuremberg_1539,32,2,Content Illustration
Nuremberg_1539,32,3,Content Illustration
Nuremberg_1539,33,1,Content Illustration
Nuremberg_1539,34,1,Content Illustration
Nuremberg_1539,34,2,Content Illustration
Nuremberg_1539,35,1,Content Illustration
Nuremberg_1539,35,2,Content Illustration
Nuremberg_1539,35,3,Content Illustration
Nuremberg_1539,35,4,Content Illustration
Nuremberg_1539,36,1,Content Illustration
Nuremberg_1539,36,2,Content Illustration
Nuremberg_1539,37,1,Content Illustration
Nuremberg_1539,37,2,Content Illustration
Nuremberg_1539,38,1,Content Illustration
Nuremberg_1539,40,1,Content Illustration
Nuremberg_1539,41,1,Content Illustration
Nuremberg_1539,42,1,Content Illustration
Nuremberg_1539,42,2,Content Illustration
Nuremberg_1539,43,1,Content Illustration
Nuremberg_1539,44,1,Content Illustration
Nuremberg_1539,45,1,Content Illustration
Nuremberg_1539,46,1,Content Illustration
Nuremberg_1539,47,1,Content Illustration
Nuremberg_1539,48,1,Content Illustration
Nuremberg_1539,48,2,Content Illustration
Nuremberg_1539,49,1,Content Illustration
Nuremberg_1539,50,1,Content Illustration
Nuremberg_1539,51,1,Content Illustration
Nuremberg_1539,52,1,Content Illustration
Nuremberg_1539,53,1,Content Illustration
Nuremberg_1539,53,2,Content Illustration
Nuremberg_1539,53,3,Content Illustration
Nuremberg_1539,55,1,Content Illustration
Nuremberg_1539,56,1,Content Illustration
Nuremberg_1539,56,2,Content Illustration
Nuremberg_1539,57,1,Content Illustration
Nuremberg_1539,59,1,Content Illustration
Nuremberg_1539,60,1,Content Illustration
Nuremberg_1539,61,1,Content Illustration
Nuremberg_1539,63,1,Content Illustration
Nuremberg_1539,63,2,Content Illustration
Nuremberg_1539,64,1,Content Illustration
Nuremberg_1539,66,1,Content Illustration
Nuremberg_1539,67,1,Content Illustration
Nuremberg_1539,68,1,Content Illustration
Nuremberg_1539,69,1,Content Illustration
Nuremberg_1539,69,2,Content Illustration
Nuremberg_1539,70,1,Content Illustration
Nuremberg_1539,70,2,Content Illustration
Nuremberg_1539,71,1,Content Illustration
Nuremberg_1539,72,1,Content Illustration
Nuremberg_1539,75,1,Content Illustration
Nuremberg_1539,77,1,Content Illustration
Nuremberg_1539,79,1,Content Illustration
Nuremberg_1539,80,1,Content Illustration
Nuremberg_1539,82,1,Content Illustration
Nuremberg_1539,83,1,Content Illustration
Nuremberg_1539,83,2,Content Illustration
Nuremberg_1539,85,1,Content Illustration
Nuremberg_1539,85,2,Content Illustration
Nuremberg_1539,85,3,Content Illustration
Nuremberg_1539,87,1,Content Illustration
Nuremberg_1539,87,10,Content Illustration
Nuremberg_1539,87,11,Content Illustration
Nuremberg_1539,87,2,Content Illustration
Nuremberg_1539,87,3,Content Illustration
Nuremberg_1539,87,4,Content Illustration
Nuremberg_1539,87,5,Content Illustration
Nuremberg_1539,87,6,Content Illustration
Nuremberg_1539,87,7,Content Illustration
Nuremberg_1539,87,8,Content Illustration
Nuremberg_1539,87,9,Content Illustration
Nuremberg_1539,88,1,Content Illustration
Nuremberg_1539,89,1,Content Illustration
Nuremberg_1539,89,2,Content Illustration
Nuremberg_1539,90,1,Content Illustration
Nuremberg_1539,90,2,Content Illustration
Nuremberg_1539,90,3,Content Illustration
Nuremberg_1539,90,4,Content Illustration
Nuremberg_1539,91,1,Content Illustration
Nuremberg_1539,92,1,Content Illustration
Nuremberg_1539,92,2,Content Illustration
Nuremberg_1539,93,1,Content Illustration
Nuremberg_1539,94,1,Content Illustration
Nuremberg_1539,94,2,Content Illustration
Nuremberg_1539,95,1,Content Illustration
Nuremberg_1539,95,2,Content Illustration
Nuremberg_1539,96,1,Content Illustration
Nuremberg_1539,96,2,Content Illustration
Nuremberg_1539,97,1,Content Illustration
Nuremberg_1539,98,1,Content Illustration
Nuremberg_1539,98,2,Content Illustration
Nuremberg_1539,99,1,Content Illustration
Nuremberg_1539,99,2,Content Illustration
bib-1,14,1,Content Illustration
bib-1,14,1,Decoration
bib-1,16,1,Decoration
bib-1,16,1,Initial
bib-1,18,1,Decoration
bib-1,18,2,Decoration
bib-1,18,1,Initial
bib-1,19,1,Initial
bib-1,20,1,Decoration
bib-1,22,1,Content Illustration
bib-1,22,1,Initial
bib-1,23,1,Content Illustration
bib-1,24,1,Content Illustration
bib-1,24,2,Content Illustration
bib-1,24,3,Content Illustration
bib-1,25,1,Content Illustration
bib-1,25,2,Content Illustration
bib-1,26,1,Content Illustration
bib-1,26,2,Content Illustration
bib-1,27,1,Content Illustration
bib-1,27,2,Content Illustration
bib-1,28,1,Content Illustration
bib-1,28,2,Content Illustration
bib-1,28,1,Decoration
bib-1,29,1,Content Illustration
bib-1,29,2,Content Illustration
bib-1,30,1,Content Illustration
bib-1,30,2,Content Illustration
bib-1,31,1,Content Illustration
bib-1,31,2,Content Illustration
bib-1,31,3,Content Illustration
bib-1,32,1,Content Illustration
bib-1,32,2,Content Illustration
bib-1,33,1,Content Illustration
bib-1,33,2,Content Illustration
bib-1,33,3,Content Illustration
bib-1,33,4,Content Illustration
bib-1,34,1,Content Illustration
bib-1,34,2,Content Illustration
bib-1,35,1,Content Illustration
bib-1,35,2,Content Illustration
bib-1,36,1,Content Illustration
bib-1,36,2,Content Illustration
bib-1,37,1,Content Illustration
bib-1,38,1,Content Illustration
bib-1,39,1,Content Illustration
bib-1,39,2,Content Illustration
bib-1,39,3,Content Illustration
bib-1,39,1,Initial
bib-1,40,1,Content Illustration
bib-1,40,1,Decoration
bib-1,40,2,Decoration
bib-1,41,1,Content Illustration
bib-1,41,2,Content Illustration
bib-1,41,1,Decoration
bib-1,42,1,Content Illustration
bib-1,42,2,Content Illustration
bib-1,42,3,Content Illustration
bib-1,43,1,Content Illustration
bib-1,43,2,Content Illustration
bib-1,44,1,Content Illustration
bib-1,44,2,Content Illustration
bib-1,45,1,Content Illustration
bib-1,45,2,Content Illustration
bib-1,46,1,Content Illustration
bib-1,46,2,Content Illustration
bib-1,47,1,Content Illustration
bib-1,47,2,Content Illustration
bib-1,48,1,Content Illustration
bib-1,48,2,Content Illustration
bib-1,49,1,Content Illustration
bib-1,50,1,Content Illustration
bib-1,50,2,Content Illustration
bib-1,51,1,Content Illustration
bib-1,52,1,Content Illustration
bib-1,53,1,Content Illustration
bib-1,53,2,Content Illustration
bib-1,54,1,Content Illustration
bib-1,54,2,Content Illustration
bib-1,55,1,Content Illustration
bib-1,56,1,Content Illustration
bib-1,56,2,Content Illustration
bib-1,57,1,Content Illustration
bib-1,57,2,Content Illustration
bib-1,58,1,Content Illustration
bib-1,58,2,Content Illustration
bib-1,59,1,Content Illustration
bib-1,59,2,Content Illustration
bib-1,60,1,Content Illustration
bib-1,60,2,Content Illustration
bib-1,61,1,Content Illustration
bib-1,61,2,Content Illustration
bib-1,62,1,Content Illustration
bib-1,62,2,Content Illustration
bib-1,63,1,Content Illustration
bib-1,64,1,Content Illustration
bib-1,64,2,Content Illustration
bib-1,65,1,Content Illustration
bib-1,66,1,Content Illustration
bib-1,66,2,Content Illustration
bib-1,67,1,Content Illustration
bib-1,69,1,Content Illustration
bib-1,70,1,Content Illustration
bib-1,72,1,Content Illustration
bib-1,72,2,Content Illustration
bib-1,72,1,Initial
bib-1,73,1,Content Illustration
bib-1,73,2,Content Illustration
bib-1,74,1,Content Illustration
bib-1,75,1,Content Illustration
bib-1,75,2,Content Illustration
bib-1,76,1,Content Illustration
bib-1,77,1,Content Illustration
bib-1,77,1,Initial
bib-1,79,1,Content Illustration
bib-1,80,1,Content Illustration
bib-1,81,1,Content Illustration
bib-1,82,1,Content Illustration
bib-1,82,2,Content Illustration
bib-1,82,1,Decoration
bib-1,83,1,Content Illustration
bib-1,84,1,Content Illustration
bib-1,84,2,Content Illustration
bib-1,85,1,Content Illustration
bib-1,86,1,Initial
bib-1,87,1,Content Illustration
bib-1,87,2,Content Illustration
bib-1,88,1,Content Illustration
bib-1,88,2,Content Illustration
bib-1,89,1,Content Illustration
bib-1,89,2,Content Illustration
bib-1,90,1,Content Illustration
bib-1,90,2,Content Illustration
bib-1,90,3,Content Illustration
bib-1,90,4,Content Illustration
bib-1,91,1,Content Illustration
bib-1,91,2,Content Illustration
bib-1,92,1,Content Illustration
bib-1,92,2,Content Illustration
bib-1,93,1,Content Illustration
bib-1,93,2,Content Illustration
bib-1,94,1,Content Illustration
bib-1,94,2,Content Illustration
bib-1,95,1,Content Illustration
bib-1,95,2,Content Illustration
bib-1,96,1,Content Illustration
bib-1,97,1,Content Illustration
bib-1,98,1,Content Illustration
bib-1,98,2,Content Illustration
bib-1,99,1,Content Illustration
bib-1,99,2,Content Illustration
bib-1,100,1,Content Illustration
bib-1,100,1,Initial
bib-1,101,1,Content Illustration
bib-1,102,1,Content Illustration
bib-1,103,1,Content Illustration
bib-1,103,2,Content Illustration
bib-1,103,3,Content Illustration
bib-1,103,1,Initial
bib-1,104,1,Content Illustration
bib-1,105,1,Content Illustration
bib-1,106,1,Content Illustration
bib-1,107,1,Content Illustration
bib-1,107,2,Content Illustration
bib-1,108,1,Content Illustration
bib-1,108,2,Content Illustration
bib-1,108,3,Content Illustration
bib-1,109,1,Content Illustration
bib-1,110,1,Content Illustration
bib-1,110,2,Content Illustration
bib-1,111,1,Content Illustration
bib-1,112,1,Content Illustration
bib-1,113,1,Content Illustration
bib-1,114,1,Content Illustration
bib-1,114,2,Content Illustration
bib-1,114,3,Content Illustration
bib-1,115,1,Content Illustration
bib-1,116,1,Content Illustration
bib-1,116,1,Decoration
bib-1,116,2,Decoration
bib-1,117,1,Content Illustration
bib-1,118,1,Content Illustration
bib-1,119,1,Content Illustration
bib-1,120,1,Content Illustration
bib-1,122,1,Content Illustration
Z0K13S,8,1,Printer's Mark
Z0K13S,9,1,Content Illustration
Z0K13S,10,1,Decoration
Z0K13S,14,1,Initial
Z0K13S,15,1,Initial
Z0K13S,16,1,Initial
Z0K13S,25,1,Initial
Z0K13S,25,2,Initial
Z0K13S,26,1,Initial
Z0K13S,28,1,Initial
Z0K13S,29,1,Initial
Z0K13S,31,1,Content Illustration
Z0K13S,31,1,Initial
Z0K13S,33,1,Initial
Z0K13S,34,1,Initial
Z0K13S,37,1,Initial
Z0K13S,38,1,Initial
Z0K13S,42,1,Content Illustration
Z0K13S,43,1,Initial
Z0K13S,45,1,Content Illustration
Z0K13S,46,1,Content Illustration
Z0K13S,46,2,Content Illustration
Z0K13S,47,1,Initial
Z0K13S,48,1,Content Illustration
Z0K13S,49,1,Content Illustration
Z0K13S,50,1,Content Illustration
Z0K13S,50,2,Content Illustration
Z0K13S,51,1,Content Illustration
Z0K13S,51,2,Content Illustration
Z0K13S,52,1,Content Illustration
Z0K13S,52,2,Content Illustration
Z0K13S,54,1,Table
Z0K13S,55,1,Table
Z0K13S,56,1,Table
Z0K13S,57,1,Table
Z0K13S,58,1,Table
Z0K13S,59,1,Table
Z0K13S,60,1,Table
Z0K13S,61,1,Table
Z0K13S,62,1,Content Illustration
Z0K13S,62,2,Content Illustration
Z0K13S,62,3,Content Illustration
Z0K13S,62,1,Initial
Z0K13S,63,1,Content Illustration
Z0K13S,63,2,Content Illustration
Z0K13S,64,1,Content Illustration
Z0K13S,65,1,Content Illustration
Z0K13S,65,1,Initial
Z0K13S,66,1,Content Illustration
Z0K13S,67,1,Content Illustration
Z0K13S,68,1,Content Illustration
Z0K13S,69,1,Content Illustration
Z0K13S,70,1,Content Illustration
Z0K13S,71,1,Content Illustration
Z0K13S,72,1,Content Illustration
Z0K13S,72,2,Content Illustration
Z0K13S,73,1,Content Illustration
Z0K13S,74,1,Content Illustration
Z0K13S,74,2,Content Illustration
Z0K13S,75,1,Content Illustration
Z0K13S,76,1,Content Illustration
Z0K13S,76,2,Content Illustration
Z0K13S,78,1,Initial
Z0K13S,78,2,Initial
Z0K13S,80,1,Initial
Z0K13S,81,1,Initial
Z0K13S,82,1,Content Illustration
Z0K13S,83,1,Content Illustration
Z0K13S,83,2,Content Illustration
Z0K13S,85,1,Table
Z0K13S,86,1,Table
Z0K13S,87,1,Table
Z0K13S,88,1,Content Illustration
Z0K13S,88,1,Initial
Z0K13S,89,1,Initial
Z0K13S,90,1,Initial
Z0K13S,91,1,Content Illustration
Z0K13S,92,1,Content Illustration
Z0K13S,92,1,Initial
Z0K13S,93,1,Content Illustration
Z0K13S,93,2,Content Illustration
Z0K13S,94,1,Content Illustration
Z0K13S,97,1,Decoration
Z0K13S,100,1,Initial
Z0K13S,101,1,Content Illustration
Z0K13S,101,1,Initial
Z0K13S,102,1,Content Illustration
Z0K13S,102,1,Initial
Z0K13S,107,1,Table
Z0K13S,108,1,Initial
Z0K13S,108,2,Initial
Z0K13S,109,1,Content Illustration
Z0K13S,109,1,Initial
Z0K13S,111,1,Initial
Z0K13S,116,1,Table
Z0K13S,117,1,Table
Z0K13S,118,1,Table
Z0K13S,119,1,Table
Z0K13S,120,1,Table
Z0K13S,121,1,Table
Z0K13S,122,1,Table
Z0K13S,123,1,Table
Z0K13S,124,1,Table
Z0K13S,125,1,Table
Z0K13S,126,1,Table
Z0K13S,127,1,Table
Z0K13S,128,1,Table
Z0K13S,129,1,Table
Z0K13S,130,1,Table
Z0K13S,131,1,Table
Z0K13S,132,1,Table
Z0K13S,133,1,Table
Z0K13S,134,1,Table
Z0K13S,135,1,Table
Z0K13S,136,1,Table
Z0K13S,137,1,Table
Z0K13S,138,1,Table
Z0K13S,139,1,Table
Z0K13S,140,1,Table
Z0K13S,141,1,Table
Z0K13S,142,1,Table
Z0K13S,143,1,Table
Z0K13S,144,1,Table
Z0K13S,145,1,Table
Z0K13S,146,1,Table
Z0K13S,147,1,Table
Z0K13S,148,1,Table
Z0K13S,149,1,Initial
Z0K13S,151,1,Initial
Z0K13S,152,1,Content Illustration
Z0K13S,154,1,Initial
Z0K13S,156,1,Content Illustration
Z0K13S,157,1,Content Illustration
Z0K13S,157,1,Initial
Z0K13S,158,1,Content Illustration
Z0K13S,158,1,Initial
Z0K13S,159,1,Content Illustration
Z0K13S,160,1,Content Illustration
Z0K13S,161,1,Initial
Z0K13S,164,1,Table
Z0K13S,168,1,Content Illustration
Z0K13S,168,1,Initial
Z0K13S,169,1,Content Illustration
Z0K13S,170,1,Initial
Z0K13S,173,1,Content Illustration
Z0K13S,173,1,Initial
Z0K13S,174,1,Content Illustration
Z0K13S,175,1,Content Illustration
Z0K13S,175,1,Initial
Z0K13S,176,1,Initial
Z0K13S,178,1,Initial
Z0K13S,180,1,Initial
Z0K13S,185,1,Initial
Z0K13S,192,1,Content Illustration
Z0K13S,192,1,Initial
Z0K13S,193,1,Content Illustration
Z0K13S,194,1,Content Illustration
Z0K13S,194,2,Content Illustration
Z0K13S,195,1,Content Illustration
Z0K13S,195,2,Content Illustration
Z0K13S,196,1,Content Illustration
Z0K13S,196,1,Initial
Z0K13S,197,1,Content Illustration
Z0K13S,199,1,Content Illustration
Z0K13S,200,1,Content Illustration
Z0K13S,200,2,Content Illustration
Z0K13S,200,1,Initial
Z0K13S,201,1,Content Illustration
Z0K13S,201,1,Initial
Z0K13S,202,1,Content Illustration
Z0K13S,203,1,Initial
Z0K13S,204,1,Initial
Z0K13S,205,1,Content Illustration
Z0K13S,206,1,Content Illustration
Z0K13S,207,1,Initial
Z0K13S,208,1,Content Illustration
Z0K13S,209,1,Initial
Z0K13S,210,1,Initial
Z0K13S,210,2,Initial
Z0K13S,214,1,Initial
Z0K13S,215,1,Initial
Z0K13S,219,1,Initial
Z0K13S,219,2,Initial
Z0K13S,221,1,Content Illustration
Z0K13S,221,1,Initial
Z0K13S,222,1,Content Illustration
Z0K13S,223,1,Initial
Z0K13S,224,1,Content Illustration
Z0K13S,225,1,Initial
Z0K13S,229,1,Table
Z0K13S,234,1,Initial
Z0K13S,236,1,Content Illustration
Z0K13S,237,1,Content Illustration
Z0K13S,239,1,Content Illustration
Z0K13S,240,1,Content Illustration
Z0K13S,241,1,Initial
Z0K13S,242,1,Initial
Z0K13S,243,1,Initial
Z0K13S,244,1,Content Illustration
Z0K13S,245,1,Content Illustration
Z0K13S,245,1,Initial
Z0K13S,246,1,Initial
Z0K13S,247,1,Content Illustration
Z0K13S,248,1,Initial
Z0K13S,249,1,Content Illustration
Z0K13S,250,1,Table
Z0K13S,251,1,Table
Z0K13S,252,1,Initial
Z0K13S,253,1,Initial
Z0K13S,255,1,Initial
Z0K13S,257,1,Content Illustration
Z0K13S,258,1,Initial
Z0K13S,259,1,Initial
Z0K13S,262,1,Content Illustration
Z0K13S,262,1,Initial
Z0K13S,263,1,Content Illustration
Z0K13S,264,1,Initial
Z0K13S,265,1,Initial
Z0K13S,266,1,Content Illustration
Z0K13S,267,1,Initial
Z0K13S,268,1,Initial
Z0K13S,269,1,Initial
Z0K13S,270,1,Content Illustration
Z0K13S,270,1,Initial
Z0K13S,271,1,Initial
Z0K13S,272,1,Content Illustration
Z0K13S,273,1,Content Illustration
Z0K13S,274,1,Content Illustration
Z0K13S,275,1,Table
Z0K13S,276,1,Table
Z0K13S,277,1,Initial
Z0K13S,278,1,Content Illustration
Z0K13S,278,1,Initial
Z0K13S,279,1,Content Illustration
Z0K13S,279,2,Content Illustration
Z0K13S,280,1,Content Illustration
Z0K13S,280,1,Initial
Z0K13S,281,1,Initial
Z0K13S,284,1,Initial
Z0K13S,285,1,Initial
Z0K13S,286,1,Initial
Z0K13S,287,1,Content Illustration
Z0K13S,287,1,Initial
Z0K13S,288,1,Content Illustration
Z0K13S,289,1,Content Illustration
Z0K13S,290,1,Initial
Z0K13S,290,2,Initial
Z0K13S,304,1,Content Illustration
Z0K13S,304,1,Initial
Z0K13S,305,1,Content Illustration
Z0K13S,305,1,Initial
Z0K13S,306,1,Content Illustration
Z0K13S,307,1,Content Illustration
Z0K13S,307,1,Initial
Z0K13S,309,1,Initial
Z0K13S,311,1,Content Illustration
Z0K13S,313,1,Content Illustration
Z0K13S,314,1,Initial
Z0K13S,315,1,Content Illustration
Z0K13S,316,1,Content Illustration
Z0K13S,318,1,Content Illustration
Z0K13S,319,1,Initial
Z0K13S,319,2,Initial
Z0K13S,320,1,Initial
Z0K13S,321,1,Content Illustration
Z0K13S,322,1,Initial
Z0K13S,324,1,Content Illustration
Z0K13S,325,1,Content Illustration
Z0K13S,325,1,Initial
Z0K13S,326,1,Content Illustration
Z0K13S,328,1,Content Illustration
Z0K13S,329,1,Content Illustration
Z0K13S,330,1,Initial
Z0K13S,330,2,Initial
Z0K13S,331,1,Initial
Z0K13S,332,1,Content Illustration
Z0K13S,333,1,Initial
Z0K13S,335,1,Content Illustration
Z0K13S,336,1,Content Illustration
Z0K13S,336,1,Initial
Z0K13S,338,1,Content Illustration
Z0K13S,339,1,Content Illustration
Z0K13S,340,1,Initial
Z0K13S,340,2,Initial
Z0K13S,341,1,Initial
Z0K13S,342,1,Content Illustration
Z0K13S,343,1,Initial
Z0K13S,345,1,Content Illustration
Z0K13S,345,1,Initial
Z0K13S,346,1,Initial
Z0K13S,347,1,Content Illustration
Z0K13S,347,1,Initial
Z0K13S,348,1,Content Illustration
Z0K13S,350,1,Content Illustration
Z0K13S,351,1,Initial
Z0K13S,351,2,Initial
Z0K13S,353,1,Content Illustration
Z0K13S,354,1,Initial
Z0K13S,355,1,Content Illustration
Z0K13S,355,1,Initial
Z0K13S,356,1,Content Illustration
Z0K13S,357,1,Initial
Z0K13S,358,1,Content Illustration
Z0K13S,358,2,Content Illustration
Z0K13S,359,1,Initial
Z0K13S,360,1,Content Illustration
Z0K13S,361,1,Initial
Z0K13S,363,1,Content Illustration
Z0K13S,363,2,Content Illustration
Z0K13S,364,1,Content Illustration
Z0K13S,366,1,Content Illustration
Z0K13S,366,2,Content Illustration
Z0K13S,367,1,Initial
Z0K13S,367,2,Initial
Z0K13S,368,1,Content Illustration
Z0K13S,369,1,Initial
Z0K13S,370,1,Table
Z0K13S,371,1,Table
Z0K13S,372,1,Table
Z0K13S,374,1,Table
Z0K13S,376,1,Table
Z0K13S,378,1,Table
Z0K13S,380,1,Initial
Z0K13S,381,1,Initial
Z0K13S,382,1,Content Illustration
Z0K13S,383,1,Content Illustration
Z0K13S,385,1,Content Illustration
Z0K13S,385,1,Initial
Z0K13S,387,1,Initial
Z0K13S,387,2,Initial
Z0K13S,389,1,Initial
Z0K13S,390,1,Content Illustration
Z0K13S,392,1,Content Illustration
Z0K13S,394,1,Initial
Z0K13S,395,1,Content Illustration
Z0K13S,396,1,Initial
Z0K13S,397,1,Content Illustration
Z0K13S,397,1,Initial
Z0K13S,398,1,Content Illustration
Z0K13S,400,1,Initial
Z0K13S,401,1,Content Illustration
Z0K13S,402,1,Initial
Z0K13S,404,1,Content Illustration
Z0K13S,406,1,Initial
Z0K13S,407,1,Content Illustration
Z0K13S,408,1,Content Illustration
Z0K13S,409,1,Content Illustration
Z0K13S,410,1,Table
Z0K13S,411,1,Table
Z0K13S,412,1,Table
Z0K13S,413,1,Table
Z0K13S,414,1,Initial
ZN24V0,1,1,Initial
ZN24V0,2,1,Content Illustration
ZN24V0,2,1,Printer's Mark
ZN24V0,4,1,Content Illustration
ZN24V0,5,1,Content Illustration
ZN24V0,5,2,Content Illustration
ZN24V0,5,3,Content Illustration
ZN24V0,5,4,Content Illustration
ZN24V0,5,5,Content Illustration
ZN24V0,6,1,Content Illustration
ZN24V0,7,1,Content Illustration
ZN24V0,7,2,Content Illustration
ZN24V0,7,3,Content Illustration
ZN24V0,7,4,Content Illustration
ZN24V0,7,5,Content Illustration
ZN24V0,8,1,Content Illustration
ZN24V0,8,2,Content Illustration
ZN24V0,8,3,Content Illustration
ZN24V0,8,4,Content Illustration
ZN24V0,9,1,Content Illustration
ZN24V0,9,2,Content Illustration
ZN24V0,10,1,Content Illustration
ZN24V0,10,2,Content Illustration
ZN24V0,10,3,Content Illustration
ZN24V0,10,4,Content Illustration
ZN24V0,10,5,Content Illustration
ZN24V0,11,1,Content Illustration
ZN24V0,11,2,Content Illustration
ZN24V0,11,3,Content Illustration
ZN24V0,12,1,Content Illustration
ZN24V0,12,2,Content Illustration
ZN24V0,13,1,Content Illustration
ZN24V0,13,2,Content Illustration
ZN24V0,13,3,Content Illustration
ZN24V0,14,1,Content Illustration
ZN24V0,14,2,Content Illustration
ZN24V0,15,1,Content Illustration
ZN24V0,16,1,Content Illustration
ZN24V0,16,2,Content Illustration
ZN24V0,16,3,Content Illustration
ZN24V0,17,1,Content Illustration
ZN24V0,17,2,Content Illustration
ZN24V0,17,3,Content Illustration
ZN24V0,18,1,Content Illustration
ZN24V0,18,2,Content Illustration
ZN24V0,18,3,Content Illustration
ZN24V0,19,1,Content Illustration
ZN24V0,20,1,Content Illustration
ZN24V0,20,2,Content Illustration
ZN24V0,20,3,Content Illustration
ZN24V0,20,4,Content Illustration
ZN24V0,20,5,Content Illustration
ZN24V0,21,1,Content Illustration
ZN24V0,21,2,Content Illustration
ZN24V0,22,1,Content Illustration
ZN24V0,22,2,Content Illustration
ZN24V0,23,1,Content Illustration
ZN24V0,24,1,Content Illustration
ZN24V0,25,1,Content Illustration
ZN24V0,26,1,Content Illustration
ZN24V0,27,1,Content Illustration
ZN24V0,28,1,Content Illustration
ZN24V0,29,1,Content Illustration
ZN24V0,30,1,Content Illustration
ZN24V0,31,1,Content Illustration
ZN24V0,32,1,Content Illustration
ZN24V0,33,1,Content Illustration
ZN24V0,34,1,Content Illustration
ZN24V0,35,1,Content Illustration
ZN24V0,35,2,Content Illustration
ZN24V0,36,1,Content Illustration
ZN24V0,37,1,Content Illustration
ZN24V0,37,2,Content Illustration
ZN24V0,37,3,Content Illustration
ZN24V0,38,1,Content Illustration
ZN24V0,39,1,Content Illustration
ZN24V0,39,2,Content Illustration
ZN24V0,40,1,Content Illustration
ZN24V0,40,2,Content Illustration
ZN24V0,40,3,Content Illustration
ZN24V0,41,1,Content Illustration
ZN24V0,41,2,Content Illustration
ZN24V0,41,3,Content Illustration
ZN24V0,44,1,Decoration
ZN24V0,46,1,Initial
ZN24V0,48,1,Initial
bib-9,1,1,Initial
bib-9,7,1,Decoration
bib-9,10,1,Content Illustration
bib-9,12,1,Initial
bib-9,15,1,Decoration
bib-9,17,1,Content Illustration
bib-9,19,1,Content Illustration
bib-9,21,1,Content Illustration
bib-9,21,1,Decoration
bib-9,22,1,Content Illustration
bib-9,23,1,Content Illustration
bib-9,25,1,Content Illustration
bib-9,26,1,Content Illustration
bib-9,27,1,Content Illustration
bib-9,30,1,Content Illustration
bib-9,34,1,Content Illustration
bib-9,35,1,Content Illustration
bib-9,37,1,Content Illustration
bib-9,40,1,Content Illustration
bib-9,40,1,Decoration
bib-9,42,1,Content Illustration
bib-9,44,1,Content Illustration
bib-9,46,1,Content Illustration
bib-9,48,1,Content Illustration
bib-9,49,1,Content Illustration
bib-9,51,1,Content Illustration
bib-9,53,1,Content Illustration
bib-9,54,1,Content Illustration
bib-9,56,1,Content Illustration
bib-9,57,1,Content Illustration
bib-9,59,1,Content Illustration
bib-9,60,1,Initial
bib-9,61,1,Content Illustration
bib-9,61,2,Content Illustration
bib-9,62,1,Content Illustration
bib-9,63,1,Content Illustration
bib-9,63,2,Content Illustration
bib-9,64,1,Content Illustration
bib-9,65,1,Content Illustration
bib-9,66,1,Content Illustration
bib-9,67,1,Content Illustration
bib-9,67,1,Decoration
bib-9,68,1,Content Illustration
bib-9,70,1,Content Illustration
bib-9,71,1,Content Illustration
bib-9,73,1,Content Illustration
bib-9,74,1,Content Illustration
bib-9,75,1,Content Illustration
bib-9,75,1,Decoration
bib-9,76,1,Content Illustration
bib-9,76,2,Content Illustration
bib-9,78,1,Content Illustration
bib-9,78,1,Decoration
bib-9,79,1,Content Illustration
bib-9,80,1,Content Illustration
bib-9,81,1,Content Illustration
bib-9,81,2,Content Illustration
bib-9,82,1,Content Illustration
bib-9,84,1,Content Illustration
bib-9,85,1,Content Illustration
bib-9,86,1,Content Illustration
bib-9,87,1,Decoration
bib-9,88,1,Content Illustration
bib-9,88,1,Decoration
bib-9,89,1,Content Illustration
bib-9,90,1,Content Illustration
bib-9,91,1,Content Illustration
bib-9,93,1,Content Illustration
bib-9,93,2,Content Illustration
bib-9,95,1,Content Illustration
bib-9,96,1,Content Illustration
bib-9,97,1,Content Illustration
bib-9,98,1,Content Illustration
bib-9,100,1,Content Illustration
bib-9,102,1,Content Illustration
bib-9,103,1,Content Illustration
bib-9,104,1,Content Illustration
bib-9,105,1,Content Illustration
bib-9,106,1,Content Illustration
bib-9,108,1,Content Illustration
bib-9,109,1,Content Illustration
bib-9,109,2,Content Illustration
bib-9,111,1,Content Illustration
bib-9,111,2,Content Illustration
bib-9,113,1,Table
bib-9,114,1,Content Illustration
bib-9,115,1,Content Illustration
bib-9,115,2,Content Illustration
bib-9,116,1,Initial
bib-9,117,1,Content Illustration
bib-9,118,1,Content Illustration
bib-9,119,1,Content Illustration
bib-9,119,2,Content Illustration
bib-9,120,1,Content Illustration
bib-9,121,1,Content Illustration
bib-9,122,1,Content Illustration
bib-9,122,2,Content Illustration
bib-9,123,1,Content Illustration
bib-9,124,1,Content Illustration
bib-9,126,1,Content Illustration
bib-9,127,1,Content Illustration
bib-9,128,1,Content Illustration
bib-9,129,1,Content Illustration
bib-9,129,1,Decoration
bib-9,130,1,Content Illustration
bib-9,132,1,Content Illustration
bib-9,134,1,Content Illustration
bib-9,135,1,Content Illustration
bib-9,137,1,Content Illustration
bib-9,138,1,Content Illustration
bib-9,139,1,Content Illustration
bib-9,140,1,Content Illustration
bib-9,142,1,Content Illustration
bib-9,145,1,Content Illustration
bib-9,145,1,Decoration
QWCWLH,2,1,Decoration
QWCWLH,10,1,Decoration
QWCWLH,12,1,Initial
QWCWLH,18,1,Content Illustration
QWCWLH,18,2,Content Illustration
QWCWLH,20,1,Content Illustration
QWCWLH,21,1,Content Illustration
QWCWLH,21,2,Content Illustration
QWCWLH,21,3,Content Illustration
QWCWLH,22,1,Content Illustration
QWCWLH,22,2,Content Illustration
QWCWLH,22,3,Content Illustration
QWCWLH,23,1,Content Illustration
QWCWLH,24,1,Content Illustration
QWCWLH,24,2,Content Illustration
QWCWLH,26,1,Content Illustration
QWCWLH,27,1,Content Illustration
QWCWLH,28,1,Content Illustration
QWCWLH,29,1,Content Illustration
QWCWLH,30,1,Content Illustration
QWCWLH,31,1,Content Illustration
QWCWLH,32,1,Content Illustration
QWCWLH,33,1,Content Illustration
QWCWLH,34,1,Content Illustration
QWCWLH,35,1,Content Illustration
QWCWLH,36,1,Content Illustration
QWCWLH,36,2,Content Illustration
QWCWLH,37,1,Content Illustration
QWCWLH,38,1,Content Illustration
QWCWLH,39,1,Content Illustration
QWCWLH,40,1,Content Illustration
QWCWLH,41,1,Content Illustration
QWCWLH,41,2,Content Illustration
QWCWLH,42,1,Content Illustration
QWCWLH,42,2,Content Illustration
QWCWLH,42,3,Content Illustration
QWCWLH,43,1,Content Illustration
QWCWLH,44,1,Content Illustration
QWCWLH,45,1,Content Illustration
QWCWLH,46,1,Content Illustration
QWCWLH,47,1,Content Illustration
QWCWLH,48,1,Content Illustration
QWCWLH,48,2,Content Illustration
QWCWLH,48,3,Content Illustration
QWCWLH,48,4,Content Illustration
QWCWLH,48,5,Content Illustration
QWCWLH,48,6,Content Illustration
QWCWLH,48,7,Content Illustration
QWCWLH,48,8,Content Illustration
QWCWLH,48,1,Initial
QWCWLH,49,1,Content Illustration
QWCWLH,49,2,Content Illustration
QWCWLH,49,3,Content Illustration
QWCWLH,49,4,Content Illustration
QWCWLH,49,5,Content Illustration
QWCWLH,50,1,Content Illustration
QWCWLH,50,2,Content Illustration
QWCWLH,50,3,Content Illustration
QWCWLH,50,4,Content Illustration
QWCWLH,51,1,Content Illustration
QWCWLH,51,2,Content Illustration
QWCWLH,51,3,Content Illustration
QWCWLH,51,4,Content Illustration
QWCWLH,51,5,Content Illustration
QWCWLH,52,1,Content Illustration
QWCWLH,52,2,Content Illustration
QWCWLH,52,3,Content Illustration
QWCWLH,52,4,Content Illustration
QWCWLH,52,5,Content Illustration
QWCWLH,53,1,Content Illustration
QWCWLH,53,2,Content Illustration
QWCWLH,54,1,Content Illustration
QWCWLH,54,2,Content Illustration
QWCWLH,55,1,Content Illustration
QWCWLH,56,1,Content Illustration
QWCWLH,57,1,Content Illustration
QWCWLH,58,1,Content Illustration
QWCWLH,58,2,Content Illustration
QWCWLH,58,3,Content Illustration
QWCWLH,59,1,Content Illustration
QWCWLH,61,1,Content Illustration
QWCWLH,61,2,Content Illustration
QWCWLH,61,3,Content Illustration
QWCWLH,62,1,Content Illustration
QWCWLH,63,1,Content Illustration
QWCWLH,64,1,Initial
QWCWLH,67,1,Content Illustration
QWCWLH,68,1,Content Illustration
QWCWLH,70,1,Content Illustration
QWCWLH,71,1,Content Illustration
QWCWLH,72,1,Content Illustration
QWCWLH,72,2,Content Illustration
QWCWLH,73,1,Content Illustration
QWCWLH,74,1,Content Illustration
QWCWLH,75,1,Content Illustration
QWCWLH,76,1,Content Illustration
QWCWLH,78,1,Content Illustration
QWCWLH,80,1,Content Illustration
QWCWLH,82,1,Content Illustration
QWCWLH,84,1,Content Illustration
QWCWLH,85,1,Content Illustration
QWCWLH,86,1,Content Illustration
QWCWLH,89,1,Content Illustration
QWCWLH,91,1,Content Illustration
QWCWLH,91,2,Content Illustration
QWCWLH,91,3,Content Illustration
QWCWLH,93,1,Content Illustration
QWCWLH,93,2,Content Illustration
QWCWLH,93,3,Content Illustration
QWCWLH,95,1,Content Illustration
QWCWLH,98,1,Content Illustration
QWCWLH,101,1,Content Illustration
QWCWLH,104,1,Content Illustration
QWCWLH,106,1,Content Illustration
QWCWLH,108,1,Content Illustration
QWCWLH,110,1,Content Illustration
QWCWLH,113,1,Content Illustration
QWCWLH,116,1,Content Illustration
QWCWLH,118,1,Content Illustration
QWCWLH,120,1,Content Illustration
QWCWLH,122,1,Content Illustration
QWCWLH,124,1,Content Illustration
QWCWLH,127,1,Content Illustration
QWCWLH,128,1,Content Illustration
QWCWLH,129,1,Content Illustration
QWCWLH,130,1,Content Illustration
QWCWLH,131,1,Content Illustration
QWCWLH,132,1,Content Illustration
QWCWLH,133,1,Content Illustration
QWCWLH,134,1,Content Illustration
QWCWLH,135,1,Content Illustration
QWCWLH,136,1,Content Illustration
QWCWLH,137,1,Content Illustration
QWCWLH,138,1,Content Illustration
QWCWLH,139,1,Content Illustration
QWCWLH,147,1,Content Illustration
QWCWLH,150,1,Content Illustration
QWCWLH,165,1,Printer's Mark
QWCWLH,167,1,Printer's Mark
bib-222,1,1,Content Illustration
bib-222,2,1,Initial
bib-222,3,1,Initial
bib-222,5,1,Table
bib-222,6,1,Initial
bib-222,17,1,Decoration
bib-222,17,1,Initial
bib-222,29,1,Content Illustration
bib-222,36,1,Content Illustration
bib-222,62,1,Content Illustration
bib-222,76,1,Content Illustration
bib-222,78,1,Table
bib-222,79,1,Content Illustration
bib-222,79,1,Initial
bib-222,81,1,Content Illustration
bib-222,82,1,Content Illustration
bib-222,95,1,Content Illustration
6X6R6Y,1,1,Initial
6X6R6Y,6,1,Content Illustration
6X6R6Y,9,1,Content Illustration
6X6R6Y,12,1,Content Illustration
6X6R6Y,16,1,Content Illustration
6X6R6Y,17,1,Content Illustration
6X6R6Y,17,2,Content Illustration
6X6R6Y,17,3,Content Illustration
6X6R6Y,17,4,Content Illustration
6X6R6Y,17,5,Content Illustration
6X6R6Y,17,1,Initial
6X6R6Y,18,1,Content Illustration
6X6R6Y,18,2,Content Illustration
6X6R6Y,18,3,Content Illustration
6X6R6Y,18,4,Content Illustration
6X6R6Y,18,5,Content Illustration
6X6R6Y,18,6,Content Illustration
6X6R6Y,19,1,Content Illustration
6X6R6Y,19,2,Content Illustration
6X6R6Y,19,3,Content Illustration
6X6R6Y,19,4,Content Illustration
6X6R6Y,20,1,Content Illustration
6X6R6Y,20,2,Content Illustration
6X6R6Y,20,3,Content Illustration
6X6R6Y,21,1,Content Illustration
6X6R6Y,21,2,Content Illustration
6X6R6Y,21,3,Content Illustration
6X6R6Y,21,4,Content Illustration
6X6R6Y,22,1,Content Illustration
6X6R6Y,22,2,Content Illustration
6X6R6Y,22,3,Content Illustration
6X6R6Y,22,4,Content Illustration
6X6R6Y,23,1,Content Illustration
6X6R6Y,23,2,Content Illustration
6X6R6Y,23,3,Content Illustration
6X6R6Y,23,4,Content Illustration
6X6R6Y,24,1,Content Illustration
6X6R6Y,24,2,Content Illustration
6X6R6Y,24,3,Content Illustration
6X6R6Y,25,1,Content Illustration
6X6R6Y,26,1,Content Illustration
6X6R6Y,27,1,Content Illustration
6X6R6Y,27,2,Content Illustration
6X6R6Y,28,1,Content Illustration
6X6R6Y,28,2,Content Illustration
6X6R6Y,29,1,Content Illustration
6X6R6Y,30,1,Content Illustration
6X6R6Y,31,1,Content Illustration
6X6R6Y,32,1,Content Illustration
6X6R6Y,32,2,Content Illustration
6X6R6Y,32,3,Content Illustration
6X6R6Y,33,1,Content Illustration
6X6R6Y,34,1,Content Illustration
6X6R6Y,35,1,Content Illustration
6X6R6Y,36,1,Content Illustration
6X6R6Y,37,1,Content Illustration
6X6R6Y,37,2,Content Illustration
6X6R6Y,39,1,Content Illustration
6X6R6Y,40,1,Content Illustration
6X6R6Y,40,2,Content Illustration
6X6R6Y,41,1,Content Illustration
6X6R6Y,42,1,Content Illustration
6X6R6Y,43,1,Content Illustration
6X6R6Y,44,1,Content Illustration
6X6R6Y,44,1,Decoration
6X6R6Y,45,1,Content Illustration
6X6R6Y,46,1,Content Illustration
6X6R6Y,47,1,Content Illustration
6X6R6Y,48,1,Content Illustration
6X6R6Y,49,1,Content Illustration
6X6R6Y,50,1,Content Illustration
6X6R6Y,52,1,Content Illustration
6X6R6Y,53,1,Content Illustration
6X6R6Y,54,1,Content Illustration
6X6R6Y,55,1,Content Illustration
6X6R6Y,55,2,Content Illustration
6X6R6Y,55,3,Content Illustration
6X6R6Y,56,1,Content Illustration
6X6R6Y,57,1,Content Illustration
6X6R6Y,58,1,Content Illustration
6X6R6Y,58,2,Content Illustration
6X6R6Y,59,1,Content Illustration
6X6R6Y,59,2,Content Illustration
6X6R6Y,60,1,Content Illustration
6X6R6Y,60,2,Content Illustration
6X6R6Y,61,1,Content Illustration
6X6R6Y,62,1,Content Illustration
6X6R6Y,63,1,Content Illustration
6X6R6Y,64,1,Content Illustration
6X6R6Y,65,1,Content Illustration
6X6R6Y,66,1,Content Illustration
6X6R6Y,66,2,Content Illustration
6X6R6Y,67,1,Content Illustration
6X6R6Y,68,1,Content Illustration
6X6R6Y,68,2,Content Illustration
6X6R6Y,68,1,Decoration
6X6R6Y,70,1,Content Illustration
6X6R6Y,72,1,Content Illustration
6X6R6Y,75,1,Content Illustration
6X6R6Y,77,1,Content Illustration
6X6R6Y,78,1,Content Illustration
6X6R6Y,80,1,Content Illustration
6X6R6Y,81,1,Content Illustration
6X6R6Y,82,1,Content Illustration
6X6R6Y,83,1,Content Illustration
6X6R6Y,84,1,Content Illustration
6X6R6Y,86,1,Content Illustration
6X6R6Y,87,1,Content Illustration
6X6R6Y,88,1,Content Illustration
6X6R6Y,89,1,Content Illustration
6X6R6Y,93,1,Content Illustration
6X6R6Y,95,1,Content Illustration
6X6R6Y,97,1,Content Illustration
6X6R6Y,99,1,Content Illustration
6X6R6Y,101,1,Initial
6X6R6Y,105,1,Content Illustration
6X6R6Y,120,1,Decoration
6X6R6Y,123,1,Content Illustration
6X6R6Y,125,1,Content Illustration
6X6R6Y,126,1,Content Illustration
6X6R6Y,128,1,Content Illustration
6X6R6Y,129,1,Content Illustration
6X6R6Y,130,1,Content Illustration
6X6R6Y,130,2,Content Illustration
6X6R6Y,131,1,Content Illustration
6X6R6Y,132,1,Content Illustration
6X6R6Y,133,1,Content Illustration
6X6R6Y,135,1,Content Illustration
6X6R6Y,136,1,Content Illustration
6X6R6Y,138,1,Content Illustration
6X6R6Y,139,1,Content Illustration
6X6R6Y,141,1,Content Illustration
6X6R6Y,142,1,Content Illustration
6X6R6Y,143,1,Content Illustration
6X6R6Y,144,1,Content Illustration
6X6R6Y,145,1,Content Illustration
6X6R6Y,146,1,Content Illustration
6X6R6Y,147,1,Content Illustration
6X6R6Y,148,1,Content Illustration
6X6R6Y,149,1,Content Illustration
6X6R6Y,151,1,Content Illustration
6X6R6Y,154,1,Content Illustration
6X6R6Y,154,2,Content Illustration
6X6R6Y,156,1,Content Illustration
6X6R6Y,159,1,Content Illustration
6X6R6Y,161,1,Content Illustration
6X6R6Y,163,1,Content Illustration
6X6R6Y,166,1,Content Illustration
6X6R6Y,168,1,Content Illustration
6X6R6Y,170,1,Content Illustration
6X6R6Y,172,1,Content Illustration
6X6R6Y,176,1,Content Illustration
6X6R6Y,177,1,Content Illustration
6X6R6Y,178,1,Content Illustration
6X6R6Y,179,1,Content Illustration
6X6R6Y,180,1,Content Illustration
6X6R6Y,181,1,Content Illustration
6X6R6Y,182,1,Content Illustration
6X6R6Y,184,1,Content Illustration
6X6R6Y,186,1,Content Illustration
6X6R6Y,188,1,Content Illustration
6X6R6Y,188,1,Initial
6X6R6Y,190,1,Content Illustration
6X6R6Y,191,1,Content Illustration
6X6R6Y,192,1,Content Illustration
6X6R6Y,193,1,Content Illustration
6X6R6Y,195,1,Content Illustration
6X6R6Y,196,1,Content Illustration
6X6R6Y,197,1,Content Illustration
6X6R6Y,198,1,Content Illustration
6X6R6Y,199,1,Content Illustration
6X6R6Y,200,1,Content Illustration
6X6R6Y,201,1,Content Illustration
6X6R6Y,202,1,Content Illustration
6X6R6Y,203,1,Content Illustration
6X6R6Y,203,2,Content Illustration
6X6R6Y,204,1,Decoration
6X6R6Y,205,1,Initial
6X6R6Y,217,1,Content Illustration
6X6R6Y,218,1,Content Illustration
6X6R6Y,237,1,Initial
6X6R6Y,251,1,Content Illustration
6X6R6Y,251,1,Decoration
6X6R6Y,254,1,Content Illustration
6X6R6Y,262,1,Initial
6X6R6Y,267,1,Content Illustration
6X6R6Y,267,1,Initial
6X6R6Y,268,1,Initial
6X6R6Y,269,1,Content Illustration
6X6R6Y,269,2,Content Illustration
6X6R6Y,269,3,Content Illustration
6X6R6Y,269,1,Initial
6X6R6Y,270,1,Initial
6X6R6Y,270,2,Initial
6X6R6Y,270,3,Initial
6X6R6Y,271,1,Initial
6X6R6Y,271,2,Initial
6X6R6Y,272,1,Content Illustration
6X6R6Y,272,2,Content Illustration
6X6R6Y,273,1,Initial
6X6R6Y,273,2,Initial
6X6R6Y,273,3,Initial
6X6R6Y,274,1,Content Illustration
6X6R6Y,275,1,Content Illustration
6X6R6Y,285,1,Content Illustration
6X6R6Y,285,2,Content Illustration
6X6R6Y,301,1,Decoration
6X6R6Y,302,1,Content Illustration
6X6R6Y,302,2,Content Illustration
6X6R6Y,303,1,Initial
6X6R6Y,305,1,Table
6X6R6Y,306,1,Decoration
6X6R6Y,306,1,Printer's Mark
6X6R6Y,310,1,Content Illustration
6X6R6Y,311,1,Content Illustration
6X6R6Y,312,1,Content Illustration
6X6R6Y,314,1,Content Illustration
6X6R6Y,315,1,Content Illustration
6X6R6Y,316,1,Content Illustration
6X6R6Y,316,2,Content Illustration
6X6R6Y,320,1,Content Illustration
6X6R6Y,321,1,Content Illustration
6X6R6Y,322,1,Content Illustration
6X6R6Y,323,1,Content Illustration
6X6R6Y,323,2,Content Illustration
6X6R6Y,325,1,Content Illustration
6X6R6Y,326,1,Content Illustration
6X6R6Y,327,1,Content Illustration
6X6R6Y,329,1,Content Illustration
6X6R6Y,334,1,Content Illustration
6X6R6Y,335,1,Content Illustration
6X6R6Y,336,1,Content Illustration
6X6R6Y,338,1,Content Illustration
6X6R6Y,340,1,Content Illustration
6X6R6Y,340,2,Content Illustration
6X6R6Y,342,1,Content Illustration
6X6R6Y,347,1,Content Illustration
6X6R6Y,349,1,Content Illustration
6X6R6Y,350,1,Initial
6X6R6Y,353,1,Content Illustration
6X6R6Y,354,1,Content Illustration
6X6R6Y,355,1,Content Illustration
6X6R6Y,357,1,Content Illustration
6X6R6Y,358,1,Content Illustration
6X6R6Y,359,1,Content Illustration
6X6R6Y,360,1,Content Illustration
6X6R6Y,360,1,Initial
6X6R6Y,361,1,Content Illustration
6X6R6Y,362,1,Content Illustration
6X6R6Y,362,1,Initial
6X6R6Y,367,1,Initial
6X6R6Y,368,1,Content Illustration
6X6R6Y,371,1,Initial
6X6R6Y,372,1,Initial
6X6R6Y,372,2,Initial
6X6R6Y,373,1,Content Illustration
6X6R6Y,373,1,Initial
6X6R6Y,374,1,Content Illustration
6X6R6Y,375,1,Initial
6X6R6Y,381,1,Content Illustration
6X6R6Y,382,1,Content Illustration
6X6R6Y,384,1,Initial
6X6R6Y,385,1,Initial
6X6R6Y,390,1,Content Illustration
6X6R6Y,392,1,Content Illustration
6X6R6Y,393,1,Initial
6X6R6Y,395,1,Content Illustration
6X6R6Y,397,1,Content Illustration
6X6R6Y,399,1,Content Illustration
6X6R6Y,399,1,Decoration
6X6R6Y,401,1,Initial
6X6R6Y,404,1,Content Illustration
6X6R6Y,420,1,Initial
6X6R6Y,425,1,Initial
6X6R6Y,427,1,Content Illustration
6X6R6Y,431,1,Content Illustration
6X6R6Y,431,2,Content Illustration
6X6R6Y,432,1,Content Illustration
6X6R6Y,432,1,Decoration
6X6R6Y,440,1,Content Illustration
6X6R6Y,440,2,Content Illustration
6X6R6Y,440,1,Decoration
6X6R6Y,441,1,Content Illustration
6X6R6Y,441,2,Content Illustration
6X6R6Y,442,1,Content Illustration
6X6R6Y,442,2,Content Illustration
6X6R6Y,443,1,Content Illustration
6X6R6Y,443,2,Content Illustration
6X6R6Y,443,1,Decoration
6X6R6Y,444,1,Content Illustration
6X6R6Y,444,2,Content Illustration
6X6R6Y,445,1,Content Illustration
6X6R6Y,448,1,Decoration
6X6R6Y,449,1,Initial
6X6R6Y,455,1,Content Illustration
6X6R6Y,456,1,Initial
6X6R6Y,458,1,Decoration
6X6R6Y,459,1,Initial
6X6R6Y,470,1,Decoration
6X6R6Y,471,1,Content Illustration
6X6R6Y,471,1,Initial
6X6R6Y,472,1,Decoration
6X6R6Y,472,2,Decoration
6X6R6Y,473,1,Initial
6X6R6Y,474,1,Content Illustration
6X6R6Y,478,1,Content Illustration
6X6R6Y,478,2,Content Illustration
6X6R6Y,479,1,Content Illustration
6X6R6Y,479,1,Decoration
6X6R6Y,480,1,Content Illustration
6X6R6Y,480,1,Initial
6X6R6Y,480,2,Initial
6X6R6Y,481,1,Content Illustration
6X6R6Y,482,1,Content Illustration
6X6R6Y,482,2,Content Illustration
6X6R6Y,483,1,Content Illustration
6X6R6Y,484,1,Content Illustration
6X6R6Y,484,2,Content Illustration
6X6R6Y,484,1,Initial
6X6R6Y,487,1,Content Illustration
6X6R6Y,491,1,Content Illustration
6X6R6Y,492,1,Initial
6X6R6Y,494,1,Content Illustration
6X6R6Y,495,1,Content Illustration
6X6R6Y,497,1,Decoration
6X6R6Y,498,1,Content Illustration
6X6R6Y,499,1,Initial
6X6R6Y,501,1,Table
6X6R6Y,502,1,Decoration
6X6R6Y,502,1,Printer's Mark
6X6R6Y,503,1,Content Illustration
6X6R6Y,504,1,Content Illustration
6X6R6Y,505,1,Initial
6X6R6Y,505,2,Initial
6X6R6Y,506,1,Content Illustration
6X6R6Y,507,1,Content Illustration
6X6R6Y,508,1,Content Illustration
6X6R6Y,510,1,Content Illustration
6X6R6Y,510,1,Initial
6X6R6Y,511,1,Content Illustration
6X6R6Y,512,1,Content Illustration
6X6R6Y,513,1,Content Illustration
6X6R6Y,514,1,Content Illustration
6X6R6Y,514,1,Initial
6X6R6Y,515,1,Content Illustration
6X6R6Y,516,1,Content Illustration
6X6R6Y,516,2,Content Illustration
6X6R6Y,516,1,Initial
6X6R6Y,518,1,Content Illustration
6X6R6Y,519,1,Initial
6X6R6Y,520,1,Content Illustration
6X6R6Y,521,1,Content Illustration
6X6R6Y,522,1,Content Illustration
6X6R6Y,523,1,Content Illustration
6X6R6Y,524,1,Initial
6X6R6Y,525,1,Content Illustration
6X6R6Y,526,1,Content Illustration
6X6R6Y,527,1,Content Illustration
6X6R6Y,528,1,Content Illustration
6X6R6Y,529,1,Content Illustration
6X6R6Y,529,2,Content Illustration
6X6R6Y,530,1,Content Illustration
6X6R6Y,531,1,Content Illustration
6X6R6Y,532,1,Content Illustration
6X6R6Y,532,2,Content Illustration
6X6R6Y,534,1,Content Illustration
6X6R6Y,535,1,Content Illustration
6X6R6Y,535,2,Content Illustration
6X6R6Y,536,1,Content Illustration
6X6R6Y,537,1,Content Illustration
6X6R6Y,538,1,Decoration
6X6R6Y,539,1,Content Illustration
6X6R6Y,539,2,Content Illustration
6X6R6Y,539,1,Initial
6X6R6Y,540,1,Content Illustration
6X6R6Y,541,1,Content Illustration
6X6R6Y,543,1,Content Illustration
6X6R6Y,543,2,Content Illustration
6X6R6Y,543,1,Initial
6X6R6Y,545,1,Content Illustration
6X6R6Y,547,1,Content Illustration
6X6R6Y,550,1,Content Illustration
6X6R6Y,553,1,Content Illustration
6X6R6Y,554,1,Content Illustration
6X6R6Y,554,1,Initial
6X6R6Y,556,1,Content Illustration
6X6R6Y,557,1,Content Illustration
6X6R6Y,557,2,Content Illustration
6X6R6Y,558,1,Content Illustration
6X6R6Y,558,1,Initial
6X6R6Y,561,1,Content Illustration
6X6R6Y,561,2,Content Illustration
6X6R6Y,562,1,Content Illustration
6X6R6Y,562,1,Initial
6X6R6Y,564,1,Content Illustration
6X6R6Y,566,1,Content Illustration
6X6R6Y,566,2,Content Illustration
6X6R6Y,567,1,Content Illustration
6X6R6Y,568,1,Content Illustration
6X6R6Y,568,1,Initial
6X6R6Y,571,1,Content Illustration
6X6R6Y,572,1,Content Illustration
6X6R6Y,575,1,Content Illustration
6X6R6Y,576,1,Content Illustration
6X6R6Y,576,2,Content Illustration
6X6R6Y,576,3,Content Illustration
6X6R6Y,577,1,Initial
6X6R6Y,578,1,Content Illustration
6X6R6Y,580,1,Content Illustration
6X6R6Y,583,1,Content Illustration
6X6R6Y,584,1,Content Illustration
6X6R6Y,585,1,Initial
6X6R6Y,586,1,Content Illustration
6X6R6Y,587,1,Content Illustration
6X6R6Y,589,1,Content Illustration
6X6R6Y,590,1,Content Illustration
6X6R6Y,591,1,Content Illustration
6X6R6Y,592,1,Content Illustration
6X6R6Y,593,1,Content Illustration
6X6R6Y,594,1,Content Illustration
6X6R6Y,595,1,Initial
6X6R6Y,596,1,Content Illustration
6X6R6Y,597,1,Content Illustration
6X6R6Y,598,1,Content Illustration
6X6R6Y,599,1,Printer's Mark
6X6R6Y,601,1,Initial
6X6R6Y,618,1,Decoration
6X6R6Y,621,1,Content Illustration
6X6R6Y,622,1,Content Illustration
6X6R6Y,622,2,Content Illustration
6X6R6Y,622,3,Content Illustration
6X6R6Y,623,1,Initial
6X6R6Y,626,1,Decoration
6X6R6Y,626,2,Decoration
6X6R6Y,627,1,Initial
6X6R6Y,634,1,Content Illustration
6X6R6Y,636,1,Content Illustration
6X6R6Y,636,2,Content Illustration
6X6R6Y,636,3,Content Illustration
6X6R6Y,638,1,Content Illustration
6X6R6Y,638,2,Content Illustration
6X6R6Y,640,1,Content Illustration
6X6R6Y,640,2,Content Illustration
6X6R6Y,640,3,Content Illustration
6X6R6Y,642,1,Content Illustration
6X6R6Y,643,1,Content Illustration
6X6R6Y,646,1,Content Illustration
6X6R6Y,647,1,Content Illustration
6X6R6Y,648,1,Content Illustration
6X6R6Y,652,1,Content Illustration
6X6R6Y,653,1,Content Illustration
6X6R6Y,654,1,Content Illustration
6X6R6Y,656,1,Content Illustration
6X6R6Y,657,1,Content Illustration
6X6R6Y,658,1,Content Illustration
6X6R6Y,659,1,Content Illustration
6X6R6Y,660,1,Content Illustration
6X6R6Y,660,2,Content Illustration
6X6R6Y,662,1,Content Illustration
6X6R6Y,665,1,Content Illustration
6X6R6Y,665,1,Initial
6X6R6Y,669,1,Content Illustration
6X6R6Y,669,2,Content Illustration
6X6R6Y,670,1,Initial
6X6R6Y,671,1,Content Illustration
6X6R6Y,672,1,Initial
6X6R6Y,677,1,Decoration
6X6R6Y,678,1,Initial
6X6R6Y,686,1,Decoration
bib-2,7,1,Decoration
bib-2,7,2,Decoration
bib-2,7,3,Decoration
bib-2,7,4,Decoration
bib-2,7,5,Decoration
bib-2,7,1,Printer's Mark
bib-2,8,1,Content Illustration
bib-2,8,1,Decoration
bib-2,9,1,Initial
bib-2,11,1,Decoration
bib-2,11,1,Initial
bib-2,12,1,Initial
bib-2,13,1,Decoration
bib-2,15,1,Content Illustration
bib-2,15,1,Initial
bib-2,16,1,Content Illustration
bib-2,17,1,Content Illustration
bib-2,17,2,Content Illustration
bib-2,17,3,Content Illustration
bib-2,18,1,Content Illustration
bib-2,18,2,Content Illustration
bib-2,18,3,Content Illustration
bib-2,19,1,Content Illustration
bib-2,19,2,Content Illustration
bib-2,20,1,Content Illustration
bib-2,20,2,Content Illustration
bib-2,21,1,Content Illustration
bib-2,21,2,Content Illustration
bib-2,21,1,Decoration
bib-2,22,1,Content Illustration
bib-2,22,2,Content Illustration
bib-2,23,1,Content Illustration
bib-2,23,2,Content Illustration
bib-2,24,1,Content Illustration
bib-2,24,2,Content Illustration
bib-2,24,3,Content Illustration
bib-2,25,1,Content Illustration
bib-2,25,2,Content Illustration
bib-2,26,1,Content Illustration
bib-2,26,2,Content Illustration
bib-2,26,3,Content Illustration
bib-2,27,1,Content Illustration
bib-2,27,2,Content Illustration
bib-2,28,1,Content Illustration
bib-2,28,2,Content Illustration
bib-2,29,1,Content Illustration
bib-2,29,2,Content Illustration
bib-2,30,1,Content Illustration
bib-2,31,1,Content Illustration
bib-2,32,1,Content Illustration
bib-2,32,2,Content Illustration
bib-2,32,3,Content Illustration
bib-2,32,1,Initial
bib-2,33,1,Content Illustration
bib-2,33,1,Decoration
bib-2,33,2,Decoration
bib-2,34,1,Content Illustration
bib-2,34,2,Content Illustration
bib-2,34,1,Decoration
bib-2,35,1,Content Illustration
bib-2,35,2,Content Illustration
bib-2,35,3,Content Illustration
bib-2,36,1,Content Illustration
bib-2,36,2,Content Illustration
bib-2,37,1,Content Illustration
bib-2,37,2,Content Illustration
bib-2,38,1,Content Illustration
bib-2,38,2,Content Illustration
bib-2,39,1,Content Illustration
bib-2,39,2,Content Illustration
bib-2,40,1,Content Illustration
bib-2,40,2,Content Illustration
bib-2,41,1,Content Illustration
bib-2,41,2,Content Illustration
bib-2,42,1,Content Illustration
bib-2,43,1,Content Illustration
bib-2,43,2,Content Illustration
bib-2,44,1,Content Illustration
bib-2,45,1,Content Illustration
bib-2,46,1,Content Illustration
bib-2,46,2,Content Illustration
bib-2,47,1,Content Illustration
bib-2,47,2,Content Illustration
bib-2,48,1,Content Illustration
bib-2,49,1,Content Illustration
bib-2,49,2,Content Illustration
bib-2,50,1,Content Illustration
bib-2,50,2,Content Illustration
bib-2,51,1,Content Illustration
bib-2,51,2,Content Illustration
bib-2,52,1,Content Illustration
bib-2,52,2,Content Illustration
bib-2,53,1,Content Illustration
bib-2,53,2,Content Illustration
bib-2,54,1,Content Illustration
bib-2,54,2,Content Illustration
bib-2,55,1,Content Illustration
bib-2,55,2,Content Illustration
bib-2,56,1,Content Illustration
bib-2,57,1,Content Illustration
bib-2,57,2,Content Illustration
bib-2,58,1,Content Illustration
bib-2,59,1,Content Illustration
bib-2,59,2,Content Illustration
bib-2,60,1,Content Illustration
bib-2,61,1,Table
bib-2,62,1,Content Illustration
bib-2,63,1,Content Illustration
bib-2,65,1,Content Illustration
bib-2,65,2,Content Illustration
bib-2,65,1,Initial
bib-2,66,1,Content Illustration
bib-2,66,2,Content Illustration
bib-2,67,1,Content Illustration
bib-2,68,1,Content Illustration
bib-2,68,2,Content Illustration
bib-2,69,1,Content Illustration
bib-2,70,1,Content Illustration
bib-2,70,1,Initial
bib-2,72,1,Content Illustration
bib-2,73,1,Content Illustration
bib-2,74,1,Content Illustration
bib-2,75,1,Content Illustration
bib-2,75,2,Content Illustration
bib-2,76,1,Content Illustration
bib-2,77,1,Content Illustration
bib-2,77,2,Content Illustration
bib-2,78,1,Content Illustration
bib-2,79,1,Content Illustration
bib-2,80,1,Content Illustration
bib-2,80,1,Initial
bib-2,81,1,Content Illustration
bib-2,82,1,Content Illustration
bib-2,82,2,Content Illustration
bib-2,83,1,Content Illustration
bib-2,83,2,Content Illustration
bib-2,84,1,Content Illustration
bib-2,84,2,Content Illustration
bib-2,84,3,Content Illustration
bib-2,84,4,Content Illustration
bib-2,85,1,Content Illustration
bib-2,85,2,Content Illustration
bib-2,85,3,Content Illustration
bib-2,86,1,Content Illustration
bib-2,86,2,Content Illustration
bib-2,87,1,Content Illustration
bib-2,88,1,Content Illustration
bib-2,88,2,Content Illustration
bib-2,89,1,Content Illustration
bib-2,89,2,Content Illustration
bib-2,90,1,Content Illustration
bib-2,90,2,Content Illustration
bib-2,91,1,Content Illustration
bib-2,91,2,Content Illustration
bib-2,92,1,Content Illustration
bib-2,93,1,Content Illustration
bib-2,94,1,Content Illustration
bib-2,95,1,Content Illustration
bib-2,96,1,Content Illustration
bib-2,96,2,Content Illustration
bib-2,97,1,Content Illustration
bib-2,97,2,Content Illustration
bib-2,98,1,Initial
bib-2,99,1,Content Illustration
bib-2,99,2,Content Illustration
bib-2,100,1,Content Illustration
bib-2,101,1,Content Illustration
bib-2,101,2,Content Illustration
bib-2,102,1,Content Illustration
bib-2,102,2,Content Illustration
bib-2,102,3,Content Illustration
bib-2,103,1,Content Illustration
bib-2,104,1,Content Illustration
bib-2,104,2,Content Illustration
bib-2,105,1,Content Illustration
bib-2,106,1,Content Illustration
bib-2,107,1,Content Illustration
bib-2,108,1,Content Illustration
bib-2,108,2,Content Illustration
bib-2,108,3,Content Illustration
bib-2,109,1,Content Illustration
bib-2,110,1,Content Illustration
bib-2,110,1,Decoration
bib-2,110,2,Decoration
bib-2,111,1,Content Illustration
bib-2,112,1,Content Illustration
bib-2,113,1,Content Illustration
bib-2,114,1,Content Illustration
bib-2,116,1,Content Illustration
bib-2,118,1,Initial
bib-2,119,1,Content Illustration
bib-2,120,1,Content Illustration
bib-2,121,1,Content Illustration
bib-2,122,1,Content Illustration
bib-2,123,1,Content Illustration
bib-2,125,1,Content Illustration
bib-2,126,1,Content Illustration
bib-2,129,1,Content Illustration
bib-2,132,1,Content Illustration
bib-2,133,1,Content Illustration
bib-2,134,1,Content Illustration
bib-2,137,1,Initial
bib-2,139,1,Content Illustration
bib-2,139,2,Content Illustration
bib-2,141,1,Content Illustration
bib-2,142,1,Content Illustration
bib-2,145,1,Content Illustration
bib-2,145,1,Printer's Mark
bib-211,1,1,Initial
bib-211,4,1,Content Illustration
bib-211,7,1,Content Illustration
bib-211,8,1,Content Illustration
bib-211,9,1,Initial
bib-211,11,1,Initial
bib-211,12,1,Initial
bib-211,14,1,Content Illustration
bib-211,14,2,Content Illustration
bib-211,14,1,Initial
bib-211,15,1,Content Illustration
bib-211,15,2,Content Illustration
bib-211,15,3,Content Illustration
bib-211,15,4,Content Illustration
bib-211,15,5,Content Illustration
bib-211,15,1,Initial
bib-211,16,1,Content Illustration
bib-211,16,2,Content Illustration
bib-211,16,3,Content Illustration
bib-211,16,4,Content Illustration
bib-211,16,5,Content Illustration
bib-211,16,1,Initial
bib-211,17,1,Content Illustration
bib-211,17,2,Content Illustration
bib-211,17,3,Content Illustration
bib-211,17,4,Content Illustration
bib-211,17,5,Content Illustration
bib-211,17,1,Initial
bib-211,17,2,Initial
bib-211,18,1,Content Illustration
bib-211,18,2,Content Illustration
bib-211,19,1,Content Illustration
bib-211,19,2,Content Illustration
bib-211,19,1,Decoration
bib-211,19,2,Decoration
bib-211,20,1,Content Illustration
bib-211,20,2,Content Illustration
bib-211,20,3,Content Illustration
bib-211,20,1,Initial
bib-211,21,1,Content Illustration
bib-211,21,2,Content Illustration
bib-211,22,1,Content Illustration
bib-211,22,2,Content Illustration
bib-211,22,3,Content Illustration
bib-211,23,1,Content Illustration
bib-211,23,2,Content Illustration
bib-211,23,3,Content Illustration
bib-211,24,1,Content Illustration
bib-211,24,2,Content Illustration
bib-211,25,1,Content Illustration
bib-211,25,2,Content Illustration
bib-211,25,3,Content Illustration
bib-211,25,1,Initial
bib-211,26,1,Content Illustration
bib-211,26,2,Content Illustration
bib-211,27,1,Content Illustration
bib-211,28,1,Content Illustration
bib-211,28,1,Initial
bib-211,29,1,Content Illustration
bib-211,29,2,Content Illustration
bib-211,29,3,Content Illustration
bib-211,29,4,Content Illustration
bib-211,29,1,Initial
bib-211,30,1,Content Illustration
bib-211,30,2,Content Illustration
bib-211,30,1,Decoration
bib-211,30,2,Decoration
bib-211,30,3,Decoration
bib-211,31,1,Content Illustration
bib-211,31,2,Content Illustration
bib-211,31,3,Content Illustration
bib-211,32,1,Content Illustration
bib-211,32,2,Content Illustration
bib-211,32,3,Content Illustration
bib-211,32,1,Initial
bib-211,33,1,Content Illustration
bib-211,33,2,Content Illustration
bib-211,34,1,Content Illustration
bib-211,34,2,Content Illustration
bib-211,35,1,Content Illustration
bib-211,35,2,Content Illustration
bib-211,35,3,Content Illustration
bib-211,35,1,Decoration
bib-211,35,1,Initial
bib-211,36,1,Content Illustration
bib-211,36,1,Initial
bib-211,37,1,Content Illustration
bib-211,37,2,Content Illustration
bib-211,38,1,Content Illustration
bib-211,38,2,Content Illustration
bib-211,38,3,Content Illustration
bib-211,39,1,Content Illustration
bib-211,40,1,Content Illustration
bib-211,40,2,Content Illustration
bib-211,41,1,Content Illustration
bib-211,41,1,Initial
bib-211,42,1,Content Illustration
bib-211,42,2,Content Illustration
bib-211,43,1,Content Illustration
bib-211,43,2,Content Illustration
bib-211,43,1,Initial
bib-211,44,1,Content Illustration
bib-211,44,2,Content Illustration
bib-211,45,1,Content Illustration
bib-211,45,2,Content Illustration
bib-211,46,1,Content Illustration
bib-211,46,2,Content Illustration
bib-211,47,1,Content Illustration
bib-211,47,2,Content Illustration
bib-211,47,3,Content Illustration
bib-211,47,1,Initial
bib-211,48,1,Content Illustration
bib-211,48,2,Content Illustration
bib-211,49,1,Content Illustration
bib-211,49,2,Content Illustration
bib-211,49,3,Content Illustration
bib-211,49,4,Content Illustration
bib-211,49,1,Initial
bib-211,50,1,Content Illustration
bib-211,51,1,Content Illustration
bib-211,51,2,Content Illustration
bib-211,52,1,Content Illustration
bib-211,52,2,Content Illustration
bib-211,53,1,Content Illustration
bib-211,53,1,Decoration
bib-211,53,2,Decoration
bib-211,55,1,Content Illustration
bib-211,56,1,Content Illustration
bib-211,57,1,Content Illustration
bib-211,57,2,Content Illustration
bib-211,57,3,Content Illustration
bib-211,57,1,Initial
bib-211,57,2,Initial
bib-211,58,1,Content Illustration
bib-211,58,2,Content Illustration
bib-211,58,1,Initial
bib-211,59,1,Content Illustration
bib-211,60,1,Content Illustration
bib-211,60,2,Content Illustration
bib-211,61,1,Content Illustration
bib-211,61,2,Content Illustration
bib-211,61,1,Initial
bib-211,62,1,Initial
bib-211,63,1,Content Illustration
bib-211,63,1,Initial
bib-211,64,1,Content Illustration
bib-211,65,1,Content Illustration
bib-211,65,2,Content Illustration
bib-211,66,1,Content Illustration
bib-211,67,1,Content Illustration
bib-211,67,2,Content Illustration
bib-211,67,1,Initial
bib-211,68,1,Content Illustration
bib-211,68,2,Content Illustration
bib-211,69,1,Initial
bib-211,69,2,Initial
bib-211,70,1,Content Illustration
bib-211,70,2,Content Illustration
bib-211,70,3,Content Illustration
bib-211,71,1,Content Illustration
bib-211,71,2,Content Illustration
bib-211,72,1,Content Illustration
bib-211,72,2,Content Illustration
bib-211,72,3,Content Illustration
bib-211,72,4,Content Illustration
bib-211,72,1,Initial
bib-211,73,1,Content Illustration
bib-211,73,2,Content Illustration
bib-211,73,3,Content Illustration
bib-211,74,1,Content Illustration
bib-211,74,2,Content Illustration
bib-211,74,1,Initial
bib-211,75,1,Content Illustration
bib-211,75,2,Content Illustration
bib-211,75,3,Content Illustration
bib-211,75,4,Content Illustration
bib-211,75,5,Content Illustration
bib-211,75,6,Content Illustration
bib-211,76,1,Content Illustration
bib-211,76,2,Content Illustration
bib-211,76,3,Content Illustration
bib-211,77,1,Content Illustration
bib-211,77,1,Initial
bib-211,77,2,Initial
bib-211,78,1,Content Illustration
bib-211,79,1,Content Illustration
bib-211,79,2,Content Illustration
bib-211,79,1,Decoration
bib-211,79,2,Decoration
bib-211,80,1,Content Illustration
bib-211,80,2,Content Illustration
bib-211,80,1,Decoration
bib-211,80,1,Initial
bib-211,81,1,Content Illustration
bib-211,81,2,Content Illustration
bib-211,82,1,Content Illustration
bib-211,83,1,Content Illustration
bib-211,83,2,Content Illustration
bib-211,83,1,Initial
bib-211,84,1,Content Illustration
bib-211,85,1,Content Illustration
bib-211,85,2,Content Illustration
bib-211,85,1,Initial
bib-211,86,1,Content Illustration
bib-211,86,2,Content Illustration
bib-211,86,3,Content Illustration
bib-211,86,4,Content Illustration
bib-211,87,1,Content Illustration
bib-211,87,2,Content Illustration
bib-211,87,3,Content Illustration
bib-211,88,1,Content Illustration
bib-211,89,1,Content Illustration
bib-211,89,2,Content Illustration
bib-211,89,1,Decoration
bib-211,89,1,Initial
bib-211,90,1,Content Illustration
bib-211,90,2,Content Illustration
bib-211,91,1,Content Illustration
bib-211,91,1,Initial
bib-211,92,1,Content Illustration
bib-211,92,2,Content Illustration
bib-211,92,3,Content Illustration
bib-211,93,1,Content Illustration
bib-211,94,1,Content Illustration
bib-211,95,1,Content Illustration
bib-211,96,1,Content Illustration
bib-211,97,1,Content Illustration
bib-211,97,1,Decoration
bib-211,98,1,Content Illustration
bib-211,98,1,Decoration
bib-211,98,2,Decoration
bib-211,98,3,Decoration
bib-211,98,4,Decoration
bib-211,99,1,Content Illustration
bib-211,103,1,Content Illustration
bib-169,1,1,Initial
bib-169,4,1,Printer's Mark
bib-169,9,1,Decoration
bib-169,9,1,Initial
bib-169,19,1,Initial
bib-169,20,1,Content Illustration
bib-169,21,1,Content Illustration
bib-169,22,1,Content Illustration
bib-169,24,1,Content Illustration
bib-169,30,1,Initial
bib-169,31,1,Content Illustration
bib-169,32,1,Content Illustration
bib-169,35,1,Content Illustration
bib-169,38,1,Content Illustration
bib-169,40,1,Content Illustration
bib-169,43,1,Content Illustration
bib-169,45,1,Content Illustration
bib-169,46,1,Content Illustration
bib-169,49,1,Content Illustration
bib-169,50,1,Content Illustration
bib-169,52,1,Content Illustration
bib-169,55,1,Content Illustration
bib-169,55,1,Decoration
bib-169,57,1,Content Illustration
bib-169,59,1,Content Illustration
bib-169,60,1,Initial
bib-169,61,1,Content Illustration
bib-169,64,1,Content Illustration
bib-169,65,1,Content Illustration
bib-169,68,1,Table
bib-169,70,1,Content Illustration
bib-169,70,2,Content Illustration
bib-169,74,1,Table
bib-169,77,1,Decoration
bib-169,78,1,Initial
bib-169,81,1,Content Illustration
bib-169,84,1,Content Illustration
bib-169,85,1,Content Illustration
bib-169,86,1,Content Illustration
bib-169,87,1,Content Illustration
bib-169,87,2,Content Illustration
bib-169,91,1,Table
bib-169,102,1,Content Illustration
bib-169,102,1,Decoration
bib-169,102,2,Decoration
bib-169,103,1,Content Illustration
bib-169,104,1,Content Illustration
bib-169,106,1,Initial
bib-169,107,1,Content Illustration
bib-169,111,1,Content Illustration
bib-169,115,1,Content Illustration
bib-169,117,1,Content Illustration
bib-169,118,1,Content Illustration
bib-169,120,1,Content Illustration
bib-169,122,1,Content Illustration
bib-169,125,1,Content Illustration
bib-169,126,1,Content Illustration
bib-169,128,1,Content Illustration
bib-169,129,1,Content Illustration
bib-169,131,1,Content Illustration
bib-169,131,1,Decoration
bib-169,131,2,Decoration
bib-169,131,3,Decoration
bib-169,131,4,Decoration
bib-169,133,1,Content Illustration
bib-169,135,1,Decoration
bib-169,135,1,Initial
5KCP5R,1,1,Initial
5KCP5R,3,1,Decoration
5KCP5R,3,2,Decoration
5KCP5R,7,1,Content Illustration
5KCP5R,9,1,Content Illustration
5KCP5R,11,1,Decoration
5KCP5R,11,2,Decoration
5KCP5R,12,1,Decoration
5KCP5R,13,1,Decoration
5KCP5R,13,2,Decoration
5KCP5R,13,1,Initial
5KCP5R,14,1,Content Illustration
5KCP5R,14,2,Content Illustration
5KCP5R,14,3,Content Illustration
5KCP5R,14,4,Content Illustration
5KCP5R,15,1,Content Illustration
5KCP5R,15,2,Content Illustration
5KCP5R,15,3,Content Illustration
5KCP5R,15,4,Content Illustration
5KCP5R,15,5,Content Illustration
5KCP5R,15,6,Content Illustration
5KCP5R,16,1,Content Illustration
5KCP5R,16,2,Content Illustration
5KCP5R,16,3,Content Illustration
5KCP5R,16,4,Content Illustration
5KCP5R,16,5,Content Illustration
5KCP5R,16,6,Content Illustration
5KCP5R,16,1,Initial
5KCP5R,17,1,Content Illustration
5KCP5R,17,2,Content Illustration
5KCP5R,17,3,Content Illustration
5KCP5R,17,4,Content Illustration
5KCP5R,17,5,Content Illustration
5KCP5R,17,6,Content Illustration
5KCP5R,18,1,Content Illustration
5KCP5R,18,2,Content Illustration
5KCP5R,18,3,Content Illustration
5KCP5R,18,4,Content Illustration
5KCP5R,19,1,Content Illustration
5KCP5R,19,2,Content Illustration
5KCP5R,19,3,Content Illustration
5KCP5R,19,1,Initial
5KCP5R,19,2,Initial
5KCP5R,20,1,Content Illustration
5KCP5R,21,1,Content Illustration
5KCP5R,21,2,Content Illustration
5KCP5R,21,3,Content Illustration
5KCP5R,22,1,Content Illustration
5KCP5R,22,2,Content Illustration
5KCP5R,22,1,Initial
5KCP5R,23,1,Content Illustration
5KCP5R,23,2,Content Illustration
5KCP5R,24,1,Content Illustration
5KCP5R,25,1,Content Illustration
5KCP5R,25,2,Content Illustration
5KCP5R,25,3,Content Illustration
5KCP5R,26,1,Content Illustration
5KCP5R,26,2,Content Illustration
5KCP5R,26,3,Content Illustration
5KCP5R,26,1,Initial
5KCP5R,27,1,Content Illustration
5KCP5R,27,1,Initial
5KCP5R,28,1,Content Illustration
5KCP5R,28,2,Content Illustration
5KCP5R,28,1,Initial
5KCP5R,29,1,Content Illustration
5KCP5R,29,2,Content Illustration
5KCP5R,30,1,Content Illustration
5KCP5R,30,2,Content Illustration
5KCP5R,30,1,Initial
5KCP5R,31,1,Content Illustration
5KCP5R,31,2,Content Illustration
5KCP5R,31,1,Initial
5KCP5R,32,1,Content Illustration
5KCP5R,32,2,Content Illustration
5KCP5R,32,3,Content Illustration
5KCP5R,32,1,Initial
5KCP5R,32,2,Initial
5KCP5R,33,1,Content Illustration
5KCP5R,33,2,Content Illustration
5KCP5R,33,3,Content Illustration
5KCP5R,33,4,Content Illustration
5KCP5R,33,1,Initial
5KCP5R,33,2,Initial
5KCP5R,34,1,Content Illustration
5KCP5R,34,2,Content Illustration
5KCP5R,34,3,Content Illustration
5KCP5R,35,1,Content Illustration
5KCP5R,35,2,Content Illustration
5KCP5R,35,3,Content Illustration
5KCP5R,36,1,Content Illustration
5KCP5R,36,2,Content Illustration
5KCP5R,36,1,Initial
5KCP5R,37,1,Content Illustration
5KCP5R,37,1,Initial
5KCP5R,39,1,Decoration
5KCP5R,39,2,Decoration
5KCP5R,39,3,Decoration
5KCP5R,40,1,Decoration
5KCP5R,40,1,Initial
5KCP5R,41,1,Content Illustration
5KCP5R,41,2,Content Illustration
5KCP5R,41,1,Initial
5KCP5R,42,1,Content Illustration
5KCP5R,42,1,Initial
5KCP5R,43,1,Content Illustration
5KCP5R,43,1,Initial
5KCP5R,44,1,Content Illustration
5KCP5R,44,2,Content Illustration
5KCP5R,44,3,Content Illustration
5KCP5R,44,1,Initial
5KCP5R,45,1,Content Illustration
5KCP5R,45,2,Content Illustration
5KCP5R,45,3,Content Illustration
5KCP5R,46,1,Content Illustration
5KCP5R,46,1,Initial
5KCP5R,47,1,Content Illustration
5KCP5R,47,1,Initial
5KCP5R,48,1,Decoration
5KCP5R,48,2,Decoration
5KCP5R,48,1,Initial
5KCP5R,49,1,Content Illustration
5KCP5R,50,1,Decoration
5KCP5R,50,2,Decoration
5KCP5R,51,1,Content Illustration
5KCP5R,52,1,Content Illustration
5KCP5R,52,2,Content Illustration
5KCP5R,52,1,Decoration
5KCP5R,52,2,Decoration
5KCP5R,52,1,Initial
5KCP5R,53,1,Decoration
5KCP5R,53,1,Initial
5KCP5R,54,1,Content Illustration
5KCP5R,55,1,Content Illustration
5KCP5R,55,2,Content Illustration
5KCP5R,55,3,Content Illustration
5KCP5R,55,1,Initial
5KCP5R,56,1,Content Illustration
5KCP5R,56,2,Content Illustration
5KCP5R,56,3,Content Illustration
5KCP5R,57,1,Content Illustration
5KCP5R,58,1,Decoration
5KCP5R,58,1,Initial
5KCP5R,59,1,Content Illustration
5KCP5R,60,1,Decoration
5KCP5R,60,1,Initial
5KCP5R,61,1,Content Illustration
5KCP5R,62,1,Decoration
5KCP5R,63,1,Content Illustration
5KCP5R,64,1,Decoration
5KCP5R,65,1,Content Illustration
5KCP5R,66,1,Decoration
5KCP5R,66,1,Initial
5KCP5R,67,1,Content Illustration
5KCP5R,68,1,Decoration
5KCP5R,68,1,Initial
5KCP5R,69,1,Content Illustration
5KCP5R,70,1,Decoration
5KCP5R,71,1,Content Illustration
5KCP5R,72,1,Decoration
5KCP5R,72,1,Initial
5KCP5R,73,1,Content Illustration
5KCP5R,74,1,Content Illustration
5KCP5R,75,1,Content Illustration
5KCP5R,75,1,Initial
5KCP5R,76,1,Content Illustration
5KCP5R,77,1,Content Illustration
5KCP5R,77,1,Initial
5KCP5R,78,1,Decoration
5KCP5R,78,1,Initial
5KCP5R,79,1,Content Illustration
5KCP5R,80,1,Content Illustration
5KCP5R,80,1,Initial
5KCP5R,81,1,Content Illustration
5KCP5R,81,2,Content Illustration
5KCP5R,81,1,Initial
5KCP5R,82,1,Content Illustration
5KCP5R,82,2,Content Illustration
5KCP5R,82,1,Initial
5KCP5R,82,2,Initial
5KCP5R,83,1,Content Illustration
5KCP5R,83,2,Content Illustration
5KCP5R,83,1,Initial
5KCP5R,84,1,Content Illustration
5KCP5R,84,2,Content Illustration
5KCP5R,84,1,Initial
5KCP5R,84,2,Initial
5KCP5R,85,1,Content Illustration
5KCP5R,85,2,Content Illustration
5KCP5R,86,1,Initial
5KCP5R,87,1,Decoration
5KCP5R,87,1,Initial
5KCP5R,88,1,Content Illustration
5KCP5R,88,2,Content Illustration
5KCP5R,89,1,Content Illustration
5KCP5R,89,1,Initial
5KCP5R,90,1,Content Illustration
5KCP5R,90,1,Decoration
5KCP5R,92,1,Initial
5KCP5R,93,1,Content Illustration
5KCP5R,93,1,Decoration
5KCP5R,94,1,Decoration
5KCP5R,94,1,Initial
5KCP5R,95,1,Initial
5KCP5R,96,1,Decoration
5KCP5R,97,1,Content Illustration
5KCP5R,98,1,Content Illustration
5KCP5R,99,1,Content Illustration
5KCP5R,99,1,Initial
5KCP5R,100,1,Content Illustration
5KCP5R,100,2,Content Illustration
5KCP5R,100,1,Initial
5KCP5R,101,1,Content Illustration
5KCP5R,101,2,Content Illustration
5KCP5R,103,1,Content Illustration
5KCP5R,104,1,Initial
5KCP5R,106,1,Content Illustration
5KCP5R,107,1,Content Illustration
5KCP5R,108,1,Content Illustration
5KCP5R,109,1,Content Illustration
5KCP5R,110,1,Content Illustration
5KCP5R,110,1,Decoration
5KCP5R,111,1,Content Illustration
5KCP5R,112,1,Content Illustration
5KCP5R,112,1,Initial
5KCP5R,113,1,Content Illustration
5KCP5R,114,1,Content Illustration
5KCP5R,114,2,Content Illustration
5KCP5R,114,3,Content Illustration
5KCP5R,115,1,Content Illustration
5KCP5R,115,2,Content Illustration
5KCP5R,115,1,Decoration
5KCP5R,116,1,Decoration
5KCP5R,116,1,Initial
5KCP5R,117,1,Content Illustration
5KCP5R,118,1,Decoration
5KCP5R,118,1,Initial
5KCP5R,119,1,Content Illustration
5KCP5R,120,1,Content Illustration
5KCP5R,120,2,Content Illustration
5KCP5R,121,1,Content Illustration
5KCP5R,121,2,Content Illustration
5KCP5R,122,1,Content Illustration
5KCP5R,122,2,Content Illustration
5KCP5R,123,1,Content Illustration
5KCP5R,124,1,Content Illustration
5KCP5R,124,1,Initial
5KCP5R,125,1,Table
5KCP5R,126,1,Content Illustration
5KCP5R,127,1,Content Illustration
5KCP5R,127,1,Initial
5KCP5R,128,1,Content Illustration
5KCP5R,128,1,Initial
5KCP5R,129,1,Content Illustration
5KCP5R,130,1,Content Illustration
5KCP5R,131,1,Content Illustration
5KCP5R,132,1,Content Illustration
5KCP5R,133,1,Content Illustration
5KCP5R,133,2,Content Illustration
5KCP5R,133,3,Content Illustration
5KCP5R,134,1,Initial
5KCP5R,135,1,Content Illustration
5KCP5R,136,1,Decoration
5KCP5R,136,1,Initial
5KCP5R,137,1,Content Illustration
5KCP5R,139,1,Content Illustration
5KCP5R,139,2,Content Illustration
5KCP5R,140,1,Decoration
5KCP5R,140,1,Initial
5KCP5R,141,1,Content Illustration
5KCP5R,141,2,Content Illustration
5KCP5R,141,3,Content Illustration
5KCP5R,141,1,Decoration
5KCP5R,141,2,Decoration
5KCP5R,142,1,Initial
5KCP5R,143,1,Content Illustration
5KCP5R,143,2,Content Illustration
5KCP5R,144,1,Content Illustration
5KCP5R,144,2,Content Illustration
5KCP5R,145,1,Decoration
5KCP5R,145,1,Initial
5KCP5R,146,1,Decoration
5KCP5R,146,1,Initial
5KCP5R,147,1,Content Illustration
5KCP5R,149,1,Content Illustration
5KCP5R,151,1,Content Illustration
5KCP5R,152,1,Content Illustration
5KCP5R,152,2,Content Illustration
5KCP5R,153,1,Content Illustration
5KCP5R,154,1,Decoration
5KCP5R,155,1,Content Illustration
5KCP5R,156,1,Initial
5KCP5R,157,1,Content Illustration
5KCP5R,157,2,Content Illustration
5KCP5R,157,3,Content Illustration
5KCP5R,157,1,Decoration
5KCP5R,158,1,Content Illustration
5KCP5R,158,2,Content Illustration
5KCP5R,158,3,Content Illustration
5KCP5R,158,1,Initial
5KCP5R,159,1,Content Illustration
5KCP5R,159,2,Content Illustration
5KCP5R,159,3,Content Illustration
5KCP5R,159,4,Content Illustration
5KCP5R,160,1,Content Illustration
5KCP5R,161,1,Content Illustration
5KCP5R,161,2,Content Illustration
5KCP5R,162,1,Decoration
5KCP5R,162,1,Initial
5KCP5R,163,1,Content Illustration
5KCP5R,163,2,Content Illustration
5KCP5R,164,1,Content Illustration
5KCP5R,164,2,Content Illustration
5KCP5R,164,1,Initial
5KCP5R,164,2,Initial
5KCP5R,164,3,Initial
5KCP5R,164,4,Initial
5KCP5R,165,1,Content Illustration
5KCP5R,166,1,Initial
5KCP5R,167,1,Content Illustration
5KCP5R,169,1,Content Illustration
5KCP5R,169,2,Content Illustration
5KCP5R,169,3,Content Illustration
5KCP5R,170,1,Decoration
5KCP5R,171,1,Content Illustration
5KCP5R,172,1,Content Illustration
5KCP5R,173,1,Content Illustration
5KCP5R,173,1,Initial
5KCP5R,174,1,Initial
5KCP5R,175,1,Content Illustration
5KCP5R,175,2,Content Illustration
5KCP5R,175,1,Decoration
5KCP5R,175,2,Decoration
5KCP5R,176,1,Content Illustration
5KCP5R,177,1,Content Illustration
5KCP5R,178,1,Content Illustration
5KCP5R,179,1,Content Illustration
5KCP5R,179,1,Initial
5KCP5R,180,1,Content Illustration
5KCP5R,181,1,Initial
5KCP5R,181,1,Table
5KCP5R,182,1,Content Illustration
5KCP5R,183,1,Content Illustration
5KCP5R,183,1,Decoration
5KCP5R,184,1,Content Illustration
5KCP5R,184,2,Content Illustration
5KCP5R,185,1,Content Illustration
5KCP5R,185,1,Table
5KCP5R,186,1,Content Illustration
5KCP5R,186,2,Content Illustration
5KCP5R,187,1,Content Illustration
5KCP5R,187,1,Initial
5KCP5R,188,1,Content Illustration
5KCP5R,188,2,Content Illustration
5KCP5R,188,3,Content Illustration
5KCP5R,188,1,Initial
5KCP5R,189,1,Content Illustration
5KCP5R,190,1,Content Illustration
5KCP5R,190,2,Content Illustration
5KCP5R,190,3,Content Illustration
5KCP5R,191,1,Content Illustration
5KCP5R,191,1,Initial
5KCP5R,192,1,Initial
5KCP5R,193,1,Content Illustration
5KCP5R,193,2,Content Illustration
5KCP5R,193,3,Content Illustration
5KCP5R,194,1,Content Illustration
5KCP5R,194,1,Initial
5KCP5R,194,2,Initial
5KCP5R,194,3,Initial
5KCP5R,194,4,Initial
5KCP5R,194,5,Initial
5KCP5R,195,1,Content Illustration
5KCP5R,195,1,Initial
5KCP5R,196,1,Decoration
5KCP5R,197,1,Content Illustration
5KCP5R,197,2,Content Illustration
5KCP5R,198,1,Content Illustration
5KCP5R,199,1,Content Illustration
5KCP5R,200,1,Decoration
5KCP5R,200,1,Initial
5KCP5R,201,1,Content Illustration
5KCP5R,202,1,Content Illustration
5KCP5R,202,1,Initial
5KCP5R,203,1,Content Illustration
5KCP5R,203,1,Initial
5KCP5R,204,1,Decoration
5KCP5R,204,1,Initial
5KCP5R,205,1,Content Illustration
5KCP5R,205,2,Content Illustration
5KCP5R,206,1,Content Illustration
5KCP5R,206,1,Initial
5KCP5R,207,1,Content Illustration
5KCP5R,208,1,Decoration
5KCP5R,208,1,Initial
5KCP5R,209,1,Content Illustration
5KCP5R,210,1,Initial
5KCP5R,210,2,Initial
5KCP5R,210,3,Initial
5KCP5R,211,1,Content Illustration
5KCP5R,212,1,Decoration
5KCP5R,213,1,Content Illustration
5KCP5R,213,2,Content Illustration
5KCP5R,215,1,Content Illustration
5KCP5R,216,1,Decoration
5KCP5R,217,1,Content Illustration
5KCP5R,218,1,Table
5KCP5R,219,1,Content Illustration
5KCP5R,219,2,Content Illustration
5KCP5R,220,1,Initial
5KCP5R,221,1,Content Illustration
5KCP5R,222,1,Initial
5KCP5R,223,1,Content Illustration
5KCP5R,224,1,Decoration
5KCP5R,225,1,Content Illustration
5KCP5R,226,1,Content Illustration
5KCP5R,226,1,Initial
5KCP5R,227,1,Content Illustration
5KCP5R,228,1,Decoration
5KCP5R,228,1,Initial
5KCP5R,229,1,Content Illustration
5KCP5R,230,1,Content Illustration
5KCP5R,230,1,Initial
5KCP5R,231,1,Content Illustration
5KCP5R,232,1,Content Illustration
5KCP5R,232,1,Initial
5KCP5R,233,1,Decoration
5KCP5R,233,2,Decoration
5KCP5R,233,3,Decoration
5KCP5R,234,1,Decoration
5KCP5R,235,1,Content Illustration
5KCP5R,235,2,Content Illustration
5KCP5R,236,1,Content Illustration
5KCP5R,236,1,Initial
5KCP5R,237,1,Content Illustration
5KCP5R,238,1,Content Illustration
5KCP5R,239,1,Decoration
5KCP5R,240,1,Decoration
5KCP5R,241,1,Decoration
5KCP5R,242,1,Decoration
5KCP5R,242,1,Initial
5KCP5R,243,1,Initial
5KCP5R,245,1,Content Illustration
5KCP5R,246,1,Initial
5KCP5R,249,1,Content Illustration
5KCP5R,249,2,Content Illustration
5KCP5R,250,1,Content Illustration
5KCP5R,250,2,Content Illustration
5KCP5R,251,1,Content Illustration
5KCP5R,252,1,Content Illustration
5KCP5R,253,1,Content Illustration
5KCP5R,253,1,Decoration
5KCP5R,254,1,Content Illustration
5KCP5R,255,1,Content Illustration
5KCP5R,256,1,Content Illustration
5KCP5R,256,1,Decoration
5KCP5R,257,1,Content Illustration
5KCP5R,258,1,Content Illustration
5KCP5R,260,1,Content Illustration
5KCP5R,261,1,Content Illustration
5KCP5R,262,1,Content Illustration
5KCP5R,263,1,Content Illustration
5KCP5R,264,1,Content Illustration
5KCP5R,265,1,Content Illustration
5KCP5R,266,1,Content Illustration
5KCP5R,267,1,Content Illustration
5KCP5R,268,1,Content Illustration
5KCP5R,269,1,Content Illustration
5KCP5R,269,1,Decoration
5KCP5R,269,1,Initial
5KCP5R,270,1,Content Illustration
5KCP5R,270,1,Decoration
5KCP5R,270,1,Initial
5KCP5R,271,1,Content Illustration
5KCP5R,273,1,Content Illustration
5KCP5R,273,2,Content Illustration
5KCP5R,273,3,Content Illustration
5KCP5R,273,4,Content Illustration
5KCP5R,274,1,Content Illustration
5KCP5R,274,2,Content Illustration
5KCP5R,274,3,Content Illustration
5KCP5R,274,4,Content Illustration
5KCP5R,275,1,Content Illustration
5KCP5R,275,2,Content Illustration
5KCP5R,275,1,Decoration
5KCP5R,275,2,Decoration
5KCP5R,277,1,Content Illustration
5KCP5R,277,2,Content Illustration
5KCP5R,279,1,Content Illustration
5KCP5R,281,1,Content Illustration
5KCP5R,282,1,Content Illustration
5KCP5R,283,1,Content Illustration
5KCP5R,285,1,Content Illustration
5KCP5R,286,1,Content Illustration
5KCP5R,287,1,Content Illustration
5KCP5R,288,1,Content Illustration
5KCP5R,289,1,Content Illustration
5KCP5R,290,1,Content Illustration
5KCP5R,291,1,Decoration
5KCP5R,291,1,Table
5KCP5R,292,1,Content Illustration
5KCP5R,294,1,Content Illustration
5KCP5R,294,1,Decoration
5KCP5R,295,1,Decoration
5KCP5R,295,2,Decoration
5KCP5R,295,1,Printer's Mark
5KCP5R,296,1,Content Illustration
5KCP5R,298,1,Content Illustration
5KCP5R,299,1,Content Illustration
5KCP5R,300,1,Content Illustration
5KCP5R,303,1,Content Illustration
5KCP5R,304,1,Decoration
5KCP5R,305,1,Decoration
5KCP5R,305,2,Decoration
5KCP5R,306,1,Initial
5KCP5R,307,1,Content Illustration
5KCP5R,307,2,Content Illustration
5KCP5R,309,1,Content Illustration
5KCP5R,309,2,Content Illustration
5KCP5R,309,3,Content Illustration
5KCP5R,309,1,Decoration
5KCP5R,310,1,Content Illustration
5KCP5R,310,2,Content Illustration
5KCP5R,310,3,Content Illustration
5KCP5R,310,4,Content Illustration
5KCP5R,311,1,Table
5KCP5R,312,1,Content Illustration
5KCP5R,312,2,Content Illustration
5KCP5R,313,1,Content Illustration
5KCP5R,314,1,Content Illustration
5KCP5R,315,1,Content Illustration
5KCP5R,317,1,Content Illustration
5KCP5R,318,1,Content Illustration
5KCP5R,319,1,Content Illustration
5KCP5R,320,1,Content Illustration
5KCP5R,321,1,Decoration
5KCP5R,322,1,Content Illustration
5KCP5R,323,1,Content Illustration
5KCP5R,324,1,Decoration
5KCP5R,325,1,Content Illustration
5KCP5R,326,1,Decoration
5KCP5R,327,1,Decoration
5KCP5R,328,1,Decoration
5KCP5R,328,1,Initial
5KCP5R,329,1,Content Illustration
5KCP5R,329,1,Initial
5KCP5R,330,1,Content Illustration
5KCP5R,331,1,Content Illustration
5KCP5R,332,1,Content Illustration
5KCP5R,332,2,Content Illustration
5KCP5R,332,3,Content Illustration
5KCP5R,333,1,Content Illustration
5KCP5R,333,2,Content Illustration
5KCP5R,333,3,Content Illustration
5KCP5R,334,1,Content Illustration
5KCP5R,334,2,Content Illustration
5KCP5R,335,1,Content Illustration
5KCP5R,335,2,Content Illustration
5KCP5R,336,1,Content Illustration
5KCP5R,337,1,Content Illustration
5KCP5R,338,1,Content Illustration
5KCP5R,339,1,Table
5KCP5R,340,1,Content Illustration
5KCP5R,341,1,Content Illustration
5KCP5R,342,1,Content Illustration
5KCP5R,343,1,Decoration
5KCP5R,344,1,Decoration
5KCP5R,345,1,Content Illustration
5KCP5R,345,1,Decoration
5KCP5R,346,1,Content Illustration
5KCP5R,347,1,Initial
5KCP5R,348,1,Content Illustration
5KCP5R,349,1,Content Illustration
5KCP5R,350,1,Content Illustration
5KCP5R,351,1,Content Illustration
5KCP5R,352,1,Initial
5KCP5R,353,1,Content Illustration
5KCP5R,353,1,Decoration
5KCP5R,354,1,Decoration
5KCP5R,354,2,Decoration
5KCP5R,354,1,Initial
5KCP5R,355,1,Content Illustration
5KCP5R,356,1,Decoration
5KCP5R,356,1,Initial
5KCP5R,357,1,Content Illustration
5KCP5R,357,2,Content Illustration
5KCP5R,358,1,Content Illustration
5KCP5R,359,1,Content Illustration
5KCP5R,359,1,Decoration
5KCP5R,360,1,Decoration
5KCP5R,361,1,Decoration
5KCP5R,363,1,Content Illustration
5KCP5R,364,1,Initial
5KCP5R,365,1,Content Illustration
5KCP5R,366,1,Decoration
5KCP5R,366,2,Decoration
5KCP5R,368,1,Initial
5KCP5R,370,1,Decoration
5KCP5R,371,1,Content Illustration
5KCP5R,371,1,Decoration
5KCP5R,371,2,Decoration
5KCP5R,372,1,Decoration
5KCP5R,372,1,Initial
5KCP5R,375,1,Initial
5KCP5R,377,1,Content Illustration
5KCP5R,378,1,Decoration
5KCP5R,379,1,Content Illustration
5KCP5R,380,1,Decoration
5KCP5R,380,1,Initial
5KCP5R,381,1,Content Illustration
5KCP5R,381,2,Content Illustration
5KCP5R,381,3,Content Illustration
5KCP5R,381,4,Content Illustration
5KCP5R,381,5,Content Illustration
5KCP5R,383,1,Content Illustration
5KCP5R,383,2,Content Illustration
5KCP5R,384,1,Content Illustration
5KCP5R,385,1,Decoration
5KCP5R,385,2,Decoration
5KCP5R,385,3,Decoration
5KCP5R,385,4,Decoration
5KCP5R,385,5,Decoration
5KCP5R,386,1,Decoration
5KCP5R,386,2,Decoration
5KCP5R,386,1,Initial
5KCP5R,387,1,Content Illustration
5KCP5R,388,1,Content Illustration
5KCP5R,389,1,Content Illustration
5KCP5R,389,1,Initial
5KCP5R,390,1,Content Illustration
5KCP5R,390,1,Initial
5KCP5R,391,1,Content Illustration
5KCP5R,392,1,Content Illustration
5KCP5R,392,1,Initial
5KCP5R,393,1,Content Illustration
5KCP5R,393,1,Initial
5KCP5R,394,1,Content Illustration
5KCP5R,394,1,Initial
5KCP5R,395,1,Content Illustration
5KCP5R,396,1,Content Illustration
5KCP5R,396,2,Content Illustration
5KCP5R,396,1,Initial
5KCP5R,397,1,Content Illustration
5KCP5R,397,1,Initial
5KCP5R,398,1,Content Illustration
5KCP5R,398,1,Initial
5KCP5R,399,1,Content Illustration
5KCP5R,399,2,Content Illustration
5KCP5R,399,1,Initial
5KCP5R,400,1,Content Illustration
5KCP5R,400,1,Initial
5KCP5R,401,1,Content Illustration
5KCP5R,401,1,Initial
5KCP5R,402,1,Content Illustration
5KCP5R,402,1,Initial
5KCP5R,403,1,Content Illustration
5KCP5R,403,2,Content Illustration
5KCP5R,404,1,Content Illustration
5KCP5R,404,1,Initial
5KCP5R,405,1,Content Illustration
5KCP5R,405,1,Initial
5KCP5R,406,1,Content Illustration
5KCP5R,406,1,Initial
5KCP5R,407,1,Content Illustration
5KCP5R,407,2,Content Illustration
5KCP5R,408,1,Content Illustration
5KCP5R,408,1,Initial
5KCP5R,409,1,Content Illustration
5KCP5R,409,1,Initial
5KCP5R,410,1,Content Illustration
5KCP5R,410,1,Initial
5KCP5R,411,1,Content Illustration
5KCP5R,412,1,Decoration
5KCP5R,412,1,Initial
5KCP5R,413,1,Content Illustration
5KCP5R,414,1,Content Illustration
5KCP5R,414,1,Initial
5KCP5R,415,1,Content Illustration
5KCP5R,415,2,Content Illustration
bib-82,1,1,Initial
bib-82,3,1,Printer's Mark
bib-82,5,1,Content Illustration
bib-82,5,2,Content Illustration
bib-82,5,1,Printer's Mark
bib-82,8,1,Content Illustration
bib-82,9,1,Decoration
bib-82,10,1,Initial
bib-82,11,1,Initial
bib-82,12,1,Initial
bib-82,12,2,Initial
bib-82,13,1,Initial
bib-82,14,1,Initial
bib-82,15,1,Initial
bib-82,15,2,Initial
bib-82,17,1,Content Illustration
bib-82,17,1,Initial
bib-82,18,1,Initial
bib-82,19,1,Initial
bib-82,20,1,Initial
bib-82,22,1,Initial
bib-82,22,2,Initial
bib-82,23,1,Initial
bib-82,24,1,Initial
bib-82,24,2,Initial
bib-82,25,1,Content Illustration
bib-82,25,2,Content Illustration
bib-82,25,1,Initial
bib-82,26,1,Initial
bib-82,27,1,Initial
bib-82,27,2,Initial
bib-82,28,1,Content Illustration
bib-82,28,1,Initial
bib-82,30,1,Initial
bib-82,31,1,Initial
bib-82,34,1,Initial
bib-82,36,1,Content Illustration
bib-82,38,1,Initial
bib-82,39,1,Content Illustration
bib-82,40,1,Initial
bib-82,41,1,Initial
bib-82,44,1,Content Illustration
bib-82,45,1,Decoration
bib-82,45,1,Initial
bib-82,46,1,Content Illustration
bib-82,47,1,Content Illustration
bib-82,47,1,Initial
bib-82,48,1,Decoration
bib-82,49,1,Decoration
bib-82,49,1,Initial
bib-82,53,1,Content Illustration
bib-82,55,1,Content Illustration
bib-82,55,2,Content Illustration
bib-82,55,3,Content Illustration
bib-82,57,1,Decoration
bib-82,57,2,Decoration
bib-82,58,1,Initial
bib-82,60,1,Content Illustration
bib-82,60,2,Content Illustration
bib-82,60,3,Content Illustration
bib-82,60,4,Content Illustration
bib-82,60,5,Content Illustration
bib-82,60,6,Content Illustration
bib-82,60,7,Content Illustration
bib-82,60,8,Content Illustration
bib-82,61,1,Content Illustration
bib-82,61,2,Content Illustration
bib-82,62,1,Initial
bib-82,64,1,Content Illustration
bib-82,65,1,Content Illustration
bib-82,65,2,Content Illustration
bib-82,66,1,Initial
bib-82,67,1,Content Illustration
bib-82,67,2,Content Illustration
bib-82,67,3,Content Illustration
bib-82,67,1,Initial
bib-82,68,1,Content Illustration
bib-82,68,2,Content Illustration
bib-82,68,3,Content Illustration
bib-82,68,4,Content Illustration
bib-82,68,5,Content Illustration
bib-82,69,1,Content Illustration
bib-82,69,2,Content Illustration
bib-82,70,1,Content Illustration
bib-82,71,1,Content Illustration
bib-82,72,1,Initial
bib-82,73,1,Content Illustration
bib-82,74,1,Content Illustration
bib-82,75,1,Decoration
bib-82,75,1,Initial
bib-82,79,1,Decoration
bib-82,80,1,Decoration
bib-82,80,2,Decoration
bib-82,80,1,Initial
bib-82,82,1,Content Illustration
bib-82,82,2,Content Illustration
bib-82,83,1,Content Illustration
bib-82,83,2,Content Illustration
bib-82,84,1,Initial
bib-82,84,2,Initial
bib-82,85,1,Content Illustration
bib-82,88,1,Content Illustration
bib-82,90,1,Content Illustration
bib-82,91,1,Initial
bib-82,92,1,Content Illustration
bib-82,94,1,Content Illustration
bib-82,95,1,Decoration
bib-82,95,1,Initial
bib-82,99,1,Table
bib-82,100,1,Initial
bib-82,102,1,Decoration
bib-82,104,1,Decoration
bib-82,104,1,Initial
bib-82,105,1,Initial
bib-82,106,1,Initial
bib-82,106,2,Initial
bib-82,107,1,Initial
bib-82,107,2,Initial
bib-82,107,3,Initial
bib-82,108,1,Initial
bib-82,108,2,Initial
bib-82,108,3,Initial
bib-82,109,1,Initial
bib-82,111,1,Initial
bib-82,111,2,Initial
bib-82,111,3,Initial
bib-82,111,4,Initial
bib-82,112,1,Initial
bib-82,112,2,Initial
bib-82,113,1,Initial
bib-82,113,2,Initial
bib-82,114,1,Initial
bib-82,114,2,Initial
bib-82,114,3,Initial
bib-82,115,1,Initial
bib-82,115,2,Initial
bib-82,115,3,Initial
bib-82,116,1,Initial
bib-82,116,2,Initial
bib-82,116,3,Initial
bib-82,116,4,Initial
bib-82,117,1,Content Illustration
bib-82,118,1,Content Illustration
bib-82,118,1,Initial
bib-82,119,1,Content Illustration
bib-82,119,1,Initial
bib-82,119,2,Initial
bib-82,120,1,Content Illustration
bib-82,120,1,Initial
bib-82,121,1,Content Illustration
bib-82,121,2,Content Illustration
bib-82,121,1,Initial
bib-82,122,1,Content Illustration
bib-82,123,1,Initial
bib-82,124,1,Content Illustration
bib-82,125,1,Initial
bib-82,126,1,Content Illustration
bib-82,129,1,Content Illustration
bib-82,131,1,Content Illustration
bib-82,132,1,Initial
bib-82,132,2,Initial
bib-82,133,1,Content Illustration
bib-82,134,1,Initial
bib-82,135,1,Content Illustration
bib-82,135,1,Initial
bib-82,136,1,Initial
bib-82,137,1,Content Illustration
bib-82,137,1,Decoration
bib-82,138,1,Content Illustration
bib-82,138,1,Initial
bib-82,139,1,Initial
bib-82,140,1,Initial
bib-82,141,1,Content Illustration
bib-82,142,1,Initial
bib-82,144,1,Content Illustration
bib-82,144,2,Content Illustration
bib-82,145,1,Content Illustration
bib-82,146,1,Initial
bib-82,146,2,Initial
bib-82,154,1,Initial
bib-82,157,1,Initial
bib-82,158,1,Initial
bib-82,163,1,Initial
bib-82,164,1,Initial
bib-82,167,1,Printer's Mark
ustc-44,9,1,Decoration
ustc-44,9,1,Printer's Mark
ustc-44,10,1,Content Illustration
ustc-44,10,2,Content Illustration
ustc-44,10,1,Decoration
ustc-44,10,1,Initial
ustc-44,11,1,Decoration
ustc-44,11,2,Decoration
ustc-44,11,1,Initial
ustc-44,13,1,Decoration
ustc-44,13,1,Initial
ustc-44,14,1,Initial
ustc-44,17,1,Decoration
ustc-44,17,1,Initial
ustc-44,18,1,Content Illustration
ustc-44,18,2,Content Illustration
ustc-44,19,1,Content Illustration
ustc-44,20,1,Content Illustration
ustc-44,20,2,Content Illustration
ustc-44,21,1,Content Illustration
ustc-44,21,2,Content Illustration
ustc-44,21,3,Content Illustration
ustc-44,22,1,Content Illustration
ustc-44,22,2,Content Illustration
ustc-44,23,1,Content Illustration
ustc-44,23,2,Content Illustration
ustc-44,24,1,Content Illustration
ustc-44,24,1,Decoration
ustc-44,24,2,Decoration
ustc-44,25,1,Content Illustration
ustc-44,25,2,Content Illustration
ustc-44,26,1,Content Illustration
ustc-44,26,2,Content Illustration
ustc-44,27,1,Content Illustration
ustc-44,27,2,Content Illustration
ustc-44,28,1,Content Illustration
ustc-44,28,2,Content Illustration
ustc-44,28,3,Content Illustration
ustc-44,29,1,Content Illustration
ustc-44,29,2,Content Illustration
ustc-44,30,1,Content Illustration
ustc-44,30,2,Content Illustration
ustc-44,31,1,Content Illustration
ustc-44,31,2,Content Illustration
ustc-44,32,1,Content Illustration
ustc-44,32,2,Content Illustration
ustc-44,33,1,Content Illustration
ustc-44,33,2,Content Illustration
ustc-44,34,1,Content Illustration
ustc-44,35,1,Content Illustration
ustc-44,36,1,Content Illustration
ustc-44,36,1,Initial
ustc-44,37,1,Content Illustration
ustc-44,37,2,Content Illustration
ustc-44,38,1,Content Illustration
ustc-44,38,2,Content Illustration
ustc-44,38,1,Decoration
ustc-44,38,2,Decoration
ustc-44,38,3,Decoration
ustc-44,39,1,Content Illustration
ustc-44,39,2,Content Illustration
ustc-44,40,1,Content Illustration
ustc-44,40,2,Content Illustration
ustc-44,41,1,Content Illustration
ustc-44,42,1,Content Illustration
ustc-44,42,2,Content Illustration
ustc-44,43,1,Content Illustration
ustc-44,43,2,Content Illustration
ustc-44,44,1,Content Illustration
ustc-44,45,1,Content Illustration
ustc-44,45,2,Content Illustration
ustc-44,45,3,Content Illustration
ustc-44,46,1,Content Illustration
ustc-44,47,1,Content Illustration
ustc-44,47,2,Content Illustration
ustc-44,48,1,Content Illustration
ustc-44,49,1,Content Illustration
ustc-44,49,2,Content Illustration
ustc-44,50,1,Content Illustration
ustc-44,51,1,Content Illustration
ustc-44,52,1,Content Illustration
ustc-44,53,1,Content Illustration
ustc-44,54,1,Content Illustration
ustc-44,54,2,Content Illustration
ustc-44,55,1,Content Illustration
ustc-44,56,1,Content Illustration
ustc-44,57,1,Content Illustration
ustc-44,57,2,Content Illustration
ustc-44,57,3,Content Illustration
ustc-44,58,1,Content Illustration
ustc-44,58,2,Content Illustration
ustc-44,59,1,Content Illustration
ustc-44,59,2,Content Illustration
ustc-44,60,1,Content Illustration
ustc-44,60,2,Content Illustration
ustc-44,61,1,Content Illustration
ustc-44,62,1,Content Illustration
ustc-44,62,2,Content Illustration
ustc-44,63,1,Content Illustration
ustc-44,63,2,Content Illustration
ustc-44,64,1,Content Illustration
ustc-44,65,1,Content Illustration
ustc-44,66,1,Content Illustration
ustc-44,67,1,Content Illustration
ustc-44,67,2,Content Illustration
ustc-44,68,1,Content Illustration
ustc-44,71,1,Content Illustration
ustc-44,72,1,Content Illustration
ustc-44,73,1,Content Illustration
ustc-44,73,1,Initial
ustc-44,74,1,Content Illustration
ustc-44,75,1,Content Illustration
ustc-44,75,2,Content Illustration
ustc-44,76,1,Content Illustration
ustc-44,77,1,Content Illustration
ustc-44,78,1,Content Illustration
ustc-44,78,2,Content Illustration
ustc-44,79,1,Content Illustration
ustc-44,80,1,Initial
ustc-44,81,1,Content Illustration
ustc-44,83,1,Content Illustration
ustc-44,84,1,Content Illustration
ustc-44,85,1,Content Illustration
ustc-44,85,1,Decoration
ustc-44,86,1,Content Illustration
ustc-44,87,1,Content Illustration
ustc-44,87,2,Content Illustration
ustc-44,88,1,Content Illustration
ustc-44,89,1,Content Illustration
ustc-44,90,1,Content Illustration
ustc-44,90,2,Content Illustration
ustc-44,91,1,Initial
ustc-44,92,1,Content Illustration
ustc-44,92,1,Initial
ustc-44,93,1,Content Illustration
ustc-44,93,2,Content Illustration
ustc-44,94,1,Content Illustration
ustc-44,94,2,Content Illustration
ustc-44,95,1,Content Illustration
ustc-44,95,2,Content Illustration
ustc-44,95,3,Content Illustration
ustc-44,95,4,Content Illustration
ustc-44,96,1,Content Illustration
ustc-44,97,1,Content Illustration
ustc-44,97,2,Content Illustration
ustc-44,98,1,Content Illustration
ustc-44,98,2,Content Illustration
ustc-44,99,1,Content Illustration
ustc-44,100,1,Content Illustration
ustc-44,100,2,Content Illustration
ustc-44,101,1,Content Illustration
ustc-44,101,2,Content Illustration
ustc-44,102,1,Content Illustration
ustc-44,102,2,Content Illustration
ustc-44,104,1,Content Illustration
ustc-44,105,1,Content Illustration
ustc-44,105,2,Content Illustration
ustc-44,105,1,Decoration
ustc-44,106,1,Content Illustration
ustc-44,106,2,Content Illustration
ustc-44,106,1,Initial
ustc-44,107,1,Content Illustration
ustc-44,108,1,Content Illustration
ustc-44,109,1,Content Illustration
ustc-44,110,1,Content Illustration
ustc-44,111,1,Content Illustration
ustc-44,111,2,Content Illustration
ustc-44,112,1,Content Illustration
ustc-44,112,2,Content Illustration
ustc-44,113,1,Content Illustration
ustc-44,114,1,Content Illustration
ustc-44,115,1,Content Illustration
ustc-44,115,2,Content Illustration
ustc-44,116,1,Content Illustration
ustc-44,116,2,Content Illustration
ustc-44,117,1,Content Illustration
ustc-44,118,1,Content Illustration
ustc-44,118,1,Initial
ustc-44,119,1,Content Illustration
ustc-44,120,1,Content Illustration
ustc-44,121,1,Content Illustration
ustc-44,121,2,Content Illustration
ustc-44,123,1,Content Illustration
ustc-44,123,2,Content Illustration
ustc-44,124,1,Content Illustration
ustc-44,124,2,Content Illustration
ustc-44,125,1,Content Illustration
ustc-44,125,1,Decoration
ustc-44,127,1,Content Illustration
ustc-44,128,1,Content Illustration
ustc-44,129,1,Content Illustration
ustc-44,130,1,Content Illustration
ustc-44,133,1,Content Illustration
ustc-44,136,1,Content Illustration
ustc-44,137,1,Content Illustration
ustc-44,138,1,Content Illustration
ustc-44,139,1,Content Illustration
ustc-44,141,1,Content Illustration
ustc-44,143,1,Content Illustration
ustc-44,144,1,Content Illustration
ustc-44,148,1,Content Illustration
ustc-44,151,1,Content Illustration
ustc-44,152,1,Content Illustration
ustc-44,154,1,Content Illustration
ustc-44,154,2,Content Illustration
ustc-44,156,1,Initial
ustc-44,159,1,Content Illustration
ustc-44,159,2,Content Illustration
ustc-44,161,1,Content Illustration
ustc-44,161,2,Content Illustration
ustc-44,163,1,Content Illustration
ustc-44,164,1,Content Illustration
ustc-44,165,1,Content Illustration
ustc-44,166,1,Content Illustration
ustc-44,174,1,Content Illustration
ustc-44,176,1,Printer's Mark
bib-46,1,1,Initial
bib-46,7,1,Initial
bib-46,9,1,Initial
bib-46,13,1,Initial
bib-46,14,1,Content Illustration
bib-46,16,1,Content Illustration
bib-46,17,1,Content Illustration
bib-46,19,1,Content Illustration
bib-46,21,1,Content Illustration
bib-46,23,1,Initial
bib-46,29,1,Content Illustration
bib-46,33,1,Content Illustration
bib-46,39,1,Content Illustration
bib-46,41,1,Content Illustration
bib-46,43,1,Initial
bib-46,47,1,Content Illustration
bib-46,53,1,Content Illustration
bib-46,54,1,Initial
bib-46,57,1,Content Illustration
bib-46,60,1,Content Illustration
bib-46,63,1,Content Illustration
bib-46,68,1,Content Illustration
bib-46,71,1,Content Illustration
bib-46,72,1,Initial
bib-46,76,1,Content Illustration
bib-46,77,1,Content Illustration
bib-23,55,1,Content Illustration
bib-23,56,1,Content Illustration
bib-23,57,1,Content Illustration
bib-23,58,1,Content Illustration
bib-23,71,1,Content Illustration
bib-23,71,2,Content Illustration
bib-23,75,1,Content Illustration
bib-23,76,1,Content Illustration
bib-23,100,1,Content Illustration
bib-23,148,1,Content Illustration
bib-23,152,1,Content Illustration
bib-23,222,1,Content Illustration
bib-23,222,2,Content Illustration
bib-23,223,1,Content Illustration
bib-23,223,2,Content Illustration
bib-23,226,1,Content Illustration
bib-23,226,2,Content Illustration
bib-23,226,3,Content Illustration
bib-23,226,4,Content Illustration
bib-23,226,5,Content Illustration
bib-23,226,6,Content Illustration
bib-23,226,7,Content Illustration
bib-23,226,8,Content Illustration
bib-23,226,9,Content Illustration
bib-23,231,1,Content Illustration
bib-23,231,2,Content Illustration
bib-23,231,3,Content Illustration
bib-23,231,4,Content Illustration
bib-23,232,1,Content Illustration
bib-23,232,2,Content Illustration
bib-23,232,3,Content Illustration
bib-23,233,1,Content Illustration
bib-23,235,1,Content Illustration
bib-23,235,2,Content Illustration
bib-23,235,3,Content Illustration
bib-23,235,4,Content Illustration
bib-23,235,5,Content Illustration
bib-23,235,6,Content Illustration
bib-23,236,1,Content Illustration
bib-23,236,2,Content Illustration
bib-23,268,1,Content Illustration
bib-23,268,2,Content Illustration
bib-23,268,3,Content Illustration
bib-23,268,4,Content Illustration
bib-23,269,1,Content Illustration
bib-23,269,2,Content Illustration
bib-23,269,3,Content Illustration
bib-23,269,4,Content Illustration
bib-23,269,5,Content Illustration
bib-23,274,1,Content Illustration
bib-23,329,1,Content Illustration
bib-23,329,2,Content Illustration
bib-23,329,3,Content Illustration
bib-23,331,1,Content Illustration
bib-23,331,2,Content Illustration
bib-23,332,1,Content Illustration
bib-23,333,1,Content Illustration
bib-23,337,1,Content Illustration
bib-23,338,1,Content Illustration
bib-23,338,2,Content Illustration
bib-23,338,3,Content Illustration
bib-23,339,1,Content Illustration
bib-23,339,2,Content Illustration
bib-23,339,3,Content Illustration
bib-23,359,1,Content Illustration
bib-23,379,1,Content Illustration
L8R7FQ,1,1,Initial
L8R7FQ,2,1,Printer's Mark
L8R7FQ,4,1,Decoration
L8R7FQ,4,1,Initial
L8R7FQ,10,1,Decoration
L8R7FQ,10,1,Initial
L8R7FQ,19,1,Decoration
L8R7FQ,27,1,Content Illustration
L8R7FQ,32,1,Content Illustration
L8R7FQ,33,1,Content Illustration
L8R7FQ,44,1,Content Illustration
L8R7FQ,45,1,Content Illustration
L8R7FQ,45,2,Content Illustration
L8R7FQ,50,1,Content Illustration
L8R7FQ,54,1,Content Illustration
L8R7FQ,55,1,Content Illustration
L8R7FQ,57,1,Content Illustration
L8R7FQ,57,2,Content Illustration
L8R7FQ,58,1,Content Illustration
L8R7FQ,59,1,Content Illustration
L8R7FQ,62,1,Content Illustration
L8R7FQ,63,1,Content Illustration
L8R7FQ,64,1,Content Illustration
L8R7FQ,67,1,Content Illustration
L8R7FQ,67,2,Content Illustration
L8R7FQ,82,1,Content Illustration
L8R7FQ,83,1,Content Illustration
L8R7FQ,83,2,Content Illustration
L8R7FQ,83,1,Decoration
L8R7FQ,84,1,Content Illustration
L8R7FQ,85,1,Content Illustration
L8R7FQ,86,1,Content Illustration
L8R7FQ,87,1,Content Illustration
L8R7FQ,87,2,Content Illustration
L8R7FQ,87,1,Decoration
L8R7FQ,88,1,Content Illustration
L8R7FQ,89,1,Content Illustration
L8R7FQ,89,2,Content Illustration
L8R7FQ,90,1,Content Illustration
L8R7FQ,91,1,Content Illustration
L8R7FQ,91,2,Content Illustration
L8R7FQ,92,1,Content Illustration
L8R7FQ,109,1,Content Illustration
L8R7FQ,109,1,Decoration
L8R7FQ,122,1,Table
L8R7FQ,137,1,Content Illustration
L8R7FQ,137,2,Content Illustration
L8R7FQ,140,1,Content Illustration
L8R7FQ,159,1,Content Illustration
L8R7FQ,159,2,Content Illustration
L8R7FQ,160,1,Content Illustration
L8R7FQ,161,1,Content Illustration
L8R7FQ,161,1,Decoration
L8R7FQ,162,1,Content Illustration
L8R7FQ,163,1,Content Illustration
L8R7FQ,165,1,Content Illustration
L8R7FQ,165,1,Decoration
L8R7FQ,178,1,Content Illustration
L8R7FQ,181,1,Content Illustration
L8R7FQ,185,1,Content Illustration
L8R7FQ,185,2,Content Illustration
L8R7FQ,185,3,Content Illustration
L8R7FQ,185,4,Content Illustration
L8R7FQ,185,5,Content Illustration
L8R7FQ,188,1,Content Illustration
L8R7FQ,188,1,Decoration
L8R7FQ,189,1,Content Illustration
L8R7FQ,191,1,Content Illustration
L8R7FQ,191,2,Content Illustration
L8R7FQ,191,3,Content Illustration
L8R7FQ,192,1,Content Illustration
L8R7FQ,198,1,Initial
L8R7FQ,203,1,Printer's Mark
bib-147,19,1,Content Illustration
bib-147,23,1,Content Illustration
bib-147,27,1,Content Illustration
bib-147,28,1,Content Illustration
bib-147,29,1,Content Illustration
bib-147,35,1,Content Illustration
bib-147,38,1,Content Illustration
bib-147,39,1,Content Illustration
bib-147,41,1,Content Illustration
bib-147,42,1,Content Illustration
bib-147,43,1,Content Illustration
bib-147,44,1,Content Illustration
bib-147,46,1,Content Illustration
bib-147,47,1,Content Illustration
bib-147,47,2,Content Illustration
bib-147,65,1,Content Illustration
bib-147,66,1,Content Illustration
bib-147,66,2,Content Illustration
bib-147,67,1,Content Illustration
bib-147,69,1,Content Illustration
bib-147,70,1,Content Illustration
bib-147,78,1,Content Illustration
bib-147,79,1,Content Illustration
bib-147,80,1,Content Illustration
bib-147,81,1,Content Illustration
bib-147,83,1,Content Illustration
bib-147,85,1,Content Illustration
bib-147,87,1,Content Illustration
bib-147,87,2,Content Illustration
bib-147,89,1,Content Illustration
bib-147,90,1,Content Illustration
bib-147,92,1,Content Illustration
bib-147,95,1,Content Illustration
6AMYTJ,3,1,Printer's Mark
6AMYTJ,6,1,Printer's Mark
6AMYTJ,8,1,Decoration
6AMYTJ,8,1,Initial
6AMYTJ,11,1,Initial
6AMYTJ,14,1,Decoration
6AMYTJ,14,1,Initial
6AMYTJ,16,1,Content Illustration
6AMYTJ,16,2,Content Illustration
6AMYTJ,16,1,Initial
6AMYTJ,18,1,Content Illustration
6AMYTJ,19,1,Initial
6AMYTJ,21,1,Content Illustration
6AMYTJ,25,1,Content Illustration
6AMYTJ,25,2,Content Illustration
6AMYTJ,25,1,Initial
6AMYTJ,27,1,Content Illustration
6AMYTJ,27,1,Initial
6AMYTJ,32,1,Content Illustration
6AMYTJ,36,1,Initial
6AMYTJ,37,1,Content Illustration
6AMYTJ,37,1,Initial
6AMYTJ,39,1,Content Illustration
6AMYTJ,39,1,Initial
6AMYTJ,44,1,Initial
6AMYTJ,45,1,Initial
6AMYTJ,46,1,Initial
6AMYTJ,48,1,Content Illustration
6AMYTJ,54,1,Initial
6AMYTJ,57,1,Table
6AMYTJ,58,1,Initial
6AMYTJ,61,1,Initial
6AMYTJ,64,1,Initial
6AMYTJ,67,1,Initial
6AMYTJ,68,1,Content Illustration
6AMYTJ,69,1,Initial
6AMYTJ,70,1,Content Illustration
6AMYTJ,70,2,Content Illustration
6AMYTJ,70,3,Content Illustration
6AMYTJ,70,4,Content Illustration
6AMYTJ,71,1,Content Illustration
6AMYTJ,71,2,Content Illustration
6AMYTJ,71,3,Content Illustration
6AMYTJ,71,4,Content Illustration
6AMYTJ,71,1,Decoration
6AMYTJ,74,1,Initial
6AMYTJ,75,1,Content Illustration
6AMYTJ,75,1,Initial
6AMYTJ,76,1,Content Illustration
6AMYTJ,77,1,Content Illustration
6AMYTJ,77,1,Initial
6AMYTJ,78,1,Content Illustration
6AMYTJ,78,2,Content Illustration
6AMYTJ,79,1,Content Illustration
6AMYTJ,79,1,Initial
6AMYTJ,81,1,Initial
6AMYTJ,86,1,Content Illustration
6AMYTJ,86,1,Initial
6AMYTJ,87,1,Initial
6AMYTJ,89,1,Table
6AMYTJ,90,1,Initial
6AMYTJ,91,1,Initial
6AMYTJ,91,2,Initial
6AMYTJ,92,1,Initial
6AMYTJ,97,1,Initial
6AMYTJ,98,1,Initial
6AMYTJ,101,1,Content Illustration
6AMYTJ,101,1,Initial
6AMYTJ,102,1,Initial
6AMYTJ,103,1,Initial
6AMYTJ,104,1,Initial
6AMYTJ,105,1,Initial
6AMYTJ,106,1,Initial
6AMYTJ,109,1,Initial
6AMYTJ,110,1,Initial
6AMYTJ,111,1,Initial
6AMYTJ,114,1,Initial
6AMYTJ,115,1,Initial
6AMYTJ,116,1,Table
6AMYTJ,117,1,Initial
6AMYTJ,117,2,Initial
6AMYTJ,118,1,Content Illustration
6AMYTJ,118,1,Initial
6AMYTJ,121,1,Initial
6AMYTJ,124,1,Initial
6AMYTJ,132,1,Table
6AMYTJ,140,1,Table
6AMYTJ,145,1,Initial
6AMYTJ,149,1,Initial
6AMYTJ,163,1,Initial
6AMYTJ,164,1,Initial
6AMYTJ,166,1,Initial
6AMYTJ,167,1,Initial
6AMYTJ,170,1,Content Illustration
6AMYTJ,171,1,Initial
6AMYTJ,175,1,Initial
6AMYTJ,178,1,Initial
6AMYTJ,181,1,Initial
6AMYTJ,185,1,Content Illustration
6AMYTJ,185,1,Decoration
6AMYTJ,185,1,Initial
6AMYTJ,190,1,Initial
6AMYTJ,192,1,Content Illustration
6AMYTJ,192,2,Content Illustration
6AMYTJ,195,1,Content Illustration
6AMYTJ,195,1,Decoration
6AMYTJ,195,2,Decoration
6AMYTJ,195,1,Initial
6AMYTJ,196,1,Decoration
6AMYTJ,197,1,Table
6AMYTJ,198,1,Initial
6AMYTJ,199,1,Content Illustration
6AMYTJ,200,1,Initial
6AMYTJ,201,1,Content Illustration
6AMYTJ,201,1,Decoration
6AMYTJ,201,1,Initial
6AMYTJ,205,1,Content Illustration
6AMYTJ,206,1,Content Illustration
6AMYTJ,207,1,Content Illustration
6AMYTJ,208,1,Content Illustration
6AMYTJ,208,1,Initial
6AMYTJ,211,1,Content Illustration
6AMYTJ,213,1,Table
6AMYTJ,217,1,Initial
6AMYTJ,220,1,Content Illustration
6AMYTJ,220,1,Decoration
6AMYTJ,220,1,Initial
6AMYTJ,223,1,Content Illustration
6AMYTJ,224,1,Initial
6AMYTJ,226,1,Initial
6AMYTJ,228,1,Content Illustration
6AMYTJ,229,1,Initial
6AMYTJ,233,1,Initial
6AMYTJ,233,2,Initial
6AMYTJ,237,1,Printer's Mark
4TJF1A,1,1,Initial
4TJF1A,2,1,Printer's Mark
4TJF1A,4,1,Decoration
4TJF1A,4,1,Initial
4TJF1A,6,1,Initial
4TJF1A,10,1,Decoration
4TJF1A,10,1,Initial
4TJF1A,12,1,Content Illustration
4TJF1A,13,1,Content Illustration
4TJF1A,14,1,Initial
4TJF1A,17,1,Initial
4TJF1A,18,1,Initial
4TJF1A,19,1,Initial
4TJF1A,20,1,Initial
4TJF1A,21,1,Initial
4TJF1A,22,1,Table
4TJF1A,24,1,Initial
4TJF1A,25,1,Initial
4TJF1A,26,1,Initial
4TJF1A,27,1,Initial
4TJF1A,27,2,Initial
4TJF1A,29,1,Initial
4TJF1A,30,1,Initial
4TJF1A,32,1,Initial
4TJF1A,35,1,Initial
4TJF1A,35,2,Initial
4TJF1A,37,1,Initial
4TJF1A,38,1,Initial
4TJF1A,40,1,Initial
4TJF1A,44,1,Content Illustration
4TJF1A,45,1,Content Illustration
4TJF1A,48,1,Table
4TJF1A,62,1,Initial
4TJF1A,67,1,Content Illustration
4TJF1A,67,1,Decoration
4TJF1A,68,1,Content Illustration
4TJF1A,69,1,Content Illustration
4TJF1A,70,1,Content Illustration
4TJF1A,70,1,Decoration
4TJF1A,70,1,Initial
4TJF1A,71,1,Content Illustration
4TJF1A,72,1,Content Illustration
4TJF1A,74,1,Initial
4TJF1A,75,1,Initial
4TJF1A,75,2,Initial
4TJF1A,76,1,Content Illustration
4TJF1A,76,1,Initial
4TJF1A,77,1,Content Illustration
4TJF1A,77,1,Initial
4TJF1A,80,1,Initial
4TJF1A,80,2,Initial
4TJF1A,81,1,Content Illustration
4TJF1A,85,1,Initial
4TJF1A,85,2,Initial
4TJF1A,86,1,Content Illustration
4TJF1A,88,1,Initial
4TJF1A,89,1,Table
4TJF1A,90,1,Content Illustration
4TJF1A,91,1,Content Illustration
4TJF1A,91,2,Content Illustration
4TJF1A,91,1,Initial
4TJF1A,92,1,Content Illustration
4TJF1A,93,1,Content Illustration
4TJF1A,93,1,Decoration
4TJF1A,93,2,Decoration
4TJF1A,97,1,Content Illustration
4TJF1A,105,1,Content Illustration
4TJF1A,106,1,Content Illustration
4TJF1A,106,1,Decoration
4TJF1A,109,1,Content Illustration
4TJF1A,110,1,Initial
4TJF1A,111,1,Initial
4TJF1A,113,1,Initial
4TJF1A,113,2,Initial
4TJF1A,117,1,Content Illustration
4TJF1A,117,1,Initial
4TJF1A,121,1,Initial
4TJF1A,124,1,Initial
4TJF1A,125,1,Initial
4TJF1A,126,1,Initial
4TJF1A,127,1,Initial
4TJF1A,128,1,Initial
4TJF1A,130,1,Initial
4TJF1A,133,1,Initial
4TJF1A,134,1,Initial
4TJF1A,136,1,Initial
4TJF1A,137,1,Initial
4TJF1A,139,1,Initial
4TJF1A,140,1,Initial
4TJF1A,140,1,Table
4TJF1A,141,1,Initial
4TJF1A,144,1,Initial
4TJF1A,144,2,Initial
4TJF1A,145,1,Initial
4TJF1A,145,2,Initial
4TJF1A,146,1,Content Illustration
4TJF1A,146,2,Content Illustration
4TJF1A,146,1,Initial
4TJF1A,146,2,Initial
4TJF1A,148,1,Content Illustration
4TJF1A,148,1,Initial
4TJF1A,149,1,Content Illustration
4TJF1A,149,2,Content Illustration
4TJF1A,149,1,Initial
4TJF1A,150,1,Content Illustration
4TJF1A,150,2,Content Illustration
4TJF1A,150,3,Content Illustration
4TJF1A,151,1,Content Illustration
4TJF1A,151,2,Content Illustration
4TJF1A,152,1,Content Illustration
4TJF1A,152,2,Content Illustration
4TJF1A,157,1,Initial
4TJF1A,160,1,Initial
4TJF1A,161,1,Content Illustration
4TJF1A,162,1,Initial
4TJF1A,165,1,Content Illustration
4TJF1A,165,1,Decoration
4TJF1A,166,1,Content Illustration
4TJF1A,166,1,Initial
4TJF1A,167,1,Content Illustration
4TJF1A,167,1,Initial
4TJF1A,167,2,Initial
4TJF1A,168,1,Initial
4TJF1A,172,1,Initial
4TJF1A,176,1,Initial
4TJF1A,178,1,Content Illustration
4TJF1A,178,2,Content Illustration
4TJF1A,180,1,Initial
4TJF1A,181,1,Initial
4TJF1A,184,1,Initial
4TJF1A,186,1,Initial
4TJF1A,187,1,Initial
4TJF1A,188,1,Initial
4TJF1A,190,1,Initial
4TJF1A,192,1,Initial
4TJF1A,197,1,Initial
4TJF1A,197,2,Initial
4TJF1A,198,1,Initial
4TJF1A,199,1,Initial
4TJF1A,201,1,Content Illustration
4TJF1A,201,1,Decoration
4TJF1A,202,1,Content Illustration
4TJF1A,203,1,Content Illustration
4TJF1A,204,1,Content Illustration
4TJF1A,205,1,Content Illustration
4TJF1A,205,1,Decoration
4TJF1A,206,1,Content Illustration
4TJF1A,211,1,Content Illustration
4TJF1A,212,1,Initial
4TJF1A,213,1,Content Illustration
4TJF1A,214,1,Initial
4TJF1A,216,1,Initial
4TJF1A,218,1,Content Illustration
4TJF1A,218,1,Initial
4TJF1A,220,1,Initial
4TJF1A,223,1,Content Illustration
4TJF1A,225,1,Initial
4TJF1A,226,1,Initial
4TJF1A,227,1,Content Illustration
4TJF1A,227,1,Initial
4TJF1A,228,1,Content Illustration
4TJF1A,228,1,Initial
4TJF1A,230,1,Content Illustration
4TJF1A,232,1,Initial
4TJF1A,233,1,Content Illustration
4TJF1A,233,1,Initial
4TJF1A,235,1,Content Illustration
4TJF1A,235,1,Decoration
4TJF1A,235,1,Initial
4TJF1A,237,1,Content Illustration
4TJF1A,239,1,Printer's Mark
4TJF1A,241,1,Printer's Mark
VWMZ7L,7,1,Printer's Mark
VWMZ7L,9,1,Decoration
VWMZ7L,9,1,Initial
VWMZ7L,11,1,Decoration
VWMZ7L,11,1,Initial
VWMZ7L,16,1,Table
VWMZ7L,39,1,Content Illustration
VWMZ7L,39,2,Content Illustration
VWMZ7L,39,3,Content Illustration
VWMZ7L,39,4,Content Illustration
VWMZ7L,39,5,Content Illustration
VWMZ7L,43,1,Decoration
VWMZ7L,43,1,Initial
VWMZ7L,57,1,Decoration
VWMZ7L,57,1,Initial
VWMZ7L,58,1,Content Illustration
VWMZ7L,58,2,Content Illustration
VWMZ7L,59,1,Content Illustration
VWMZ7L,59,2,Content Illustration
VWMZ7L,60,1,Content Illustration
VWMZ7L,60,2,Content Illustration
VWMZ7L,60,3,Content Illustration
VWMZ7L,61,1,Content Illustration
VWMZ7L,61,2,Content Illustration
VWMZ7L,62,1,Content Illustration
VWMZ7L,64,1,Content Illustration
VWMZ7L,64,2,Content Illustration
VWMZ7L,64,3,Content Illustration
VWMZ7L,64,4,Content Illustration
VWMZ7L,64,5,Content Illustration
VWMZ7L,65,1,Content Illustration
VWMZ7L,65,2,Content Illustration
VWMZ7L,67,1,Content Illustration
VWMZ7L,67,2,Content Illustration
VWMZ7L,67,3,Content Illustration
VWMZ7L,67,4,Content Illustration
VWMZ7L,68,1,Content Illustration
VWMZ7L,69,1,Content Illustration
VWMZ7L,69,2,Content Illustration
VWMZ7L,69,3,Content Illustration
VWMZ7L,69,4,Content Illustration
VWMZ7L,69,5,Content Illustration
VWMZ7L,69,6,Content Illustration
VWMZ7L,70,1,Content Illustration
VWMZ7L,71,1,Content Illustration
VWMZ7L,72,1,Content Illustration
VWMZ7L,73,1,Content Illustration
VWMZ7L,73,1,Decoration
VWMZ7L,74,1,Content Illustration
VWMZ7L,77,1,Content Illustration
VWMZ7L,78,1,Content Illustration
VWMZ7L,78,2,Content Illustration
VWMZ7L,80,1,Content Illustration
VWMZ7L,82,1,Content Illustration
VWMZ7L,84,1,Content Illustration
VWMZ7L,84,2,Content Illustration
VWMZ7L,85,1,Content Illustration
VWMZ7L,86,1,Content Illustration
VWMZ7L,87,1,Content Illustration
VWMZ7L,87,2,Content Illustration
VWMZ7L,88,1,Content Illustration
VWMZ7L,88,2,Content Illustration
VWMZ7L,89,1,Content Illustration
VWMZ7L,89,2,Content Illustration
VWMZ7L,89,3,Content Illustration
VWMZ7L,90,1,Content Illustration
VWMZ7L,95,1,Content Illustration
VWMZ7L,95,2,Content Illustration
VWMZ7L,102,1,Content Illustration
VWMZ7L,102,2,Content Illustration
VWMZ7L,105,1,Content Illustration
VWMZ7L,112,1,Content Illustration
VWMZ7L,113,1,Content Illustration
VWMZ7L,113,1,Decoration
VWMZ7L,117,1,Content Illustration
VWMZ7L,121,1,Content Illustration
VWMZ7L,121,1,Decoration
VWMZ7L,124,1,Content Illustration
VWMZ7L,124,1,Decoration
VWMZ7L,125,1,Content Illustration
VWMZ7L,127,1,Content Illustration
VWMZ7L,131,1,Content Illustration
VWMZ7L,132,1,Initial
VWMZ7L,139,1,Content Illustration
VWMZ7L,157,1,Printer's Mark
VWMZ7L,159,1,Content Illustration
bib-41,1,1,Initial
bib-41,3,1,Content Illustration
bib-41,3,1,Printer's Mark
bib-41,8,1,Printer's Mark
bib-41,10,1,Initial
bib-41,16,1,Initial
bib-41,17,1,Content Illustration
bib-41,21,1,Content Illustration
bib-41,23,1,Content Illustration
bib-41,25,1,Content Illustration
bib-41,27,1,Initial
bib-41,28,1,Content Illustration
bib-41,34,1,Content Illustration
bib-41,37,1,Content Illustration
bib-41,49,1,Content Illustration
bib-41,50,1,Content Illustration
bib-41,52,1,Content Illustration
bib-41,53,1,Content Illustration
bib-41,55,1,Content Illustration
bib-41,56,1,Content Illustration
bib-41,57,1,Content Illustration
bib-41,59,1,Content Illustration
bib-41,59,2,Content Illustration
bib-41,60,1,Content Illustration
bib-41,62,1,Content Illustration
bib-41,62,2,Content Illustration
bib-41,64,1,Content Illustration
bib-41,64,2,Content Illustration
bib-41,67,1,Printer's Mark
bib-41,68,1,Printer's Mark
bib-41,70,1,Initial
bib-41,71,1,Content Illustration
bib-41,71,2,Content Illustration
bib-41,73,1,Content Illustration
bib-41,75,1,Content Illustration
bib-41,76,1,Content Illustration
bib-41,76,2,Content Illustration
bib-41,77,1,Content Illustration
bib-41,78,1,Content Illustration
bib-41,79,1,Content Illustration
bib-41,80,1,Content Illustration
bib-41,80,2,Content Illustration
bib-41,80,1,Initial
bib-41,81,1,Content Illustration
bib-41,82,1,Content Illustration
bib-41,82,2,Content Illustration
bib-41,83,1,Content Illustration
bib-41,84,1,Content Illustration
bib-41,85,1,Content Illustration
bib-41,86,1,Content Illustration
bib-41,87,1,Content Illustration
bib-41,88,1,Content Illustration
bib-41,89,1,Content Illustration
bib-41,89,2,Content Illustration
bib-41,90,1,Content Illustration
bib-41,91,1,Content Illustration
bib-41,92,1,Content Illustration
bib-41,92,2,Content Illustration
bib-41,92,3,Content Illustration
bib-41,93,1,Content Illustration
bib-41,93,2,Content Illustration
bib-41,94,1,Content Illustration
bib-41,96,1,Content Illustration
bib-41,97,1,Content Illustration
bib-41,97,2,Content Illustration
bib-41,97,3,Content Illustration
bib-41,98,1,Content Illustration
bib-41,99,1,Content Illustration
bib-41,100,1,Content Illustration
bib-41,101,1,Content Illustration
bib-41,102,1,Content Illustration
bib-41,102,2,Content Illustration
bib-41,103,1,Content Illustration
bib-41,103,2,Content Illustration
bib-41,103,3,Content Illustration
bib-41,103,4,Content Illustration
bib-41,105,1,Content Illustration
bib-41,106,1,Content Illustration
bib-41,107,1,Content Illustration
bib-41,108,1,Content Illustration
bib-41,109,1,Content Illustration
bib-41,110,1,Content Illustration
bib-41,113,1,Content Illustration
bib-41,114,1,Content Illustration
bib-41,116,1,Content Illustration
bib-41,117,1,Content Illustration
bib-41,123,1,Printer's Mark
bib-123,100,1,Content Illustration
bib-123,101,1,Content Illustration
bib-123,102,1,Content Illustration
bib-123,102,2,Content Illustration
bib-123,102,3,Content Illustration
bib-123,103,1,Content Illustration
bib-123,103,2,Content Illustration
bib-123,103,3,Content Illustration
bib-123,104,1,Content Illustration
bib-123,104,2,Content Illustration
bib-123,105,1,Content Illustration
bib-123,105,2,Content Illustration
bib-123,106,1,Content Illustration
bib-123,106,2,Content Illustration
bib-123,107,1,Content Illustration
bib-123,107,2,Content Illustration
bib-123,108,1,Content Illustration
bib-123,108,2,Content Illustration
bib-123,108,3,Content Illustration
bib-123,108,4,Content Illustration
bib-123,109,1,Content Illustration
bib-123,109,2,Content Illustration
bib-123,109,3,Content Illustration
bib-123,109,4,Content Illustration
bib-123,110,1,Content Illustration
bib-123,110,2,Content Illustration
bib-123,110,3,Content Illustration
bib-123,111,1,Content Illustration
bib-123,111,2,Content Illustration
bib-123,111,3,Content Illustration
bib-123,112,1,Content Illustration
bib-123,112,2,Content Illustration
bib-123,112,3,Content Illustration
bib-123,113,1,Content Illustration
bib-123,113,2,Content Illustration
bib-123,113,3,Content Illustration
bib-123,114,1,Content Illustration
bib-123,114,2,Content Illustration
bib-123,115,1,Content Illustration
bib-123,115,2,Content Illustration
bib-123,116,1,Content Illustration
bib-123,116,2,Content Illustration
bib-123,117,1,Content Illustration
bib-123,117,2,Content Illustration
bib-123,118,1,Content Illustration
bib-123,118,2,Content Illustration
bib-123,119,1,Content Illustration
bib-123,120,1,Content Illustration
bib-123,121,1,Content Illustration
bib-123,121,2,Content Illustration
bib-123,122,1,Content Illustration
bib-123,122,2,Content Illustration
bib-123,123,1,Content Illustration
bib-123,124,1,Content Illustration
bib-123,124,2,Content Illustration
bib-123,125,1,Content Illustration
bib-123,126,1,Content Illustration
bib-123,126,2,Content Illustration
bib-123,127,1,Content Illustration
bib-123,132,1,Content Illustration
bib-123,133,1,Content Illustration
bib-123,135,1,Content Illustration
bib-123,136,1,Content Illustration
bib-123,136,2,Content Illustration
bib-123,138,1,Content Illustration
bib-123,139,1,Content Illustration
bib-123,140,1,Content Illustration
bib-123,14,1,Content Illustration
bib-123,19,1,Content Illustration
bib-123,20,1,Content Illustration
bib-123,29,1,Content Illustration
bib-123,32,1,Content Illustration
bib-123,36,1,Content Illustration
bib-123,59,1,Content Illustration
bib-123,61,1,Content Illustration
bib-123,63,1,Content Illustration
bib-123,63,2,Content Illustration
bib-123,63,3,Content Illustration
bib-123,6,1,Content Illustration
bib-123,71,1,Content Illustration
bib-123,71,2,Content Illustration
bib-123,71,3,Content Illustration
bib-123,72,1,Content Illustration
bib-123,72,2,Content Illustration
bib-123,72,3,Content Illustration
bib-123,72,4,Content Illustration
bib-123,72,5,Content Illustration
bib-123,73,1,Content Illustration
bib-123,73,2,Content Illustration
bib-123,73,3,Content Illustration
bib-123,73,4,Content Illustration
bib-123,73,5,Content Illustration
bib-123,74,1,Content Illustration
bib-123,74,2,Content Illustration
bib-123,74,3,Content Illustration
bib-123,74,4,Content Illustration
bib-123,74,5,Content Illustration
bib-123,74,6,Content Illustration
bib-123,74,7,Content Illustration
bib-123,75,1,Content Illustration
bib-123,75,2,Content Illustration
bib-123,75,3,Content Illustration
bib-123,75,4,Content Illustration
bib-123,75,5,Content Illustration
bib-123,75,6,Content Illustration
bib-123,75,7,Content Illustration
bib-123,76,1,Content Illustration
bib-123,76,2,Content Illustration
bib-123,76,3,Content Illustration
bib-123,77,1,Content Illustration
bib-123,77,2,Content Illustration
bib-123,80,1,Content Illustration
bib-123,81,1,Content Illustration
bib-123,82,1,Content Illustration
bib-123,83,1,Content Illustration
bib-123,84,1,Content Illustration
bib-123,85,1,Content Illustration
bib-123,86,1,Content Illustration
bib-123,86,2,Content Illustration
bib-123,87,1,Content Illustration
bib-123,87,2,Content Illustration
bib-123,88,1,Content Illustration
bib-123,89,1,Content Illustration
bib-123,89,2,Content Illustration
bib-123,89,3,Content Illustration
bib-123,90,1,Content Illustration
bib-123,90,2,Content Illustration
bib-123,92,1,Content Illustration
bib-123,94,1,Content Illustration
bib-123,95,1,Content Illustration
bib-123,95,2,Content Illustration
bib-123,96,1,Content Illustration
bib-123,96,2,Content Illustration
bib-123,96,3,Content Illustration
bib-123,97,1,Content Illustration
bib-123,97,2,Content Illustration
bib-123,98,1,Content Illustration
bib-123,98,2,Content Illustration
bib-123,98,3,Content Illustration
bib-83,1,1,Initial
bib-83,3,1,Content Illustration
bib-83,3,2,Content Illustration
bib-83,8,1,Decoration
bib-83,8,2,Decoration
bib-83,8,1,Initial
bib-83,10,1,Decoration
bib-83,10,2,Decoration
bib-83,10,1,Initial
bib-83,10,2,Initial
bib-83,11,1,Initial
bib-83,12,1,Initial
bib-83,13,1,Initial
bib-83,13,2,Initial
bib-83,15,1,Content Illustration
bib-83,15,1,Initial
bib-83,16,1,Initial
bib-83,17,1,Initial
bib-83,18,1,Initial
bib-83,20,1,Initial
bib-83,20,2,Initial
bib-83,21,1,Initial
bib-83,22,1,Initial
bib-83,22,2,Initial
bib-83,23,1,Content Illustration
bib-83,23,2,Content Illustration
bib-83,23,1,Initial
bib-83,24,1,Initial
bib-83,25,1,Initial
bib-83,25,2,Initial
bib-83,26,1,Content Illustration
bib-83,26,1,Initial
bib-83,28,1,Initial
bib-83,29,1,Initial
bib-83,32,1,Initial
bib-83,34,1,Content Illustration
bib-83,36,1,Initial
bib-83,37,1,Content Illustration
bib-83,38,1,Initial
bib-83,39,1,Initial
bib-83,42,1,Content Illustration
bib-83,43,1,Initial
bib-83,44,1,Content Illustration
bib-83,45,1,Content Illustration
bib-83,45,1,Initial
bib-83,46,1,Decoration
bib-83,47,1,Initial
bib-83,51,1,Content Illustration
bib-83,53,1,Content Illustration
bib-83,53,2,Content Illustration
bib-83,53,3,Content Illustration
bib-83,55,1,Decoration
bib-83,56,1,Initial
bib-83,58,1,Content Illustration
bib-83,58,2,Content Illustration
bib-83,58,3,Content Illustration
bib-83,58,4,Content Illustration
bib-83,58,5,Content Illustration
bib-83,58,6,Content Illustration
bib-83,58,7,Content Illustration
bib-83,58,8,Content Illustration
bib-83,59,1,Content Illustration
bib-83,59,2,Content Illustration
bib-83,60,1,Initial
bib-83,62,1,Content Illustration
bib-83,63,1,Content Illustration
bib-83,63,2,Content Illustration
bib-83,64,1,Initial
bib-83,65,1,Content Illustration
bib-83,65,2,Content Illustration
bib-83,65,3,Content Illustration
bib-83,65,1,Decoration
bib-83,65,1,Initial
bib-83,66,1,Content Illustration
bib-83,66,2,Content Illustration
bib-83,66,3,Content Illustration
bib-83,67,1,Content Illustration
bib-83,67,2,Content Illustration
bib-83,68,1,Content Illustration
bib-83,69,1,Content Illustration
bib-83,70,1,Initial
bib-83,71,1,Content Illustration
bib-83,72,1,Content Illustration
bib-83,73,1,Initial
bib-83,77,1,Decoration
bib-83,78,1,Decoration
bib-83,78,1,Initial
bib-83,80,1,Content Illustration
bib-83,80,2,Content Illustration
bib-83,81,1,Content Illustration
bib-83,81,2,Content Illustration
bib-83,82,1,Initial
bib-83,82,2,Initial
bib-83,83,1,Content Illustration
bib-83,86,1,Content Illustration
bib-83,88,1,Content Illustration
bib-83,89,1,Initial
bib-83,90,1,Content Illustration
bib-83,92,1,Content Illustration
bib-83,93,1,Decoration
bib-83,93,1,Initial
bib-83,97,1,Table
bib-83,98,1,Initial
bib-83,102,1,Initial
bib-83,103,1,Initial
bib-83,104,1,Initial
bib-83,104,2,Initial
bib-83,105,1,Initial
bib-83,105,2,Initial
bib-83,105,3,Initial
bib-83,106,1,Initial
bib-83,106,2,Initial
bib-83,106,3,Initial
bib-83,107,1,Initial
bib-83,109,1,Initial
bib-83,109,2,Initial
bib-83,109,3,Initial
bib-83,109,4,Initial
bib-83,110,1,Initial
bib-83,110,2,Initial
bib-83,111,1,Initial
bib-83,111,2,Initial
bib-83,112,1,Initial
bib-83,112,2,Initial
bib-83,112,3,Initial
bib-83,113,1,Initial
bib-83,113,2,Initial
bib-83,113,3,Initial
bib-83,114,1,Initial
bib-83,114,2,Initial
bib-83,114,3,Initial
bib-83,114,4,Initial
bib-83,115,1,Content Illustration
bib-83,116,1,Content Illustration
bib-83,116,1,Initial
bib-83,117,1,Content Illustration
bib-83,117,1,Initial
bib-83,117,2,Initial
bib-83,118,1,Content Illustration
bib-83,118,1,Initial
bib-83,119,1,Content Illustration
bib-83,119,2,Content Illustration
bib-83,119,1,Initial
bib-83,120,1,Content Illustration
bib-83,121,1,Initial
bib-83,122,1,Content Illustration
bib-83,123,1,Initial
bib-83,124,1,Content Illustration
bib-83,127,1,Content Illustration
bib-83,129,1,Content Illustration
bib-83,130,1,Initial
bib-83,130,2,Initial
bib-83,131,1,Content Illustration
bib-83,132,1,Initial
bib-83,133,1,Content Illustration
bib-83,133,1,Initial
bib-83,134,1,Initial
bib-83,135,1,Content Illustration
bib-83,136,1,Content Illustration
bib-83,136,1,Initial
bib-83,137,1,Initial
bib-83,138,1,Initial
bib-83,139,1,Content Illustration
bib-83,140,1,Initial
bib-83,142,1,Content Illustration
bib-83,142,2,Content Illustration
bib-83,143,1,Content Illustration
bib-83,144,1,Initial
bib-83,144,2,Initial
bib-83,152,1,Initial
bib-83,155,1,Initial
bib-83,156,1,Initial
bib-83,161,1,Initial
bib-83,162,1,Initial
bib-83,165,1,Printer's Mark
bib-83,168,1,Content Illustration
bib-276,9,1,Content Illustration
bib-276,70,1,Content Illustration
bib-276,77,1,Content Illustration
bib-276,79,1,Content Illustration
bib-276,81,1,Content Illustration
bib-276,86,1,Content Illustration
bib-276,87,1,Content Illustration
bib-276,88,1,Content Illustration
bib-276,90,1,Content Illustration
bib-276,94,1,Content Illustration
bib-276,96,1,Content Illustration
bib-276,98,1,Content Illustration
bib-276,99,1,Content Illustration
bib-276,110,1,Content Illustration
bib-276,111,1,Content Illustration
bib-276,113,1,Content Illustration
bib-276,115,1,Content Illustration
bib-276,117,1,Content Illustration
bib-276,120,1,Content Illustration
bib-276,128,1,Content Illustration
bib-276,129,1,Content Illustration
bib-276,130,1,Content Illustration
bib-276,130,2,Content Illustration
bib-276,131,1,Content Illustration
bib-276,131,2,Content Illustration
bib-276,132,1,Content Illustration
bib-276,133,1,Content Illustration
bib-276,134,1,Content Illustration
bib-276,143,1,Content Illustration
bib-276,144,1,Content Illustration
bib-276,145,1,Content Illustration
bib-276,146,1,Content Illustration
bib-276,148,1,Content Illustration
bib-276,149,1,Content Illustration
bib-276,150,1,Content Illustration
bib-276,150,2,Content Illustration
bib-276,150,3,Content Illustration
bib-276,151,1,Content Illustration
bib-276,151,2,Content Illustration
bib-276,152,1,Content Illustration
bib-276,152,2,Content Illustration
bib-276,152,3,Content Illustration
bib-276,153,1,Content Illustration
bib-276,153,2,Content Illustration
bib-276,153,3,Content Illustration
bib-276,155,1,Content Illustration
bib-276,155,2,Content Illustration
bib-276,156,1,Content Illustration
bib-276,157,1,Content Illustration
bib-276,163,1,Content Illustration
bib-276,163,2,Content Illustration
bib-276,164,1,Content Illustration
bib-276,167,1,Content Illustration
bib-276,168,1,Content Illustration
bib-276,170,1,Content Illustration
bib-276,171,1,Content Illustration
bib-276,172,1,Content Illustration
bib-276,173,1,Content Illustration
bib-276,173,2,Content Illustration
bib-276,173,3,Content Illustration
bib-276,174,1,Content Illustration
bib-276,174,2,Content Illustration
bib-276,175,1,Content Illustration
bib-276,177,1,Content Illustration
bib-276,178,1,Content Illustration
bib-276,178,2,Content Illustration
bib-276,179,1,Content Illustration
bib-276,179,2,Content Illustration
bib-276,181,1,Content Illustration
bib-276,181,2,Content Illustration
bib-276,182,1,Content Illustration
bib-276,182,2,Content Illustration
bib-276,183,1,Content Illustration
bib-276,185,1,Content Illustration
bib-276,185,2,Content Illustration
bib-276,186,1,Content Illustration
bib-276,186,2,Content Illustration
bib-276,187,1,Content Illustration
bib-276,189,1,Content Illustration
bib-276,190,1,Content Illustration
bib-276,191,1,Content Illustration
bib-276,192,1,Content Illustration
bib-276,193,1,Content Illustration
bib-276,194,1,Content Illustration
bib-276,194,2,Content Illustration
bib-276,196,1,Content Illustration
bib-276,197,1,Content Illustration
bib-276,198,1,Content Illustration
bib-276,199,1,Content Illustration
bib-276,199,2,Content Illustration
bib-276,200,1,Content Illustration
bib-276,200,2,Content Illustration
bib-276,202,1,Content Illustration
bib-276,202,2,Content Illustration
bib-276,203,1,Content Illustration
bib-276,203,2,Content Illustration
bib-276,203,3,Content Illustration
bib-276,204,1,Content Illustration
bib-276,205,1,Content Illustration
bib-276,205,2,Content Illustration
bib-276,206,1,Content Illustration
bib-276,207,1,Content Illustration
bib-276,207,2,Content Illustration
bib-276,207,3,Content Illustration
bib-276,207,4,Content Illustration
bib-276,208,1,Content Illustration
bib-276,209,1,Content Illustration
bib-276,209,2,Content Illustration
bib-276,210,1,Content Illustration
bib-276,210,2,Content Illustration
bib-276,211,1,Content Illustration
bib-276,211,2,Content Illustration
bib-276,212,1,Content Illustration
bib-276,212,2,Content Illustration
bib-276,212,3,Content Illustration
bib-276,213,1,Content Illustration
bib-276,214,1,Content Illustration
bib-276,214,2,Content Illustration
bib-276,215,1,Content Illustration
bib-276,215,2,Content Illustration
bib-276,216,1,Content Illustration
bib-276,216,2,Content Illustration
bib-276,217,1,Content Illustration
bib-276,217,2,Content Illustration
bib-276,218,1,Content Illustration
bib-276,218,2,Content Illustration
bib-276,218,3,Content Illustration
bib-276,219,1,Content Illustration
bib-276,220,1,Content Illustration
bib-276,222,1,Content Illustration
bib-276,222,2,Content Illustration
bib-276,223,1,Content Illustration
bib-276,223,2,Content Illustration
bib-276,223,3,Content Illustration
bib-276,223,4,Content Illustration
bib-276,224,1,Content Illustration
bib-276,224,2,Content Illustration
bib-276,224,3,Content Illustration
bib-276,225,1,Content Illustration
bib-276,225,2,Content Illustration
bib-276,226,1,Content Illustration
bib-276,229,1,Content Illustration
bib-276,229,2,Content Illustration
bib-276,229,3,Content Illustration
bib-276,231,1,Content Illustration
bib-276,232,1,Content Illustration
bib-276,232,2,Content Illustration
bib-276,236,1,Content Illustration
bib-276,237,1,Content Illustration
bib-276,239,1,Content Illustration
bib-276,241,1,Content Illustration
bib-276,242,1,Content Illustration
bib-276,243,1,Content Illustration
bib-276,244,1,Content Illustration
bib-276,244,2,Content Illustration
bib-276,245,1,Content Illustration
bib-276,245,2,Content Illustration
bib-276,246,1,Content Illustration
bib-276,247,1,Content Illustration
bib-276,248,1,Content Illustration
bib-276,248,2,Content Illustration
bib-276,249,1,Content Illustration
bib-276,250,1,Content Illustration
bib-276,250,2,Content Illustration
bib-276,250,3,Content Illustration
bib-276,252,1,Content Illustration
bib-276,253,1,Content Illustration
bib-276,254,1,Content Illustration
bib-276,254,2,Content Illustration
bib-276,255,1,Content Illustration
bib-276,255,2,Content Illustration
bib-276,257,1,Content Illustration
bib-276,258,1,Content Illustration
bib-276,258,2,Content Illustration
bib-276,260,1,Content Illustration
bib-276,261,1,Content Illustration
bib-276,262,1,Content Illustration
bib-276,263,1,Content Illustration
bib-276,263,2,Content Illustration
bib-276,264,1,Content Illustration
bib-276,264,2,Content Illustration
bib-276,264,3,Content Illustration
bib-276,264,4,Content Illustration
bib-276,266,1,Content Illustration
bib-276,266,2,Content Illustration
bib-276,266,3,Content Illustration
bib-276,266,4,Content Illustration
bib-276,266,5,Content Illustration
bib-276,266,6,Content Illustration
bib-276,266,7,Content Illustration
bib-276,267,1,Content Illustration
bib-276,267,2,Content Illustration
bib-276,267,3,Content Illustration
bib-276,267,4,Content Illustration
bib-276,267,5,Content Illustration
bib-276,267,6,Content Illustration
bib-276,268,1,Content Illustration
bib-276,269,1,Content Illustration
bib-276,270,1,Content Illustration
bib-276,271,1,Content Illustration
bib-276,272,1,Content Illustration
bib-276,273,1,Content Illustration
bib-276,275,1,Content Illustration
bib-276,276,1,Content Illustration
bib-276,276,2,Content Illustration
bib-276,276,3,Content Illustration
bib-276,280,1,Content Illustration
bib-276,283,1,Content Illustration
bib-276,283,2,Content Illustration
bib-276,284,1,Content Illustration
bib-276,284,2,Content Illustration
bib-276,285,1,Content Illustration
bib-276,286,1,Content Illustration
bib-276,287,1,Content Illustration
bib-276,288,1,Content Illustration
bib-276,288,2,Content Illustration
bib-276,289,1,Content Illustration
bib-276,291,1,Content Illustration
bib-276,292,1,Content Illustration
bib-276,292,2,Content Illustration
bib-276,315,1,Content Illustration
2I9HSY,13,1,Content Illustration
2I9HSY,13,1,Printer's Mark
2I9HSY,15,1,Content Illustration
2I9HSY,17,1,Decoration
2I9HSY,17,1,Initial
2I9HSY,18,1,Decoration
2I9HSY,18,1,Initial
2I9HSY,19,1,Content Illustration
2I9HSY,19,1,Decoration
2I9HSY,19,1,Initial
2I9HSY,21,1,Content Illustration
2I9HSY,21,1,Initial
2I9HSY,24,1,Content Illustration
2I9HSY,24,1,Initial
2I9HSY,25,1,Content Illustration
2I9HSY,25,1,Initial
2I9HSY,26,1,Content Illustration
2I9HSY,26,1,Initial
2I9HSY,27,1,Content Illustration
2I9HSY,27,1,Initial
2I9HSY,28,1,Content Illustration
2I9HSY,28,1,Initial
2I9HSY,29,1,Content Illustration
2I9HSY,29,1,Initial
2I9HSY,30,1,Content Illustration
2I9HSY,30,1,Initial
2I9HSY,31,1,Content Illustration
2I9HSY,32,1,Initial
2I9HSY,34,1,Content Illustration
2I9HSY,35,1,Initial
2I9HSY,36,1,Content Illustration
2I9HSY,36,2,Content Illustration
2I9HSY,37,1,Initial
2I9HSY,38,1,Content Illustration
2I9HSY,38,1,Initial
2I9HSY,39,1,Content Illustration
2I9HSY,40,1,Initial
2I9HSY,42,1,Content Illustration
2I9HSY,43,1,Initial
2I9HSY,45,1,Content Illustration
2I9HSY,45,1,Initial
2I9HSY,47,1,Content Illustration
2I9HSY,48,1,Content Illustration
2I9HSY,48,1,Initial
2I9HSY,49,1,Initial
2I9HSY,51,1,Content Illustration
2I9HSY,51,1,Initial
2I9HSY,52,1,Content Illustration
2I9HSY,52,1,Initial
2I9HSY,53,1,Content Illustration
2I9HSY,54,1,Initial
2I9HSY,56,1,Content Illustration
2I9HSY,57,1,Initial
2I9HSY,59,1,Content Illustration
2I9HSY,59,1,Initial
2I9HSY,61,1,Content Illustration
2I9HSY,62,1,Initial
2I9HSY,63,1,Content Illustration
2I9HSY,63,1,Initial
2I9HSY,65,1,Content Illustration
2I9HSY,65,1,Initial
2I9HSY,67,1,Content Illustration
2I9HSY,67,1,Initial
2I9HSY,70,1,Content Illustration
2I9HSY,70,1,Initial
2I9HSY,72,1,Content Illustration
2I9HSY,72,1,Initial
2I9HSY,73,1,Content Illustration
2I9HSY,73,1,Initial
2I9HSY,75,1,Content Illustration
2I9HSY,76,1,Initial
2I9HSY,77,1,Content Illustration
2I9HSY,78,1,Initial
2I9HSY,80,1,Content Illustration
2I9HSY,81,1,Initial
2I9HSY,83,1,Content Illustration
2I9HSY,83,1,Initial
2I9HSY,86,1,Content Illustration
2I9HSY,87,1,Initial
2I9HSY,89,1,Content Illustration
2I9HSY,90,1,Initial
2I9HSY,92,1,Content Illustration
2I9HSY,93,1,Initial
2I9HSY,95,1,Content Illustration
2I9HSY,96,1,Initial
2I9HSY,98,1,Content Illustration
2I9HSY,98,2,Content Illustration
2I9HSY,99,1,Initial
2I9HSY,101,1,Content Illustration
2I9HSY,102,1,Initial
2I9HSY,103,1,Content Illustration
2I9HSY,104,1,Initial
2I9HSY,107,1,Content Illustration
2I9HSY,108,1,Initial
2I9HSY,109,1,Content Illustration
2I9HSY,110,1,Initial
2I9HSY,111,1,Content Illustration
2I9HSY,112,1,Initial
2I9HSY,114,1,Content Illustration
2I9HSY,115,1,Initial
2I9HSY,118,1,Content Illustration
2I9HSY,119,1,Initial
2I9HSY,121,1,Content Illustration
2I9HSY,122,1,Initial
2I9HSY,124,1,Content Illustration
2I9HSY,125,1,Initial
2I9HSY,127,1,Content Illustration
2I9HSY,127,1,Initial
2I9HSY,130,1,Content Illustration
2I9HSY,130,1,Initial
2I9HSY,133,1,Content Illustration
2I9HSY,133,1,Initial
2I9HSY,135,1,Content Illustration
2I9HSY,136,1,Initial
2I9HSY,137,1,Content Illustration
2I9HSY,137,1,Initial
2I9HSY,138,1,Content Illustration
2I9HSY,138,1,Initial
2I9HSY,140,1,Content Illustration
2I9HSY,140,2,Content Illustration
2I9HSY,140,3,Content Illustration
2I9HSY,141,1,Initial
2I9HSY,143,1,Content Illustration
2I9HSY,144,1,Initial
2I9HSY,148,1,Content Illustration
2I9HSY,149,1,Initial
2I9HSY,151,1,Content Illustration
2I9HSY,151,2,Content Illustration
2I9HSY,151,3,Content Illustration
2I9HSY,151,1,Initial
2I9HSY,153,1,Decoration
2I9HSY,153,1,Initial
2I9HSY,154,1,Initial
bib-47,1,1,Initial
bib-47,11,1,Initial
bib-47,13,1,Initial
bib-47,17,1,Initial
bib-47,18,1,Content Illustration
bib-47,20,1,Content Illustration
bib-47,21,1,Content Illustration
bib-47,23,1,Content Illustration
bib-47,25,1,Content Illustration
bib-47,27,1,Initial
bib-47,33,1,Content Illustration
bib-47,37,1,Content Illustration
bib-47,43,1,Content Illustration
bib-47,45,1,Content Illustration
bib-47,47,1,Initial
bib-47,51,1,Content Illustration
bib-47,59,1,Content Illustration
bib-47,60,1,Initial
bib-47,63,1,Content Illustration
bib-47,66,1,Content Illustration
bib-47,69,1,Content Illustration
bib-47,74,1,Content Illustration
bib-47,77,1,Content Illustration
bib-47,78,1,Initial
bib-91,4,1,Content Illustration
bib-91,7,1,Content Illustration
bib-91,23,1,Content Illustration
bib-91,30,1,Content Illustration
bib-91,30,2,Content Illustration
bib-91,30,3,Content Illustration
bib-91,32,1,Content Illustration
bib-91,83,1,Content Illustration
bib-91,85,1,Content Illustration
bib-91,108,1,Content Illustration
bib-91,137,1,Content Illustration
bib-91,137,2,Content Illustration
bib-91,138,1,Content Illustration
bib-91,139,1,Content Illustration
bib-91,139,2,Content Illustration
bib-91,139,3,Content Illustration
bib-91,140,1,Content Illustration
bib-91,140,2,Content Illustration
bib-91,140,3,Content Illustration
bib-91,141,1,Content Illustration
bib-91,141,2,Content Illustration
bib-91,141,3,Content Illustration
bib-91,142,1,Content Illustration
bib-91,142,2,Content Illustration
bib-91,142,3,Content Illustration
bib-91,142,4,Content Illustration
bib-91,143,1,Content Illustration
bib-91,143,2,Content Illustration
bib-91,144,1,Content Illustration
bib-91,144,2,Content Illustration
bib-91,146,1,Content Illustration
bib-91,146,2,Content Illustration
bib-91,146,3,Content Illustration
bib-91,146,4,Content Illustration
bib-91,147,1,Content Illustration
bib-91,147,2,Content Illustration
bib-91,147,3,Content Illustration
bib-91,148,1,Content Illustration
bib-91,148,2,Content Illustration
bib-91,148,3,Content Illustration
bib-91,149,1,Content Illustration
bib-91,149,2,Content Illustration
bib-91,149,3,Content Illustration
bib-91,150,1,Content Illustration
bib-91,150,2,Content Illustration
bib-91,150,3,Content Illustration
bib-91,150,4,Content Illustration
bib-91,150,5,Content Illustration
bib-91,151,1,Content Illustration
bib-91,151,2,Content Illustration
bib-91,151,3,Content Illustration
bib-91,152,1,Content Illustration
bib-91,153,1,Content Illustration
bib-91,153,2,Content Illustration
bib-91,154,1,Content Illustration
bib-91,155,1,Content Illustration
bib-91,155,2,Content Illustration
bib-91,155,3,Content Illustration
bib-91,155,4,Content Illustration
bib-91,155,5,Content Illustration
bib-91,156,1,Content Illustration
bib-91,156,2,Content Illustration
bib-91,156,3,Content Illustration
bib-91,157,1,Content Illustration
bib-91,157,2,Content Illustration
bib-91,158,1,Content Illustration
bib-91,158,2,Content Illustration
bib-91,161,1,Content Illustration
bib-91,161,2,Content Illustration
bib-91,161,3,Content Illustration
bib-91,162,1,Content Illustration
bib-91,162,2,Content Illustration
bib-91,162,3,Content Illustration
bib-91,162,4,Content Illustration
bib-91,163,1,Content Illustration
bib-91,163,2,Content Illustration
bib-91,163,3,Content Illustration
bib-91,163,4,Content Illustration
bib-91,164,1,Content Illustration
bib-282,3,1,Printer's Mark
bib-282,5,1,Decoration
bib-282,5,1,Initial
bib-282,7,1,Decoration
bib-282,7,1,Initial
bib-282,12,1,Decoration
bib-282,12,2,Decoration
bib-282,29,1,Content Illustration
bib-282,33,1,Content Illustration
bib-282,43,1,Content Illustration
bib-282,50,1,Content Illustration
bib-282,53,1,Content Illustration
bib-282,58,1,Table
bib-282,66,1,Content Illustration
bib-282,72,1,Content Illustration
bib-282,75,1,Content Illustration
bib-282,76,1,Initial
bib-282,78,1,Content Illustration
bib-282,78,2,Content Illustration
bib-282,79,1,Content Illustration
bib-282,79,2,Content Illustration
bib-282,79,3,Content Illustration
bib-282,80,1,Content Illustration
bib-282,80,2,Content Illustration
bib-282,82,1,Content Illustration
bib-282,83,1,Content Illustration
bib-282,83,1,Decoration
bib-282,84,1,Content Illustration
bib-282,85,1,Content Illustration
bib-282,85,2,Content Illustration
bib-282,87,1,Content Illustration
bib-282,89,1,Content Illustration
bib-282,91,1,Content Illustration
bib-282,91,2,Content Illustration
bib-282,91,3,Content Illustration
bib-282,92,1,Content Illustration
bib-282,92,2,Content Illustration
bib-282,93,1,Content Illustration
bib-282,93,2,Content Illustration
bib-282,94,1,Content Illustration
bib-282,94,2,Content Illustration
bib-282,95,1,Content Illustration
bib-282,95,2,Content Illustration
bib-282,96,1,Content Illustration
bib-282,96,2,Content Illustration
bib-282,98,1,Content Illustration
bib-282,99,1,Content Illustration
bib-282,102,1,Content Illustration
bib-282,102,2,Content Illustration
bib-282,104,1,Content Illustration
bib-282,105,1,Content Illustration
bib-282,105,2,Content Illustration
bib-282,106,1,Content Illustration
bib-282,107,1,Content Illustration
bib-282,110,1,Content Illustration
bib-282,110,2,Content Illustration
bib-282,112,1,Content Illustration
bib-282,115,1,Content Illustration
bib-282,121,1,Content Illustration
bib-282,124,1,Table
bib-282,125,1,Content Illustration
bib-282,128,1,Content Illustration
bib-282,139,1,Content Illustration
bib-4,2,1,Decoration
bib-4,2,2,Decoration
bib-4,2,3,Decoration
bib-4,4,1,Decoration
bib-4,4,1,Initial
bib-4,5,1,Content Illustration
bib-4,5,2,Content Illustration
bib-4,6,1,Content Illustration
bib-4,6,1,Initial
bib-4,7,1,Content Illustration
bib-4,8,1,Content Illustration
bib-4,9,1,Content Illustration
bib-4,10,1,Content Illustration
bib-4,11,1,Content Illustration
bib-4,12,1,Content Illustration
bib-4,13,1,Content Illustration
bib-4,14,1,Content Illustration
bib-4,15,1,Content Illustration
bib-4,16,1,Content Illustration
bib-4,17,1,Content Illustration
bib-4,18,1,Content Illustration
bib-4,20,1,Content Illustration
bib-4,21,1,Content Illustration
bib-4,23,1,Content Illustration
bib-4,24,1,Content Illustration
bib-4,25,1,Content Illustration
bib-4,27,1,Content Illustration
bib-4,28,1,Content Illustration
bib-4,29,1,Content Illustration
bib-33,4,1,Content Illustration
bib-33,7,1,Content Illustration
bib-33,9,1,Content Illustration
bib-33,10,1,Content Illustration
bib-33,19,1,Content Illustration
bib-33,21,1,Content Illustration
bib-33,23,1,Content Illustration
bib-33,25,1,Content Illustration
bib-33,27,1,Content Illustration
bib-33,29,1,Content Illustration
bib-33,30,1,Content Illustration
bib-33,32,1,Content Illustration
bib-33,33,1,Content Illustration
bib-33,35,1,Content Illustration
bib-33,36,1,Content Illustration
bib-33,38,1,Content Illustration
bib-33,44,1,Content Illustration
bib-33,45,1,Content Illustration
bib-33,47,1,Content Illustration
bib-33,51,1,Content Illustration
bib-33,53,1,Content Illustration
bib-33,56,1,Content Illustration
bib-33,57,1,Content Illustration
bib-33,59,1,Content Illustration
bib-33,60,1,Content Illustration
bib-33,63,1,Content Illustration
bib-33,65,1,Content Illustration
bib-33,68,1,Content Illustration
bib-33,70,1,Content Illustration
bib-33,72,1,Content Illustration
bib-33,75,1,Content Illustration
bib-33,78,1,Content Illustration
bib-33,80,1,Content Illustration
bib-33,82,1,Content Illustration
bib-33,84,1,Content Illustration
bib-33,86,1,Content Illustration
bib-33,87,1,Content Illustration
bib-33,89,1,Content Illustration
bib-33,91,1,Content Illustration
bib-33,93,1,Content Illustration
bib-33,94,1,Content Illustration
bib-33,96,1,Content Illustration
bib-33,97,1,Content Illustration
bib-33,99,1,Content Illustration
bib-33,101,1,Content Illustration
bib-33,103,1,Content Illustration
bib-33,104,1,Content Illustration
bib-33,105,1,Content Illustration
bib-33,107,1,Content Illustration
bib-33,109,1,Content Illustration
bib-33,110,1,Content Illustration
bib-33,112,1,Content Illustration
bib-33,114,1,Content Illustration
bib-33,114,2,Content Illustration
bib-33,115,1,Content Illustration
bib-33,117,1,Content Illustration
bib-33,117,2,Content Illustration
bib-33,119,1,Content Illustration
bib-33,120,1,Content Illustration
bib-33,121,1,Content Illustration
bib-33,122,1,Content Illustration
bib-33,124,1,Content Illustration
bib-33,126,1,Content Illustration
bib-33,127,1,Content Illustration
bib-33,129,1,Content Illustration
bib-33,131,1,Content Illustration
bib-33,132,1,Content Illustration
bib-33,133,1,Content Illustration
bib-33,134,1,Content Illustration
bib-33,135,1,Content Illustration
bib-33,137,1,Content Illustration
bib-33,138,1,Content Illustration
bib-33,139,1,Content Illustration
bib-33,140,1,Content Illustration
bib-33,141,1,Content Illustration
bib-33,143,1,Content Illustration
bib-33,144,1,Content Illustration
bib-33,146,1,Content Illustration
bib-33,149,1,Content Illustration
bib-33,150,1,Content Illustration
bib-33,151,1,Content Illustration
bib-33,152,1,Content Illustration
bib-33,154,1,Content Illustration
bib-33,155,1,Content Illustration
bib-33,157,1,Content Illustration
bib-33,157,2,Content Illustration
bib-33,158,1,Content Illustration
bib-33,158,2,Content Illustration
bib-33,159,1,Content Illustration
bib-33,160,1,Content Illustration
bib-33,161,1,Content Illustration
bib-33,162,1,Content Illustration
bib-33,163,1,Content Illustration
bib-33,164,1,Content Illustration
bib-33,165,1,Content Illustration
bib-33,165,2,Content Illustration
bib-33,166,1,Content Illustration
bib-33,167,1,Content Illustration
bib-33,169,1,Content Illustration
bib-33,170,1,Content Illustration
bib-33,172,1,Content Illustration
bib-33,174,1,Content Illustration
bib-33,174,2,Content Illustration
bib-33,176,1,Content Illustration
bib-33,182,1,Content Illustration
bib-33,184,1,Content Illustration
bib-33,186,1,Content Illustration
bib-33,189,1,Content Illustration
bib-33,191,1,Content Illustration
bib-33,192,1,Content Illustration
bib-33,194,1,Content Illustration
bib-33,195,1,Content Illustration
bib-33,197,1,Content Illustration
bib-33,200,1,Content Illustration
bib-33,206,1,Content Illustration
bib-33,208,1,Content Illustration
bib-33,208,2,Content Illustration
bib-33,211,1,Content Illustration
bib-33,212,1,Content Illustration
bib-33,213,1,Content Illustration
bib-33,213,2,Content Illustration
bib-33,213,3,Content Illustration
bib-33,214,1,Content Illustration
bib-33,219,1,Content Illustration
bib-33,222,1,Content Illustration
bib-33,222,2,Content Illustration
bib-33,224,1,Content Illustration
bib-33,228,1,Content Illustration
bib-33,231,1,Content Illustration
bib-33,232,1,Content Illustration
bib-33,235,1,Content Illustration
bib-33,235,2,Content Illustration
bib-33,235,3,Content Illustration
bib-33,236,1,Content Illustration
bib-33,236,2,Content Illustration
bib-33,238,1,Content Illustration
bib-33,239,1,Content Illustration
bib-33,240,1,Content Illustration
bib-33,241,1,Content Illustration
bib-33,242,1,Content Illustration
bib-33,243,1,Content Illustration
bib-33,243,2,Content Illustration
bib-33,244,1,Content Illustration
bib-33,245,1,Content Illustration
bib-33,246,1,Content Illustration
bib-33,246,2,Content Illustration
bib-33,247,1,Content Illustration
bib-33,248,1,Content Illustration
bib-33,249,1,Content Illustration
bib-33,250,1,Content Illustration
bib-33,251,1,Content Illustration
bib-33,252,1,Content Illustration
bib-33,253,1,Content Illustration
bib-33,254,1,Content Illustration
bib-33,255,1,Content Illustration
bib-33,256,1,Content Illustration
bib-33,257,1,Content Illustration
bib-33,258,1,Content Illustration
bib-33,259,1,Content Illustration
bib-33,260,1,Content Illustration
bib-33,261,1,Content Illustration
bib-33,262,1,Content Illustration
bib-33,263,1,Content Illustration
bib-33,264,1,Content Illustration
bib-33,265,1,Content Illustration
bib-33,266,1,Content Illustration
bib-33,267,1,Content Illustration
bib-33,280,1,Content Illustration
bib-33,281,1,Content Illustration
bib-33,287,1,Content Illustration
bib-33,309,1,Content Illustration
bib-39,8,1,Content Illustration
bib-39,28,1,Content Illustration
bib-39,29,1,Content Illustration
bib-39,31,1,Content Illustration
bib-39,33,1,Content Illustration
bib-39,48,1,Content Illustration
bib-39,48,2,Content Illustration
bib-39,48,3,Content Illustration
bib-39,52,1,Content Illustration
bib-39,53,1,Content Illustration
bib-39,54,1,Content Illustration
bib-39,55,1,Content Illustration
bib-39,56,1,Content Illustration
bib-39,58,1,Content Illustration
bib-39,59,1,Content Illustration
bib-39,65,1,Content Illustration
bib-39,66,1,Content Illustration
bib-39,69,1,Content Illustration
bib-39,70,1,Content Illustration
bib-39,75,1,Content Illustration
bib-39,79,1,Content Illustration
bib-39,81,1,Content Illustration
bib-39,83,1,Content Illustration
bib-39,84,1,Content Illustration
bib-39,85,1,Content Illustration
bib-39,92,1,Content Illustration
bib-39,92,2,Content Illustration
bib-39,93,1,Content Illustration
bib-39,93,2,Content Illustration
bib-39,94,1,Content Illustration
bib-39,94,2,Content Illustration
bib-39,95,1,Content Illustration
bib-39,96,1,Content Illustration
bib-39,99,1,Content Illustration
bib-39,99,2,Content Illustration
bib-39,100,1,Content Illustration
bib-39,101,1,Content Illustration
bib-39,102,1,Content Illustration
bib-39,102,2,Content Illustration
bib-39,103,1,Content Illustration
bib-39,103,2,Content Illustration
bib-39,104,1,Content Illustration
bib-39,105,1,Content Illustration
bib-39,105,2,Content Illustration
bib-39,106,1,Content Illustration
bib-39,107,1,Content Illustration
bib-39,108,1,Content Illustration
bib-39,109,1,Content Illustration
bib-39,111,1,Content Illustration
bib-39,112,1,Content Illustration
bib-39,112,2,Content Illustration
bib-39,112,3,Content Illustration
bib-39,112,4,Content Illustration
bib-39,114,1,Content Illustration
bib-39,115,1,Content Illustration
bib-39,116,1,Content Illustration
bib-39,116,2,Content Illustration
bib-39,117,1,Content Illustration
bib-39,119,1,Content Illustration
bib-39,120,1,Content Illustration
bib-39,121,1,Content Illustration
bib-39,122,1,Content Illustration
bib-39,122,2,Content Illustration
bib-39,123,1,Content Illustration
bib-39,124,1,Content Illustration
bib-39,125,1,Content Illustration
bib-39,126,1,Content Illustration
bib-39,127,1,Content Illustration
bib-39,127,2,Content Illustration
bib-39,128,1,Content Illustration
bib-39,129,1,Content Illustration
bib-39,130,1,Content Illustration
bib-39,131,1,Content Illustration
bib-39,132,1,Content Illustration
bib-39,133,1,Content Illustration
bib-39,134,1,Content Illustration
bib-39,135,1,Content Illustration
bib-39,136,1,Content Illustration
bib-39,136,2,Content Illustration
bib-39,137,1,Content Illustration
bib-39,137,2,Content Illustration
bib-39,137,3,Content Illustration
bib-39,138,1,Content Illustration
bib-39,138,2,Content Illustration
bib-39,140,1,Content Illustration
bib-39,141,1,Content Illustration
bib-39,142,1,Content Illustration
bib-39,143,1,Content Illustration
bib-39,143,2,Content Illustration
bib-39,143,3,Content Illustration
bib-39,144,1,Content Illustration
bib-39,145,1,Content Illustration
bib-39,145,2,Content Illustration
bib-39,147,1,Content Illustration
bib-39,147,2,Content Illustration
bib-39,148,1,Content Illustration
bib-39,148,2,Content Illustration
bib-39,149,1,Content Illustration
bib-39,149,2,Content Illustration
bib-39,150,1,Content Illustration
bib-39,151,1,Content Illustration
bib-39,152,1,Content Illustration
bib-39,153,1,Content Illustration
bib-39,154,1,Content Illustration
bib-39,156,1,Content Illustration
bib-39,156,2,Content Illustration
bib-39,157,1,Content Illustration
bib-39,157,2,Content Illustration
bib-39,158,1,Content Illustration
bib-39,159,1,Content Illustration
bib-39,159,2,Content Illustration
bib-39,165,1,Content Illustration
bib-39,165,2,Content Illustration
bib-39,167,1,Content Illustration
bib-39,167,2,Content Illustration
bib-39,168,1,Content Illustration
bib-39,173,1,Content Illustration
bib-39,174,1,Content Illustration
bib-39,177,1,Content Illustration
bib-39,178,1,Content Illustration
bib-39,178,2,Content Illustration
bib-39,179,1,Content Illustration
bib-39,179,2,Content Illustration
bib-39,180,1,Content Illustration
bib-39,181,1,Content Illustration
bib-39,182,1,Content Illustration
bib-39,182,2,Content Illustration
bib-39,183,1,Content Illustration
bib-39,183,2,Content Illustration
bib-39,184,1,Content Illustration
bib-39,197,1,Content Illustration
bib-39,198,1,Content Illustration
bib-39,199,1,Content Illustration
bib-39,200,1,Content Illustration
bib-39,201,1,Content Illustration
bib-39,202,1,Content Illustration
bib-39,204,1,Content Illustration
bib-39,205,1,Content Illustration
bib-39,206,1,Content Illustration
bib-39,207,1,Content Illustration
bib-39,210,1,Content Illustration
bib-39,211,1,Content Illustration
bib-39,211,2,Content Illustration
bib-39,212,1,Content Illustration
bib-39,212,2,Content Illustration
bib-39,213,1,Content Illustration
bib-39,214,1,Content Illustration
bib-39,215,1,Content Illustration
bib-39,216,1,Content Illustration
bib-39,218,1,Content Illustration
bib-39,218,2,Content Illustration
bib-39,220,1,Content Illustration
bib-39,221,1,Content Illustration
bib-39,222,1,Content Illustration
bib-39,223,1,Content Illustration
bib-39,224,1,Content Illustration
bib-39,224,2,Content Illustration
bib-39,225,1,Content Illustration
bib-39,226,1,Content Illustration
bib-39,227,1,Content Illustration
bib-39,234,1,Content Illustration
bib-39,235,1,Content Illustration
bib-39,238,1,Content Illustration
bib-39,239,1,Content Illustration
bib-39,253,1,Content Illustration
bib-39,253,2,Content Illustration
bib-39,255,1,Content Illustration
bib-39,256,1,Content Illustration
bib-39,258,1,Content Illustration
bib-39,259,1,Content Illustration
bib-39,265,1,Content Illustration
bib-39,266,1,Content Illustration
bib-39,266,2,Content Illustration
bib-39,274,1,Content Illustration
bib-39,276,1,Content Illustration
bib-39,276,2,Content Illustration
bib-39,276,3,Content Illustration
bib-39,277,1,Content Illustration
bib-39,279,1,Content Illustration
bib-39,280,1,Content Illustration
bib-39,280,2,Content Illustration
bib-39,281,1,Content Illustration
bib-39,281,2,Content Illustration
bib-39,282,1,Content Illustration
bib-39,288,1,Content Illustration
bib-39,291,1,Content Illustration
S105XB,2,1,Content Illustration
S105XB,2,1,Decoration
S105XB,2,1,Initial
S105XB,4,1,Initial
S105XB,7,1,Initial
S105XB,10,1,Initial
S105XB,11,1,Content Illustration
S105XB,11,2,Content Illustration
S105XB,12,1,Content Illustration
S105XB,13,1,Content Illustration
S105XB,13,1,Initial
S105XB,14,1,Content Illustration
S105XB,14,2,Content Illustration
S105XB,15,1,Content Illustration
S105XB,15,1,Initial
S105XB,16,1,Content Illustration
S105XB,17,1,Content Illustration
S105XB,18,1,Content Illustration
S105XB,18,1,Initial
S105XB,19,1,Content Illustration
S105XB,20,1,Initial
S105XB,21,1,Content Illustration
S105XB,21,1,Initial
S105XB,22,1,Content Illustration
S105XB,23,1,Content Illustration
S105XB,23,2,Content Illustration
S105XB,24,1,Content Illustration
S105XB,25,1,Content Illustration
S105XB,25,1,Initial
S105XB,25,2,Initial
S105XB,26,1,Content Illustration
S105XB,26,2,Content Illustration
S105XB,27,1,Content Illustration
S105XB,28,1,Content Illustration
S105XB,29,1,Content Illustration
S105XB,29,2,Content Illustration
S105XB,30,1,Content Illustration
S105XB,30,1,Decoration
S105XB,31,1,Content Illustration
S105XB,31,2,Content Illustration
S105XB,31,1,Initial
S105XB,32,1,Content Illustration
S105XB,32,2,Content Illustration
S105XB,32,1,Initial
S105XB,33,1,Content Illustration
S105XB,34,1,Content Illustration
S105XB,34,1,Initial
S105XB,35,1,Content Illustration
S105XB,35,2,Content Illustration
S105XB,36,1,Content Illustration
S105XB,37,1,Content Illustration
S105XB,37,2,Content Illustration
S105XB,38,1,Content Illustration
S105XB,38,2,Content Illustration
S105XB,39,1,Content Illustration
S105XB,39,2,Content Illustration
S105XB,39,3,Content Illustration
S105XB,39,4,Content Illustration
S105XB,40,1,Content Illustration
S105XB,40,2,Content Illustration
S105XB,40,3,Content Illustration
S105XB,40,4,Content Illustration
S105XB,40,5,Content Illustration
S105XB,41,1,Content Illustration
S105XB,41,2,Content Illustration
S105XB,42,1,Content Illustration
S105XB,43,1,Content Illustration
S105XB,44,1,Content Illustration
S105XB,44,2,Content Illustration
S105XB,45,1,Content Illustration
S105XB,46,1,Content Illustration
S105XB,47,1,Content Illustration
S105XB,47,2,Content Illustration
S105XB,48,1,Content Illustration
S105XB,48,2,Content Illustration
S105XB,48,3,Content Illustration
S105XB,49,1,Content Illustration
S105XB,51,1,Content Illustration
S105XB,51,2,Content Illustration
S105XB,52,1,Content Illustration
S105XB,53,1,Content Illustration
S105XB,53,2,Content Illustration
S105XB,54,1,Content Illustration
S105XB,55,1,Content Illustration
S105XB,55,2,Content Illustration
S105XB,56,1,Content Illustration
S105XB,56,2,Content Illustration
S105XB,57,1,Content Illustration
S105XB,57,2,Content Illustration
S105XB,58,1,Content Illustration
S105XB,61,1,Content Illustration
S105XB,62,1,Content Illustration
S105XB,63,1,Content Illustration
S105XB,63,1,Initial
S105XB,65,1,Content Illustration
S105XB,66,1,Content Illustration
S105XB,66,2,Content Illustration
S105XB,66,3,Content Illustration
S105XB,67,1,Content Illustration
S105XB,67,1,Initial
S105XB,69,1,Content Illustration
S105XB,70,1,Content Illustration
S105XB,71,1,Content Illustration
S105XB,72,1,Content Illustration
S105XB,74,1,Content Illustration
S105XB,74,1,Decoration
S105XB,75,1,Initial
S105XB,76,1,Content Illustration
S105XB,77,1,Initial
S105XB,78,1,Initial
S105XB,79,1,Content Illustration
S105XB,80,1,Content Illustration
S105XB,82,1,Content Illustration
S105XB,83,1,Content Illustration
S105XB,84,1,Content Illustration
S105XB,85,1,Content Illustration
S105XB,87,1,Content Illustration
S105XB,89,1,Content Illustration
S105XB,90,1,Content Illustration
S105XB,94,1,Content Illustration
S105XB,95,1,Content Illustration
S105XB,97,1,Content Illustration
S105XB,100,1,Content Illustration
S105XB,101,1,Content Illustration
S105XB,102,1,Content Illustration
S105XB,103,1,Content Illustration
S105XB,104,1,Content Illustration
S105XB,105,1,Content Illustration
S105XB,106,1,Content Illustration
S105XB,107,1,Content Illustration
S105XB,108,1,Content Illustration
S105XB,109,1,Content Illustration
S105XB,110,1,Content Illustration
S105XB,111,1,Content Illustration
S105XB,111,2,Content Illustration
S105XB,112,1,Content Illustration
S105XB,112,2,Content Illustration
S105XB,113,1,Content Illustration
S105XB,113,1,Initial
S105XB,116,1,Content Illustration
S105XB,117,1,Content Illustration
S105XB,118,1,Content Illustration
bib-27,4,1,Content Illustration
bib-27,25,1,Content Illustration
bib-27,35,1,Content Illustration
bib-27,35,2,Content Illustration
bib-27,35,3,Content Illustration
bib-27,58,1,Content Illustration
bib-27,71,1,Content Illustration
bib-27,80,1,Content Illustration
bib-27,81,1,Content Illustration
bib-27,81,2,Content Illustration
bib-27,88,1,Content Illustration
bib-27,91,1,Content Illustration
bib-27,118,1,Content Illustration
bib-27,179,1,Content Illustration
bib-27,179,2,Content Illustration
bib-27,180,1,Content Illustration
bib-27,181,1,Content Illustration
bib-27,182,1,Content Illustration
bib-27,184,1,Content Illustration
bib-27,185,1,Content Illustration
bib-27,185,2,Content Illustration
bib-27,193,1,Content Illustration
bib-27,194,1,Content Illustration
bib-27,195,1,Content Illustration
bib-27,196,1,Content Illustration
bib-27,197,1,Content Illustration
bib-27,202,1,Content Illustration
bib-27,211,1,Content Illustration
bib-27,211,2,Content Illustration
bib-27,211,3,Content Illustration
bib-27,211,4,Content Illustration
bib-27,212,1,Content Illustration
bib-27,212,2,Content Illustration
bib-27,214,1,Content Illustration
bib-27,219,1,Content Illustration
bib-27,223,1,Content Illustration
bib-27,224,1,Content Illustration
bib-27,224,2,Content Illustration
bib-27,224,3,Content Illustration
bib-27,224,4,Content Illustration
bib-27,226,1,Content Illustration
bib-27,226,2,Content Illustration
bib-27,228,1,Content Illustration
bib-27,228,2,Content Illustration
bib-27,229,1,Content Illustration
bib-27,232,1,Content Illustration
bib-27,235,1,Content Illustration
bib-27,236,1,Content Illustration
bib-27,238,1,Content Illustration
bib-27,239,1,Content Illustration
bib-27,239,2,Content Illustration
bib-27,240,1,Content Illustration
bib-27,240,2,Content Illustration
bib-27,240,3,Content Illustration
bib-27,249,1,Content Illustration
bib-27,250,1,Content Illustration
bib-27,255,1,Content Illustration
bib-27,257,1,Content Illustration
bib-27,260,1,Content Illustration
bib-27,279,1,Content Illustration
bib-27,280,1,Content Illustration
bib-27,282,1,Content Illustration
bib-27,282,2,Content Illustration
bib-27,283,1,Content Illustration
bib-27,290,1,Content Illustration
bib-27,291,1,Content Illustration
bib-27,292,1,Content Illustration
bib-27,293,1,Content Illustration
bib-27,296,1,Content Illustration
bib-27,296,2,Content Illustration
bib-27,299,1,Content Illustration
bib-27,302,1,Content Illustration
bib-27,311,1,Content Illustration
bib-27,312,1,Content Illustration
bib-27,313,1,Content Illustration
bib-27,316,1,Content Illustration
bib-27,316,2,Content Illustration
bib-27,318,1,Content Illustration
bib-27,318,2,Content Illustration
bib-27,321,1,Content Illustration
bib-27,323,1,Content Illustration
bib-27,324,1,Content Illustration
bib-27,326,1,Content Illustration
bib-27,327,1,Content Illustration
bib-27,332,1,Content Illustration
bib-27,333,1,Content Illustration
bib-27,349,1,Content Illustration
bib-27,355,1,Content Illustration
bib-27,355,2,Content Illustration
bib-27,387,1,Content Illustration
bib-27,388,1,Content Illustration
bib-27,389,1,Content Illustration
bib-27,402,1,Content Illustration
YQDZSW,6,1,Decoration
YQDZSW,8,1,Decoration
YQDZSW,8,1,Initial
YQDZSW,10,1,Decoration
YQDZSW,10,2,Decoration
YQDZSW,10,1,Initial
YQDZSW,14,1,Content Illustration
YQDZSW,15,1,Content Illustration
YQDZSW,16,1,Content Illustration
YQDZSW,17,1,Content Illustration
YQDZSW,19,1,Content Illustration
YQDZSW,20,1,Content Illustration
YQDZSW,21,1,Content Illustration
YQDZSW,26,1,Content Illustration
YQDZSW,28,1,Content Illustration
YQDZSW,29,1,Content Illustration
YQDZSW,30,1,Content Illustration
YQDZSW,31,1,Content Illustration
YQDZSW,32,1,Content Illustration
YQDZSW,33,1,Content Illustration
YQDZSW,33,2,Content Illustration
YQDZSW,34,1,Content Illustration
YQDZSW,37,1,Content Illustration
YQDZSW,39,1,Content Illustration
YQDZSW,40,1,Content Illustration
YQDZSW,43,1,Content Illustration
YQDZSW,46,1,Content Illustration
bib-44,5,1,Content Illustration
bib-44,9,1,Content Illustration
bib-44,10,1,Initial
bib-44,11,1,Content Illustration
bib-44,11,1,Decoration
bib-44,11,1,Initial
bib-44,17,1,Initial
bib-44,29,1,Initial
bib-44,39,1,Decoration
bib-44,39,1,Initial
bib-44,42,1,Initial
bib-44,44,1,Initial
bib-44,47,1,Initial
bib-44,50,1,Initial
bib-44,52,1,Initial
bib-44,54,1,Initial
bib-44,56,1,Initial
bib-44,58,1,Initial
bib-44,60,1,Content Illustration
bib-44,62,1,Content Illustration
bib-44,64,1,Content Illustration
bib-44,65,1,Content Illustration
bib-44,67,1,Content Illustration
bib-44,68,1,Initial
bib-44,70,1,Initial
bib-44,72,1,Initial
bib-44,74,1,Initial
bib-44,77,1,Initial
bib-44,78,1,Initial
bib-44,79,1,Initial
bib-44,82,1,Initial
bib-44,84,1,Initial
bib-44,86,1,Initial
bib-44,88,1,Initial
bib-44,89,1,Initial
bib-44,91,1,Decoration
bib-44,91,1,Initial
bib-44,95,1,Content Illustration
bib-44,95,1,Initial
bib-44,97,1,Content Illustration
bib-44,98,1,Content Illustration
bib-44,99,1,Content Illustration
bib-44,100,1,Content Illustration
bib-44,101,1,Initial
bib-44,102,1,Content Illustration
bib-44,103,1,Content Illustration
bib-44,104,1,Content Illustration
bib-44,106,1,Initial
bib-44,107,1,Content Illustration
bib-44,108,1,Initial
bib-44,109,1,Initial
bib-44,112,1,Content Illustration
bib-44,112,1,Initial
bib-44,116,1,Content Illustration
bib-44,117,1,Initial
bib-44,119,1,Initial
bib-44,120,1,Initial
bib-44,122,1,Content Illustration
bib-44,122,1,Initial
bib-44,125,1,Initial
bib-44,127,1,Initial
bib-44,129,1,Decoration
bib-44,129,1,Initial
bib-44,132,1,Content Illustration
bib-44,133,1,Initial
bib-44,134,1,Initial
bib-44,135,1,Initial
bib-44,136,1,Content Illustration
bib-44,138,1,Content Illustration
bib-44,138,1,Initial
bib-44,142,1,Content Illustration
bib-44,143,1,Content Illustration
bib-44,145,1,Initial
bib-44,148,1,Content Illustration
bib-44,149,1,Initial
bib-44,154,1,Content Illustration
bib-44,155,1,Initial
bib-44,157,1,Content Illustration
bib-44,158,1,Content Illustration
bib-44,159,1,Initial
bib-44,161,1,Content Illustration
bib-44,163,1,Content Illustration
bib-44,164,1,Initial
bib-44,167,1,Content Illustration
bib-44,168,1,Initial
bib-44,170,1,Content Illustration
bib-44,171,1,Initial
bib-44,173,1,Content Illustration
bib-44,174,1,Initial
bib-44,177,1,Content Illustration
bib-44,178,1,Initial
bib-44,183,1,Content Illustration
bib-44,184,1,Initial
bib-44,185,1,Content Illustration
bib-44,186,1,Initial
bib-44,188,1,Content Illustration
bib-44,189,1,Content Illustration
bib-44,190,1,Initial
bib-44,192,1,Content Illustration
bib-44,193,1,Content Illustration
bib-44,193,1,Initial
bib-44,196,1,Content Illustration
bib-44,197,1,Content Illustration
bib-44,198,1,Initial
bib-44,200,1,Content Illustration
bib-44,201,1,Content Illustration
bib-44,201,1,Decoration
bib-44,201,1,Initial
bib-44,205,1,Initial
bib-44,207,1,Content Illustration
bib-44,207,1,Decoration
bib-44,208,1,Initial
bib-44,212,1,Content Illustration
bib-44,213,1,Initial
bib-44,214,1,Content Illustration
bib-44,215,1,Content Illustration
bib-44,215,1,Decoration
bib-44,218,1,Content Illustration
bib-44,220,1,Content Illustration
bib-44,221,1,Initial
bib-44,222,1,Content Illustration
bib-44,223,1,Content Illustration
bib-44,225,1,Content Illustration
bib-44,225,1,Decoration
bib-44,228,1,Content Illustration
bib-44,229,1,Initial
bib-44,230,1,Content Illustration
bib-44,233,1,Content Illustration
bib-44,235,1,Content Illustration
bib-44,236,1,Initial
bib-44,237,1,Content Illustration
bib-44,238,1,Content Illustration
bib-44,239,1,Content Illustration
bib-44,240,1,Initial
bib-44,241,1,Content Illustration
bib-44,241,2,Content Illustration
bib-44,242,1,Content Illustration
bib-44,243,1,Initial
bib-44,246,1,Content Illustration
bib-44,247,1,Initial
bib-44,248,1,Content Illustration
bib-44,249,1,Initial
bib-44,251,1,Content Illustration
bib-44,252,1,Initial
bib-44,255,1,Initial
bib-44,256,1,Content Illustration
bib-44,257,1,Content Illustration
bib-44,259,1,Content Illustration
bib-44,260,1,Initial
bib-44,261,1,Initial
bib-44,262,1,Content Illustration
bib-44,264,1,Content Illustration
bib-44,265,1,Content Illustration
bib-44,267,1,Content Illustration
bib-44,267,1,Initial
bib-44,269,1,Content Illustration
bib-44,270,1,Content Illustration
bib-44,271,1,Initial
bib-44,272,1,Content Illustration
bib-44,273,1,Initial
bib-44,276,1,Content Illustration
bib-44,277,1,Initial
bib-44,279,1,Content Illustration
bib-44,280,1,Initial
bib-44,284,1,Content Illustration
bib-44,285,1,Initial
bib-44,286,1,Content Illustration
bib-44,287,1,Initial
bib-44,288,1,Content Illustration
bib-44,289,1,Content Illustration
bib-44,291,1,Content Illustration
bib-44,291,1,Decoration
bib-44,291,1,Initial
bib-44,295,1,Initial
bib-44,297,1,Content Illustration
bib-44,298,1,Initial
bib-44,299,1,Content Illustration
bib-44,300,1,Initial
bib-44,301,1,Initial
bib-44,304,1,Content Illustration
bib-44,305,1,Content Illustration
bib-44,305,1,Initial
bib-44,306,1,Content Illustration
bib-44,306,1,Initial
bib-44,307,1,Initial
bib-44,308,1,Initial
bib-44,311,1,Content Illustration
bib-44,311,1,Table
bib-44,312,1,Initial
bib-44,313,1,Content Illustration
bib-44,313,1,Initial
bib-44,316,1,Content Illustration
bib-44,317,1,Initial
bib-44,319,1,Content Illustration
bib-44,320,1,Content Illustration
bib-44,320,1,Initial
bib-44,321,1,Content Illustration
bib-44,321,1,Initial
bib-44,322,1,Initial
bib-44,323,1,Content Illustration
bib-44,323,1,Initial
bib-44,325,1,Initial
bib-44,327,1,Content Illustration
bib-44,328,1,Initial
bib-44,330,1,Content Illustration
bib-44,330,1,Initial
bib-44,332,1,Content Illustration
bib-44,333,1,Initial
bib-44,335,1,Content Illustration
bib-44,336,1,Content Illustration
bib-44,336,1,Initial
bib-44,337,1,Content Illustration
bib-44,338,1,Initial
bib-44,339,1,Content Illustration
bib-44,340,1,Initial
bib-44,341,1,Content Illustration
bib-44,341,1,Decoration
bib-44,341,2,Decoration
bib-44,342,1,Initial
bib-44,344,1,Initial
bib-44,346,1,Initial
bib-44,347,1,Initial
bib-44,348,1,Content Illustration
bib-44,348,1,Initial
bib-44,349,1,Content Illustration
bib-44,350,1,Content Illustration
bib-44,351,1,Content Illustration
bib-44,353,1,Content Illustration
bib-44,354,1,Initial
bib-44,356,1,Content Illustration
bib-44,357,1,Initial
bib-44,360,1,Content Illustration
bib-44,361,1,Initial
bib-44,362,1,Content Illustration
bib-44,363,1,Initial
bib-44,364,1,Content Illustration
bib-44,365,1,Initial
bib-44,366,1,Content Illustration
bib-44,366,1,Initial
bib-44,368,1,Content Illustration
bib-44,370,1,Content Illustration
bib-44,372,1,Content Illustration
bib-44,373,1,Initial
bib-44,374,1,Content Illustration
bib-44,376,1,Content Illustration
bib-44,379,1,Decoration
bib-44,379,1,Initial
bib-44,383,1,Initial
bib-44,384,1,Initial
bib-44,387,1,Content Illustration
bib-44,388,1,Content Illustration
bib-44,388,1,Decoration
bib-44,390,1,Content Illustration
bib-44,391,1,Initial
bib-44,393,1,Content Illustration
bib-44,394,1,Content Illustration
bib-44,394,1,Initial
bib-44,395,1,Content Illustration
bib-44,397,1,Content Illustration
bib-44,401,1,Content Illustration
bib-44,401,1,Initial
bib-44,401,1,Table
bib-44,403,1,Content Illustration
bib-44,403,1,Table
bib-44,405,1,Table
bib-44,406,1,Initial
bib-44,407,1,Content Illustration
bib-44,408,1,Content Illustration
bib-44,409,1,Content Illustration
bib-44,411,1,Content Illustration
bib-44,413,1,Table
bib-44,414,1,Initial
bib-44,415,1,Content Illustration
bib-44,416,1,Content Illustration
bib-44,417,1,Initial
bib-44,418,1,Content Illustration
bib-44,420,1,Content Illustration
bib-44,422,1,Content Illustration
bib-44,422,1,Initial
bib-44,422,1,Printer's Mark
bib-44,423,1,Initial
bib-44,426,1,Content Illustration
bib-44,427,1,Initial
bib-44,429,1,Content Illustration
bib-44,430,1,Initial
bib-44,431,1,Content Illustration
bib-44,435,1,Content Illustration
bib-44,435,1,Decoration
bib-44,435,1,Initial
bib-44,437,1,Initial
bib-44,441,1,Initial
bib-44,442,1,Content Illustration
bib-44,443,1,Initial
bib-44,444,1,Content Illustration
bib-44,445,1,Content Illustration
bib-44,446,1,Content Illustration
bib-44,447,1,Initial
bib-44,448,1,Content Illustration
bib-44,448,1,Initial
bib-44,450,1,Content Illustration
bib-44,450,1,Decoration
bib-44,451,1,Content Illustration
bib-44,451,1,Initial
bib-44,452,1,Initial
bib-44,453,1,Content Illustration
bib-44,454,1,Initial
bib-44,457,1,Initial
bib-44,458,1,Initial
bib-44,459,1,Content Illustration
bib-44,459,2,Content Illustration
bib-44,459,1,Decoration
bib-44,460,1,Content Illustration
bib-44,460,1,Decoration
bib-44,462,1,Content Illustration
bib-44,463,1,Content Illustration
bib-44,463,1,Initial
bib-44,464,1,Initial
bib-44,467,1,Initial
bib-44,469,1,Content Illustration
bib-44,470,1,Initial
bib-44,472,1,Content Illustration
bib-44,474,1,Content Illustration
bib-44,475,1,Content Illustration
bib-44,476,1,Content Illustration
bib-44,477,1,Initial
bib-44,480,1,Content Illustration
bib-44,480,2,Content Illustration
bib-44,480,3,Content Illustration
bib-44,481,1,Content Illustration
bib-44,483,1,Initial
bib-44,485,1,Content Illustration
bib-44,486,1,Initial
bib-44,487,1,Content Illustration
bib-44,487,1,Initial
bib-44,489,1,Initial
bib-44,493,1,Content Illustration
bib-44,495,1,Content Illustration
bib-44,495,1,Decoration
bib-44,495,1,Initial
bib-44,497,1,Initial
bib-44,498,1,Content Illustration
bib-44,498,1,Initial
bib-44,500,1,Content Illustration
bib-44,500,1,Initial
bib-44,500,1,Table
bib-44,503,1,Content Illustration
bib-44,503,1,Initial
bib-44,505,1,Content Illustration
bib-44,505,1,Table
bib-44,506,1,Initial
bib-44,509,1,Initial
bib-44,510,1,Content Illustration
bib-44,511,1,Initial
bib-44,512,1,Content Illustration
bib-44,513,1,Content Illustration
bib-44,513,1,Initial
bib-44,515,1,Content Illustration
bib-44,516,1,Initial
bib-44,517,1,Content Illustration
bib-44,518,1,Initial
bib-44,520,1,Content Illustration
bib-44,521,1,Content Illustration
bib-44,523,1,Content Illustration
bib-44,524,1,Initial
bib-44,525,1,Content Illustration
bib-44,525,1,Decoration
bib-44,526,1,Initial
bib-44,527,1,Content Illustration
bib-44,528,1,Initial
bib-44,529,1,Content Illustration
bib-44,529,1,Initial
bib-44,531,1,Initial
bib-44,535,1,Initial
bib-44,536,1,Content Illustration
bib-44,536,1,Initial
bib-44,538,1,Content Illustration
bib-44,538,1,Initial
bib-44,540,1,Content Illustration
bib-44,542,1,Content Illustration
bib-44,543,1,Content Illustration
bib-44,544,1,Initial
bib-44,545,1,Content Illustration
bib-44,545,1,Initial
bib-44,547,1,Content Illustration
bib-44,547,1,Initial
bib-44,549,1,Content Illustration
bib-44,551,1,Content Illustration
bib-44,551,1,Decoration
bib-44,551,1,Initial
bib-44,553,1,Initial
bib-44,556,1,Content Illustration
bib-44,556,1,Initial
bib-44,558,1,Decoration
bib-44,559,1,Initial
bib-44,560,1,Content Illustration
bib-44,561,1,Initial
bib-44,562,1,Content Illustration
bib-44,562,1,Initial
bib-44,564,1,Content Illustration
bib-44,565,1,Decoration
bib-44,568,1,Content Illustration
bib-44,569,1,Content Illustration
bib-44,569,1,Decoration
bib-44,569,2,Decoration
bib-44,571,1,Content Illustration
bib-44,571,1,Initial
bib-44,572,1,Initial
bib-44,575,1,Content Illustration
bib-44,577,1,Content Illustration
bib-44,578,1,Initial
bib-44,580,1,Content Illustration
bib-44,580,1,Initial
bib-44,581,1,Content Illustration
bib-44,581,2,Content Illustration
bib-44,582,1,Initial
bib-44,583,1,Content Illustration
bib-44,583,2,Content Illustration
bib-44,583,3,Content Illustration
bib-44,584,1,Initial
bib-44,586,1,Content Illustration
bib-44,587,1,Content Illustration
bib-44,589,1,Content Illustration
bib-44,590,1,Initial
bib-44,593,1,Initial
bib-44,596,1,Decoration
bib-44,596,1,Initial
bib-44,599,1,Content Illustration
bib-44,603,1,Content Illustration
bib-44,605,1,Initial
bib-151,4,1,Content Illustration
bib-151,47,1,Content Illustration
bib-151,50,1,Content Illustration
bib-151,50,2,Content Illustration
bib-151,51,1,Content Illustration
bib-151,52,1,Content Illustration
bib-151,53,1,Content Illustration
bib-151,53,2,Content Illustration
bib-151,53,3,Content Illustration
bib-151,54,1,Content Illustration
bib-151,54,2,Content Illustration
bib-151,56,1,Content Illustration
bib-151,59,1,Content Illustration
bib-151,59,2,Content Illustration
bib-151,60,1,Content Illustration
bib-151,60,2,Content Illustration
bib-151,61,1,Content Illustration
bib-151,63,1,Content Illustration
bib-151,70,1,Content Illustration
bib-18,1,1,Initial
bib-18,5,1,Printer's Mark
bib-18,6,1,Initial
bib-18,8,1,Initial
bib-18,10,1,Initial
bib-18,14,1,Initial
bib-18,18,1,Table
bib-18,19,1,Table
bib-18,19,2,Table
bib-18,21,1,Decoration
bib-18,21,1,Initial
bib-18,23,1,Initial
bib-18,23,2,Initial
bib-18,25,1,Content Illustration
bib-18,25,2,Content Illustration
bib-18,27,1,Content Illustration
bib-18,27,2,Content Illustration
bib-18,28,1,Content Illustration
bib-18,28,2,Content Illustration
bib-18,29,1,Content Illustration
bib-18,30,1,Initial
bib-18,32,1,Content Illustration
bib-18,34,1,Initial
bib-18,35,1,Initial
bib-18,37,1,Initial
bib-18,39,1,Content Illustration
bib-18,40,1,Content Illustration
bib-18,40,2,Content Illustration
bib-18,40,3,Content Illustration
bib-18,40,4,Content Illustration
bib-18,42,1,Content Illustration
bib-18,43,1,Initial
bib-18,43,2,Initial
bib-18,44,1,Initial
bib-18,45,1,Content Illustration
bib-18,47,1,Initial
bib-18,51,1,Initial
bib-18,53,1,Initial
bib-18,57,1,Initial
bib-18,58,1,Content Illustration
bib-18,60,1,Content Illustration
bib-18,62,1,Initial
bib-18,63,1,Content Illustration
bib-18,64,1,Content Illustration
bib-18,64,1,Initial
bib-18,65,1,Initial
bib-18,66,1,Content Illustration
bib-18,66,1,Initial
bib-18,67,1,Initial
bib-18,68,1,Content Illustration
bib-18,68,1,Initial
bib-18,69,1,Content Illustration
bib-18,70,1,Content Illustration
bib-18,70,1,Initial
bib-18,71,1,Content Illustration
bib-18,71,1,Initial
bib-18,72,1,Content Illustration
bib-18,73,1,Initial
bib-18,74,1,Content Illustration
bib-18,77,1,Content Illustration
bib-18,80,1,Content Illustration
bib-18,82,1,Content Illustration
bib-18,83,1,Initial
bib-18,84,1,Content Illustration
bib-18,84,1,Initial
bib-18,85,1,Content Illustration
bib-18,85,1,Initial
bib-18,86,1,Content Illustration
bib-18,86,2,Content Illustration
bib-18,86,1,Initial
bib-18,87,1,Content Illustration
bib-18,88,1,Initial
bib-18,88,2,Initial
bib-18,89,1,Content Illustration
bib-18,89,2,Content Illustration
bib-18,89,1,Initial
bib-18,90,1,Content Illustration
bib-18,92,1,Content Illustration
bib-18,92,1,Initial
bib-18,93,1,Content Illustration
bib-18,93,2,Content Illustration
bib-18,93,1,Initial
bib-18,94,1,Content Illustration
bib-18,94,1,Initial
bib-18,95,1,Content Illustration
bib-18,96,1,Content Illustration
bib-18,97,1,Content Illustration
bib-18,97,1,Initial
bib-18,98,1,Content Illustration
bib-18,99,1,Initial
bib-18,100,1,Content Illustration
bib-18,100,1,Initial
bib-18,101,1,Content Illustration
bib-18,102,1,Initial
bib-18,102,2,Initial
bib-18,103,1,Content Illustration
bib-18,103,2,Content Illustration
bib-18,103,1,Initial
bib-18,104,1,Initial
bib-18,105,1,Content Illustration
bib-18,105,2,Content Illustration
bib-18,105,1,Initial
bib-18,106,1,Content Illustration
bib-18,107,1,Content Illustration
bib-18,107,2,Content Illustration
bib-18,108,1,Content Illustration
bib-18,109,1,Initial
bib-18,112,1,Content Illustration
bib-18,112,1,Initial
bib-18,115,1,Initial
bib-18,116,1,Content Illustration
bib-18,116,1,Decoration
bib-18,117,1,Initial
bib-18,120,1,Content Illustration
bib-18,121,1,Content Illustration
bib-18,124,1,Content Illustration
bib-18,127,1,Content Illustration
bib-18,129,1,Content Illustration
bib-18,134,1,Content Illustration
bib-18,141,1,Content Illustration
bib-18,143,1,Content Illustration
bib-18,145,1,Content Illustration
bib-18,148,1,Initial
bib-18,150,1,Content Illustration
bib-18,150,1,Initial
bib-18,151,1,Initial
bib-18,152,1,Initial
bib-18,153,1,Initial
bib-18,154,1,Initial
bib-18,156,1,Content Illustration
bib-18,157,1,Initial
bib-18,158,1,Initial
bib-18,159,1,Initial
bib-18,168,1,Content Illustration
bib-18,171,1,Initial
bib-18,173,1,Content Illustration
bib-18,175,1,Content Illustration
bib-18,176,1,Initial
bib-18,178,1,Content Illustration
bib-18,182,1,Content Illustration
bib-18,182,2,Content Illustration
bib-18,183,1,Content Illustration
bib-18,185,1,Initial
bib-18,188,1,Content Illustration
bib-18,190,1,Content Illustration
bib-18,192,1,Content Illustration
bib-18,193,1,Content Illustration
bib-18,194,1,Initial
bib-18,195,1,Content Illustration
bib-18,196,1,Content Illustration
bib-18,201,1,Content Illustration
bib-18,205,1,Content Illustration
bib-18,208,1,Content Illustration
bib-18,210,1,Content Illustration
bib-18,211,1,Content Illustration
bib-18,217,1,Initial
bib-18,218,1,Content Illustration
bib-18,218,2,Content Illustration
bib-18,220,1,Content Illustration
bib-18,220,2,Content Illustration
bib-18,221,1,Content Illustration
bib-18,222,1,Content Illustration
bib-18,223,1,Content Illustration
bib-18,223,2,Content Illustration
bib-18,224,1,Content Illustration
bib-18,224,2,Content Illustration
bib-18,225,1,Content Illustration
bib-18,231,1,Initial
bib-18,235,1,Initial
bib-18,237,1,Initial
bib-18,239,1,Content Illustration
bib-18,239,2,Content Illustration
bib-18,239,1,Initial
bib-18,240,1,Content Illustration
bib-18,241,1,Content Illustration
bib-18,242,1,Content Illustration
bib-18,243,1,Content Illustration
bib-18,244,1,Content Illustration
bib-18,244,2,Content Illustration
bib-18,245,1,Content Illustration
bib-18,247,1,Initial
bib-18,249,1,Initial
bib-18,254,1,Content Illustration
bib-18,263,1,Initial
bib-18,275,1,Initial
bib-18,279,1,Content Illustration
bib-18,281,1,Initial
bib-18,285,1,Initial
bib-18,293,1,Decoration
bib-18,293,1,Initial
bib-18,299,1,Initial
bib-18,303,1,Decoration
bib-18,311,1,Initial
bib-18,317,1,Initial
bib-18,325,1,Decoration
bib-18,325,2,Decoration
bib-18,327,1,Decoration
bib-18,327,1,Initial
bib-18,331,1,Initial
bib-18,331,2,Initial
bib-18,331,3,Initial
bib-18,360,1,Initial
bib-18,361,1,Initial
bib-18,366,1,Content Illustration
bib-18,369,1,Content Illustration
bib-18,375,1,Initial
bib-18,379,1,Initial
bib-18,381,1,Initial
bib-18,381,2,Initial
bib-18,389,1,Initial
bib-18,391,1,Initial
bib-18,393,1,Initial
bib-18,394,1,Initial
bib-18,395,1,Initial
bib-18,402,1,Initial
bib-18,418,1,Initial
bib-18,422,1,Content Illustration
bib-18,423,1,Initial
bib-18,428,1,Initial
bib-18,446,1,Initial
bib-18,451,1,Content Illustration
bib-18,452,1,Initial
bib-18,457,1,Initial
bib-18,457,2,Initial
bib-18,462,1,Initial
bib-18,467,1,Initial
bib-18,471,1,Initial
bib-18,474,1,Initial
bib-18,480,1,Initial
bib-18,482,1,Initial
bib-18,484,1,Initial
bib-18,485,1,Initial
bib-18,489,1,Initial
bib-18,493,1,Initial
bib-18,495,1,Initial
bib-18,501,1,Initial
bib-18,502,1,Initial
bib-18,504,1,Initial
bib-18,509,1,Initial
bib-18,515,1,Initial
bib-18,526,1,Content Illustration
bib-18,528,1,Initial
bib-18,529,1,Table
bib-18,530,1,Table
bib-18,531,1,Table
bib-18,532,1,Table
bib-18,533,1,Table
bib-18,534,1,Table
bib-18,537,1,Table
bib-18,538,1,Table
bib-18,539,1,Table
bib-18,540,1,Table
bib-18,541,1,Table
bib-18,542,1,Table
bib-18,543,1,Table
bib-18,544,1,Table
bib-18,559,1,Content Illustration
bib-18,560,1,Initial
bib-18,578,1,Content Illustration
bib-18,579,1,Decoration
bib-18,579,2,Decoration
bib-18,579,1,Initial
bib-18,589,1,Initial
bib-18,598,1,Initial
bib-18,619,1,Content Illustration
bib-18,633,1,Initial
bib-18,634,1,Initial
bib-18,641,1,Initial
bib-18,642,1,Initial
bib-18,646,1,Initial
bib-18,648,1,Initial
bib-18,649,1,Initial
bib-18,652,1,Initial
bib-18,656,1,Initial
bib-18,659,1,Initial
bib-18,665,1,Content Illustration
bib-18,665,1,Initial
bib-18,669,1,Initial
bib-18,677,1,Initial
bib-18,683,1,Initial
bib-18,688,1,Table
bib-18,689,1,Table
bib-18,691,1,Content Illustration
bib-18,693,1,Initial
bib-18,698,1,Decoration
bib-18,698,2,Decoration
bib-18,698,1,Initial
bib-18,699,1,Initial
bib-18,700,1,Content Illustration
bib-18,701,1,Initial
bib-18,704,1,Content Illustration
bib-18,709,1,Initial
bib-18,712,1,Content Illustration
bib-18,716,1,Initial
bib-18,717,1,Content Illustration
bib-18,720,1,Content Illustration
bib-18,720,1,Initial
bib-18,722,1,Initial
bib-18,725,1,Content Illustration
bib-18,726,1,Initial
bib-18,727,1,Content Illustration
bib-18,728,1,Initial
bib-18,732,1,Initial
bib-18,733,1,Initial
bib-18,735,1,Content Illustration
bib-18,736,1,Initial
bib-18,737,1,Initial
bib-18,738,1,Content Illustration
bib-18,741,1,Initial
bib-18,742,1,Initial
bib-18,748,1,Initial
bib-18,749,1,Initial
bib-18,758,1,Content Illustration
bib-18,760,1,Content Illustration
bib-18,765,1,Initial
bib-18,780,1,Initial
bib-18,785,1,Content Illustration
bib-18,794,1,Initial
bib-18,806,1,Initial
bib-18,808,1,Content Illustration
bib-18,814,1,Initial
bib-18,821,1,Decoration
bib-18,821,2,Decoration
bib-18,821,1,Initial
bib-18,828,1,Decoration
bib-18,830,1,Decoration
bib-18,834,1,Decoration
bib-18,834,1,Initial
bib-18,882,1,Decoration
bib-18,883,1,Printer's Mark
bib-26,3,1,Content Illustration
bib-26,4,1,Content Illustration
bib-26,223,1,Content Illustration
bib-26,236,1,Content Illustration
bib-26,237,1,Content Illustration
bib-26,237,2,Content Illustration
bib-26,238,1,Content Illustration
bib-26,239,1,Content Illustration
bib-26,240,1,Content Illustration
bib-26,240,2,Content Illustration
bib-26,242,1,Content Illustration
bib-26,243,1,Content Illustration
bib-26,244,1,Content Illustration
bib-26,245,1,Content Illustration
bib-26,246,1,Content Illustration
bib-26,248,1,Content Illustration
bib-26,248,2,Content Illustration
bib-26,249,1,Content Illustration
bib-26,249,2,Content Illustration
bib-26,250,1,Content Illustration
bib-26,251,1,Content Illustration
bib-26,252,1,Content Illustration
bib-26,253,1,Content Illustration
bib-26,254,1,Content Illustration
bib-26,255,1,Content Illustration
bib-26,256,1,Content Illustration
bib-26,257,1,Content Illustration
bib-26,258,1,Content Illustration
bib-26,260,1,Content Illustration
bib-26,261,1,Content Illustration
bib-26,262,1,Content Illustration
bib-26,263,1,Content Illustration
bib-26,304,1,Content Illustration
bib-26,306,1,Content Illustration
bib-26,307,1,Content Illustration
bib-26,307,2,Content Illustration
bib-26,309,1,Content Illustration
bib-26,318,1,Content Illustration
bib-26,318,2,Content Illustration
bib-26,319,1,Content Illustration
bib-26,319,2,Content Illustration
bib-26,320,1,Content Illustration
bib-26,320,2,Content Illustration
bib-26,320,3,Content Illustration
bib-26,321,1,Content Illustration
bib-26,322,1,Content Illustration
bib-26,323,1,Content Illustration
bib-26,323,2,Content Illustration
bib-26,325,1,Content Illustration
bib-26,326,1,Content Illustration
bib-26,327,1,Content Illustration
bib-26,333,1,Content Illustration
bib-26,334,1,Content Illustration
bib-26,344,1,Content Illustration
bib-26,346,1,Content Illustration
Valencia_1569,101,1,Content Illustration
Valencia_1569,104,1,Content Illustration
Valencia_1569,106,1,Content Illustration
Valencia_1569,109,1,Content Illustration
Valencia_1569,110,1,Content Illustration
Valencia_1569,117,1,Content Illustration
Valencia_1569,123,1,Content Illustration
Valencia_1569,126,1,Content Illustration
Valencia_1569,128,1,Content Illustration
Valencia_1569,90,1,Content Illustration
Valencia_1569,91,1,Content Illustration
Valencia_1569,91,2,Content Illustration
Valencia_1569,92,1,Content Illustration
Valencia_1569,94,1,Content Illustration
Valencia_1569,94,2,Content Illustration
Valencia_1569,94,3,Content Illustration
Valencia_1569,94,4,Content Illustration
Valencia_1569,94,5,Content Illustration
Valencia_1569,94,6,Content Illustration
Valencia_1569,95,1,Content Illustration
Valencia_1569,95,2,Content Illustration
Valencia_1569,95,3,Content Illustration
Valencia_1569,95,4,Content Illustration
Valencia_1569,96,1,Content Illustration
Valencia_1569,99,1,Content Illustration
bib-21,1,1,Printer's Mark
bib-21,3,1,Initial
bib-21,9,1,Content Illustration
bib-21,9,1,Initial
bib-21,12,1,Decoration
bib-21,18,1,Decoration
bib-21,19,1,Content Illustration
bib-21,19,1,Decoration
bib-21,22,1,Decoration
bib-21,24,1,Content Illustration
bib-21,24,2,Content Illustration
bib-21,25,1,Content Illustration
bib-21,29,1,Initial
bib-21,44,1,Content Illustration
bib-21,45,1,Content Illustration
bib-21,45,2,Content Illustration
bib-21,47,1,Content Illustration
bib-21,48,1,Content Illustration
bib-21,48,2,Content Illustration
bib-21,54,1,Content Illustration
bib-21,54,2,Content Illustration
bib-21,57,1,Initial
bib-21,64,1,Content Illustration
bib-21,66,1,Content Illustration
bib-21,66,2,Content Illustration
bib-21,66,3,Content Illustration
bib-21,66,4,Content Illustration
bib-21,67,1,Content Illustration
bib-21,67,2,Content Illustration
bib-21,67,3,Content Illustration
bib-21,67,4,Content Illustration
bib-21,68,1,Content Illustration
bib-21,68,2,Content Illustration
bib-21,69,1,Content Illustration
bib-21,70,1,Content Illustration
bib-21,71,1,Content Illustration
bib-21,72,1,Content Illustration
bib-21,72,2,Content Illustration
bib-21,72,3,Content Illustration
bib-21,72,4,Content Illustration
bib-21,72,5,Content Illustration
bib-21,73,1,Content Illustration
bib-21,74,1,Content Illustration
bib-21,74,2,Content Illustration
bib-21,74,3,Content Illustration
bib-21,75,1,Content Illustration
bib-21,75,2,Content Illustration
bib-21,75,3,Content Illustration
bib-21,75,4,Content Illustration
bib-21,76,1,Content Illustration
bib-21,76,2,Content Illustration
bib-21,77,1,Content Illustration
bib-21,77,2,Content Illustration
bib-21,77,3,Content Illustration
bib-21,77,4,Content Illustration
bib-21,78,1,Content Illustration
bib-21,78,2,Content Illustration
bib-21,78,3,Content Illustration
bib-21,78,4,Content Illustration
bib-21,78,5,Content Illustration
bib-21,79,1,Content Illustration
bib-21,82,1,Content Illustration
bib-21,83,1,Content Illustration
bib-21,83,2,Content Illustration
bib-21,85,1,Content Illustration
bib-21,85,2,Content Illustration
bib-21,86,1,Content Illustration
bib-21,86,2,Content Illustration
bib-21,87,1,Content Illustration
bib-21,87,2,Content Illustration
bib-21,87,3,Content Illustration
bib-21,87,4,Content Illustration
bib-21,87,5,Content Illustration
bib-21,88,1,Content Illustration
bib-21,88,2,Content Illustration
bib-21,88,3,Content Illustration
bib-21,88,4,Content Illustration
bib-21,89,1,Content Illustration
bib-21,90,1,Content Illustration
bib-21,91,1,Content Illustration
bib-21,92,1,Content Illustration
bib-21,92,2,Content Illustration
bib-21,92,3,Content Illustration
bib-21,92,4,Content Illustration
bib-21,92,5,Content Illustration
bib-21,93,1,Content Illustration
bib-21,93,2,Content Illustration
bib-21,94,1,Content Illustration
bib-21,94,2,Content Illustration
bib-21,94,3,Content Illustration
bib-21,94,4,Content Illustration
bib-21,95,1,Content Illustration
bib-21,95,2,Content Illustration
bib-21,95,3,Content Illustration
bib-21,96,1,Content Illustration
bib-21,96,2,Content Illustration
bib-21,96,3,Content Illustration
bib-21,97,1,Content Illustration
bib-21,97,2,Content Illustration
bib-21,97,3,Content Illustration
bib-21,98,1,Content Illustration
bib-21,98,2,Content Illustration
bib-21,98,3,Content Illustration
bib-21,99,1,Content Illustration
bib-21,99,2,Content Illustration
bib-21,99,3,Content Illustration
bib-21,99,4,Content Illustration
bib-21,100,1,Content Illustration
bib-21,100,2,Content Illustration
bib-21,100,3,Content Illustration
bib-21,100,4,Content Illustration
bib-21,100,5,Content Illustration
bib-21,100,6,Content Illustration
bib-21,101,1,Content Illustration
bib-21,101,2,Content Illustration
bib-21,101,3,Content Illustration
bib-21,102,1,Content Illustration
bib-21,102,2,Content Illustration
bib-21,103,1,Content Illustration
bib-21,103,2,Content Illustration
bib-21,103,3,Content Illustration
bib-21,103,4,Content Illustration
bib-21,104,1,Content Illustration
bib-21,104,2,Content Illustration
bib-21,105,1,Content Illustration
bib-21,105,2,Content Illustration
bib-21,105,3,Content Illustration
bib-21,105,4,Content Illustration
bib-21,106,1,Content Illustration
bib-21,106,2,Content Illustration
bib-21,106,3,Content Illustration
bib-21,107,1,Content Illustration
bib-21,107,2,Content Illustration
bib-21,107,3,Content Illustration
bib-21,108,1,Content Illustration
bib-21,108,2,Content Illustration
bib-21,108,3,Content Illustration
bib-21,109,1,Content Illustration
bib-21,109,2,Content Illustration
bib-21,109,3,Content Illustration
bib-21,109,4,Content Illustration
bib-21,109,5,Content Illustration
bib-21,109,6,Content Illustration
bib-21,110,1,Content Illustration
bib-21,110,2,Content Illustration
bib-21,110,3,Content Illustration
bib-21,111,1,Content Illustration
bib-21,111,2,Content Illustration
bib-21,111,3,Content Illustration
bib-21,111,4,Content Illustration
bib-21,112,1,Content Illustration
bib-21,112,2,Content Illustration
bib-21,112,3,Content Illustration
bib-21,113,1,Content Illustration
bib-21,113,2,Content Illustration
bib-21,113,3,Content Illustration
bib-21,114,1,Content Illustration
bib-21,114,2,Content Illustration
bib-21,114,3,Content Illustration
bib-21,115,1,Content Illustration
bib-21,115,2,Content Illustration
bib-21,116,1,Content Illustration
bib-21,116,2,Content Illustration
bib-21,116,3,Content Illustration
bib-21,117,1,Content Illustration
bib-21,117,2,Content Illustration
bib-21,117,1,Decoration
bib-21,118,1,Content Illustration
bib-21,119,1,Content Illustration
bib-21,119,1,Decoration
bib-21,120,1,Content Illustration
bib-21,121,1,Content Illustration
bib-21,121,2,Content Illustration
bib-21,122,1,Content Illustration
bib-21,122,2,Content Illustration
bib-21,123,1,Content Illustration
bib-21,124,1,Content Illustration
bib-21,124,2,Content Illustration
bib-21,124,1,Decoration
bib-21,125,1,Content Illustration
bib-21,125,2,Content Illustration
bib-21,126,1,Content Illustration
bib-21,127,1,Content Illustration
bib-21,127,2,Content Illustration
bib-21,127,1,Decoration
bib-21,128,1,Content Illustration
bib-21,128,2,Content Illustration
bib-21,129,1,Content Illustration
bib-21,129,2,Content Illustration
bib-21,129,3,Content Illustration
bib-21,129,1,Decoration
bib-21,130,1,Content Illustration
bib-21,130,2,Content Illustration
bib-21,130,3,Content Illustration
bib-21,131,1,Content Illustration
bib-21,131,2,Content Illustration
bib-21,132,1,Content Illustration
bib-21,132,2,Content Illustration
bib-21,132,3,Content Illustration
bib-21,132,4,Content Illustration
bib-21,133,1,Content Illustration
bib-21,134,1,Content Illustration
bib-21,134,2,Content Illustration
bib-21,134,3,Content Illustration
bib-21,135,1,Content Illustration
bib-21,135,2,Content Illustration
bib-21,135,3,Content Illustration
bib-21,135,1,Decoration
bib-21,136,1,Content Illustration
bib-21,136,2,Content Illustration
bib-21,136,3,Content Illustration
bib-21,137,1,Content Illustration
bib-21,137,2,Content Illustration
bib-21,138,1,Content Illustration
bib-21,138,2,Content Illustration
bib-21,138,3,Content Illustration
bib-21,139,1,Content Illustration
bib-21,139,2,Content Illustration
bib-21,140,1,Content Illustration
bib-21,140,2,Content Illustration
bib-21,141,1,Content Illustration
bib-21,141,2,Content Illustration
bib-21,141,3,Content Illustration
bib-21,141,4,Content Illustration
bib-21,142,1,Content Illustration
bib-21,142,2,Content Illustration
bib-21,142,3,Content Illustration
bib-21,143,1,Content Illustration
bib-21,143,2,Content Illustration
bib-21,146,1,Content Illustration
bib-21,147,1,Content Illustration
bib-21,147,2,Content Illustration
bib-21,148,1,Content Illustration
bib-21,148,2,Content Illustration
bib-21,148,3,Content Illustration
bib-21,149,1,Content Illustration
bib-21,149,2,Content Illustration
bib-21,149,3,Content Illustration
bib-21,150,1,Content Illustration
bib-21,150,2,Content Illustration
bib-21,151,1,Content Illustration
bib-21,152,1,Content Illustration
bib-21,153,1,Content Illustration
bib-21,153,2,Content Illustration
bib-21,154,1,Content Illustration
bib-21,154,2,Content Illustration
bib-21,155,1,Content Illustration
bib-21,155,2,Content Illustration
bib-21,155,3,Content Illustration
bib-21,155,4,Content Illustration
bib-21,155,5,Content Illustration
bib-21,156,1,Content Illustration
bib-21,156,2,Content Illustration
bib-21,156,3,Content Illustration
bib-21,156,4,Content Illustration
bib-21,156,5,Content Illustration
bib-21,157,1,Content Illustration
bib-21,157,2,Content Illustration
bib-21,157,3,Content Illustration
bib-21,157,4,Content Illustration
bib-21,158,1,Content Illustration
bib-21,158,2,Content Illustration
bib-21,158,3,Content Illustration
bib-21,159,1,Content Illustration
bib-21,159,2,Content Illustration
bib-21,160,1,Content Illustration
bib-21,160,2,Content Illustration
bib-21,160,3,Content Illustration
bib-21,160,4,Content Illustration
bib-21,161,1,Content Illustration
bib-21,161,2,Content Illustration
bib-21,162,1,Content Illustration
bib-21,162,2,Content Illustration
bib-21,163,1,Content Illustration
bib-21,163,2,Content Illustration
bib-21,164,1,Content Illustration
bib-21,164,2,Content Illustration
bib-21,164,3,Content Illustration
bib-21,165,1,Content Illustration
bib-21,165,2,Content Illustration
bib-21,166,1,Content Illustration
bib-21,166,2,Content Illustration
bib-21,166,3,Content Illustration
bib-21,167,1,Content Illustration
bib-21,167,2,Content Illustration
bib-21,167,3,Content Illustration
bib-21,167,4,Content Illustration
bib-21,168,1,Content Illustration
bib-21,168,2,Content Illustration
bib-21,168,3,Content Illustration
bib-21,169,1,Content Illustration
bib-21,169,2,Content Illustration
bib-21,170,1,Content Illustration
bib-21,170,2,Content Illustration
bib-21,170,3,Content Illustration
bib-21,170,4,Content Illustration
bib-21,171,1,Content Illustration
bib-21,171,2,Content Illustration
bib-21,171,3,Content Illustration
bib-21,171,4,Content Illustration
bib-21,172,1,Content Illustration
bib-21,172,2,Content Illustration
bib-21,172,3,Content Illustration
bib-21,173,1,Content Illustration
bib-21,173,2,Content Illustration
bib-21,173,3,Content Illustration
bib-21,174,1,Content Illustration
bib-21,174,2,Content Illustration
bib-21,174,3,Content Illustration
bib-21,175,1,Content Illustration
bib-21,175,2,Content Illustration
bib-21,175,3,Content Illustration
bib-21,175,4,Content Illustration
bib-21,176,1,Content Illustration
bib-21,176,2,Content Illustration
bib-21,176,3,Content Illustration
bib-21,177,1,Content Illustration
bib-21,178,1,Content Illustration
bib-21,178,2,Content Illustration
bib-21,178,3,Content Illustration
bib-21,179,1,Content Illustration
bib-21,179,2,Content Illustration
bib-21,180,1,Content Illustration
bib-21,180,2,Content Illustration
bib-21,181,1,Content Illustration
bib-21,181,2,Content Illustration
bib-21,182,1,Content Illustration
bib-21,182,2,Content Illustration
bib-21,182,3,Content Illustration
bib-21,183,1,Content Illustration
bib-21,183,2,Content Illustration
bib-21,184,1,Content Illustration
bib-21,184,2,Content Illustration
bib-21,184,3,Content Illustration
bib-21,185,1,Content Illustration
bib-21,186,1,Content Illustration
bib-21,186,2,Content Illustration
bib-21,187,1,Content Illustration
bib-21,187,2,Content Illustration
bib-21,187,3,Content Illustration
bib-21,187,4,Content Illustration
bib-21,188,1,Content Illustration
bib-21,188,2,Content Illustration
bib-21,189,1,Content Illustration
bib-21,189,2,Content Illustration
bib-21,190,1,Content Illustration
bib-21,190,2,Content Illustration
bib-21,190,3,Content Illustration
bib-21,190,4,Content Illustration
bib-21,190,5,Content Illustration
bib-21,190,6,Content Illustration
bib-21,190,7,Content Illustration
bib-21,191,1,Content Illustration
bib-21,191,2,Content Illustration
bib-21,192,1,Content Illustration
bib-21,192,2,Content Illustration
bib-21,193,1,Content Illustration
bib-21,193,2,Content Illustration
bib-21,194,1,Content Illustration
bib-21,195,1,Content Illustration
bib-21,196,1,Content Illustration
bib-21,196,2,Content Illustration
bib-21,197,1,Content Illustration
bib-21,197,2,Content Illustration
bib-21,197,3,Content Illustration
bib-21,198,1,Content Illustration
bib-21,198,2,Content Illustration
bib-21,199,1,Content Illustration
bib-21,199,2,Content Illustration
bib-21,200,1,Content Illustration
bib-21,200,2,Content Illustration
bib-21,201,1,Content Illustration
bib-21,202,1,Content Illustration
bib-21,203,1,Content Illustration
bib-21,203,2,Content Illustration
bib-21,203,3,Content Illustration
bib-21,203,4,Content Illustration
bib-21,203,5,Content Illustration
bib-21,203,6,Content Illustration
bib-21,203,7,Content Illustration
bib-21,204,1,Content Illustration
bib-21,204,2,Content Illustration
bib-21,205,1,Content Illustration
bib-21,205,2,Content Illustration
bib-21,205,3,Content Illustration
bib-21,206,1,Content Illustration
bib-21,207,1,Content Illustration
bib-21,207,2,Content Illustration
bib-21,207,3,Content Illustration
bib-21,208,1,Content Illustration
bib-21,208,2,Content Illustration
bib-21,208,3,Content Illustration
bib-21,209,1,Content Illustration
bib-21,209,2,Content Illustration
bib-21,209,3,Content Illustration
bib-21,209,4,Content Illustration
bib-21,210,1,Content Illustration
bib-21,210,2,Content Illustration
bib-21,211,1,Content Illustration
bib-21,212,1,Content Illustration
bib-21,215,1,Content Illustration
bib-21,215,1,Decoration
bib-21,217,1,Content Illustration
bib-21,217,2,Content Illustration
bib-21,217,3,Content Illustration
bib-21,217,4,Content Illustration
bib-21,217,5,Content Illustration
bib-21,218,1,Content Illustration
bib-21,218,2,Content Illustration
bib-21,218,3,Content Illustration
bib-21,218,4,Content Illustration
bib-21,220,1,Content Illustration
bib-21,220,2,Content Illustration
bib-21,220,3,Content Illustration
bib-21,220,4,Content Illustration
bib-21,221,1,Content Illustration
bib-21,221,2,Content Illustration
bib-21,222,1,Content Illustration
bib-21,222,2,Content Illustration
bib-21,223,1,Content Illustration
bib-21,223,2,Content Illustration
bib-21,224,1,Content Illustration
bib-21,224,2,Content Illustration
bib-21,224,3,Content Illustration
bib-21,225,1,Content Illustration
bib-21,226,1,Content Illustration
bib-21,227,1,Content Illustration
bib-21,227,2,Content Illustration
bib-21,228,1,Content Illustration
bib-21,229,1,Content Illustration
bib-21,229,2,Content Illustration
bib-21,230,1,Content Illustration
bib-21,231,1,Content Illustration
bib-21,231,2,Content Illustration
bib-21,231,3,Content Illustration
bib-21,232,1,Content Illustration
bib-21,232,2,Content Illustration
bib-21,232,3,Content Illustration
bib-21,233,1,Content Illustration
bib-21,233,2,Content Illustration
bib-21,233,3,Content Illustration
bib-21,234,1,Content Illustration
bib-21,234,2,Content Illustration
bib-21,235,1,Content Illustration
bib-21,235,2,Content Illustration
bib-21,235,3,Content Illustration
bib-21,236,1,Content Illustration
bib-21,236,2,Content Illustration
JXC181,2,1,Printer's Mark
JXC181,3,1,Content Illustration
JXC181,4,1,Printer's Mark
JXC181,8,1,Decoration
JXC181,8,1,Printer's Mark
JXC181,9,1,Decoration
JXC181,9,1,Initial
JXC181,10,1,Decoration
JXC181,10,1,Initial
JXC181,12,1,Decoration
JXC181,12,2,Decoration
JXC181,12,3,Decoration
JXC181,12,1,Initial
JXC181,12,2,Initial
JXC181,13,1,Content Illustration
JXC181,13,1,Initial
JXC181,13,2,Initial
JXC181,14,1,Initial
JXC181,14,2,Initial
JXC181,15,1,Content Illustration
JXC181,16,1,Content Illustration
JXC181,16,2,Content Illustration
JXC181,16,3,Content Illustration
JXC181,17,1,Content Illustration
JXC181,18,1,Content Illustration
JXC181,18,2,Content Illustration
JXC181,19,1,Content Illustration
JXC181,19,2,Content Illustration
JXC181,19,1,Initial
JXC181,20,1,Content Illustration
JXC181,20,2,Content Illustration
JXC181,20,3,Content Illustration
JXC181,21,1,Content Illustration
JXC181,21,2,Content Illustration
JXC181,21,3,Content Illustration
JXC181,22,1,Content Illustration
JXC181,22,2,Content Illustration
JXC181,22,3,Content Illustration
JXC181,23,1,Content Illustration
JXC181,23,2,Content Illustration
JXC181,24,1,Content Illustration
JXC181,25,1,Content Illustration
JXC181,25,2,Content Illustration
JXC181,25,1,Initial
JXC181,26,1,Content Illustration
JXC181,26,2,Content Illustration
JXC181,26,1,Initial
JXC181,27,1,Content Illustration
JXC181,27,2,Content Illustration
JXC181,28,1,Content Illustration
JXC181,28,2,Content Illustration
JXC181,29,1,Content Illustration
JXC181,29,2,Content Illustration
JXC181,29,3,Content Illustration
JXC181,29,4,Content Illustration
JXC181,29,1,Initial
JXC181,30,1,Content Illustration
JXC181,30,1,Initial
JXC181,31,1,Content Illustration
JXC181,32,1,Decoration
JXC181,32,2,Decoration
JXC181,32,1,Initial
JXC181,34,1,Content Illustration
JXC181,34,2,Content Illustration
JXC181,34,3,Content Illustration
JXC181,34,1,Initial
JXC181,35,1,Content Illustration
JXC181,36,1,Content Illustration
JXC181,36,2,Content Illustration
JXC181,37,1,Content Illustration
JXC181,37,2,Content Illustration
JXC181,37,1,Initial
JXC181,37,2,Initial
JXC181,38,1,Content Illustration
JXC181,38,1,Initial
JXC181,39,1,Content Illustration
JXC181,39,2,Content Illustration
JXC181,39,1,Initial
JXC181,40,1,Content Illustration
JXC181,40,2,Content Illustration
JXC181,40,3,Content Illustration
JXC181,40,4,Content Illustration
JXC181,41,1,Content Illustration
JXC181,41,1,Initial
JXC181,42,1,Content Illustration
JXC181,42,1,Initial
JXC181,43,1,Content Illustration
JXC181,43,1,Initial
JXC181,45,1,Content Illustration
JXC181,45,1,Initial
JXC181,46,1,Initial
JXC181,47,1,Content Illustration
JXC181,47,1,Initial
JXC181,48,1,Content Illustration
JXC181,48,2,Content Illustration
JXC181,49,1,Content Illustration
JXC181,50,1,Content Illustration
JXC181,50,1,Decoration
JXC181,50,2,Decoration
JXC181,50,1,Initial
JXC181,51,1,Content Illustration
JXC181,51,2,Content Illustration
JXC181,51,3,Content Illustration
JXC181,52,1,Content Illustration
JXC181,52,2,Content Illustration
JXC181,52,1,Initial
JXC181,53,1,Content Illustration
JXC181,53,2,Content Illustration
JXC181,53,1,Initial
JXC181,54,1,Content Illustration
JXC181,54,2,Content Illustration
JXC181,55,1,Content Illustration
JXC181,55,2,Content Illustration
JXC181,55,1,Initial
JXC181,56,1,Content Illustration
JXC181,56,2,Content Illustration
JXC181,56,1,Initial
JXC181,57,1,Content Illustration
JXC181,57,2,Content Illustration
JXC181,58,1,Content Illustration
JXC181,58,2,Content Illustration
JXC181,59,1,Content Illustration
JXC181,59,2,Content Illustration
JXC181,60,1,Content Illustration
JXC181,60,2,Content Illustration
JXC181,60,1,Initial
JXC181,61,1,Content Illustration
JXC181,62,1,Content Illustration
JXC181,62,2,Content Illustration
JXC181,63,1,Content Illustration
JXC181,63,2,Content Illustration
JXC181,63,1,Initial
JXC181,64,1,Content Illustration
JXC181,64,2,Content Illustration
JXC181,64,3,Content Illustration
JXC181,65,1,Content Illustration
JXC181,65,1,Initial
JXC181,66,1,Content Illustration
JXC181,66,2,Content Illustration
JXC181,66,3,Content Illustration
JXC181,67,1,Content Illustration
JXC181,67,2,Content Illustration
JXC181,68,1,Content Illustration
JXC181,68,1,Initial
JXC181,69,1,Content Illustration
JXC181,70,1,Content Illustration
JXC181,70,2,Content Illustration
JXC181,70,3,Content Illustration
JXC181,71,1,Content Illustration
JXC181,71,1,Initial
JXC181,72,1,Content Illustration
JXC181,72,2,Content Illustration
JXC181,73,1,Content Illustration
JXC181,73,2,Content Illustration
JXC181,74,1,Content Illustration
JXC181,75,1,Content Illustration
JXC181,75,1,Initial
JXC181,76,1,Content Illustration
JXC181,76,2,Content Illustration
JXC181,77,1,Content Illustration
JXC181,77,2,Content Illustration
JXC181,78,1,Content Illustration
JXC181,78,1,Initial
JXC181,79,1,Content Illustration
JXC181,80,1,Content Illustration
JXC181,80,2,Content Illustration
JXC181,81,1,Content Illustration
JXC181,82,1,Content Illustration
JXC181,83,1,Content Illustration
JXC181,83,1,Initial
JXC181,84,1,Content Illustration
JXC181,85,1,Content Illustration
JXC181,85,2,Content Illustration
JXC181,86,1,Content Illustration
JXC181,87,1,Content Illustration
JXC181,88,1,Content Illustration
JXC181,88,1,Initial
JXC181,89,1,Content Illustration
JXC181,90,1,Content Illustration
JXC181,91,1,Content Illustration
JXC181,92,1,Content Illustration
JXC181,93,1,Content Illustration
JXC181,93,2,Content Illustration
JXC181,94,1,Content Illustration
JXC181,95,1,Content Illustration
JXC181,95,1,Initial
JXC181,96,1,Content Illustration
JXC181,96,2,Content Illustration
JXC181,97,1,Content Illustration
JXC181,97,1,Initial
JXC181,98,1,Content Illustration
JXC181,99,1,Content Illustration
JXC181,100,1,Content Illustration
JXC181,100,2,Content Illustration
JXC181,101,1,Content Illustration
JXC181,101,1,Initial
JXC181,102,1,Content Illustration
JXC181,102,1,Decoration
JXC181,103,1,Content Illustration
JXC181,104,1,Content Illustration
JXC181,104,1,Initial
JXC181,105,1,Content Illustration
JXC181,105,1,Initial
JXC181,106,1,Content Illustration
JXC181,106,1,Initial
JXC181,107,1,Content Illustration
JXC181,107,1,Initial
JXC181,108,1,Content Illustration
JXC181,108,1,Initial
JXC181,109,1,Content Illustration
JXC181,109,1,Initial
JXC181,110,1,Content Illustration
JXC181,110,1,Initial
JXC181,111,1,Content Illustration
JXC181,111,1,Initial
JXC181,112,1,Content Illustration
JXC181,112,2,Content Illustration
JXC181,112,1,Initial
JXC181,112,2,Initial
JXC181,113,1,Content Illustration
JXC181,113,2,Content Illustration
JXC181,113,1,Initial
JXC181,113,2,Initial
JXC181,114,1,Content Illustration
JXC181,114,1,Initial
JXC181,115,1,Content Illustration
JXC181,115,1,Initial
JXC181,116,1,Content Illustration
JXC181,116,1,Initial
JXC181,117,1,Content Illustration
JXC181,117,2,Content Illustration
JXC181,117,1,Initial
JXC181,118,1,Content Illustration
JXC181,118,1,Initial
JXC181,119,1,Content Illustration
JXC181,120,1,Content Illustration
JXC181,121,1,Content Illustration
JXC181,121,1,Initial
JXC181,123,1,Content Illustration
JXC181,124,1,Initial
JXC181,125,1,Content Illustration
JXC181,126,1,Content Illustration
JXC181,127,1,Content Illustration
JXC181,127,1,Initial
JXC181,128,1,Initial
JXC181,130,1,Content Illustration
JXC181,131,1,Content Illustration
JXC181,131,2,Content Illustration
JXC181,132,1,Content Illustration
JXC181,132,1,Initial
JXC181,133,1,Content Illustration
JXC181,134,1,Content Illustration
JXC181,135,1,Content Illustration
JXC181,135,2,Content Illustration
JXC181,136,1,Decoration
JXC181,136,2,Decoration
JXC181,136,1,Initial
JXC181,138,1,Content Illustration
JXC181,138,1,Initial
JXC181,139,1,Content Illustration
JXC181,140,1,Content Illustration
JXC181,140,2,Content Illustration
JXC181,140,1,Initial
JXC181,141,1,Content Illustration
JXC181,142,1,Content Illustration
JXC181,142,1,Initial
JXC181,143,1,Content Illustration
JXC181,143,2,Content Illustration
JXC181,144,1,Content Illustration
JXC181,144,1,Initial
JXC181,145,1,Content Illustration
JXC181,145,2,Content Illustration
JXC181,146,1,Content Illustration
JXC181,146,2,Content Illustration
JXC181,146,1,Initial
JXC181,147,1,Content Illustration
JXC181,147,1,Initial
JXC181,148,1,Content Illustration
JXC181,149,1,Content Illustration
JXC181,149,1,Initial
JXC181,150,1,Decoration
JXC181,151,1,Content Illustration
JXC181,152,1,Initial
JXC181,153,1,Content Illustration
JXC181,153,2,Content Illustration
JXC181,154,1,Initial
JXC181,155,1,Content Illustration
JXC181,156,1,Initial
JXC181,157,1,Content Illustration
JXC181,158,1,Content Illustration
JXC181,158,2,Content Illustration
JXC181,158,1,Initial
JXC181,158,2,Initial
JXC181,159,1,Content Illustration
JXC181,160,1,Content Illustration
JXC181,160,2,Content Illustration
JXC181,160,1,Initial
JXC181,161,1,Content Illustration
JXC181,161,1,Initial
JXC181,162,1,Content Illustration
JXC181,162,1,Initial
JXC181,163,1,Content Illustration
JXC181,164,1,Content Illustration
JXC181,164,1,Initial
JXC181,165,1,Content Illustration
JXC181,165,1,Initial
JXC181,166,1,Decoration
JXC181,166,1,Initial
JXC181,166,2,Initial
JXC181,167,1,Content Illustration
JXC181,167,2,Content Illustration
JXC181,167,3,Content Illustration
JXC181,167,4,Content Illustration
JXC181,168,1,Content Illustration
JXC181,168,1,Initial
JXC181,169,1,Content Illustration
JXC181,170,1,Decoration
JXC181,170,2,Decoration
JXC181,170,1,Initial
JXC181,171,1,Content Illustration
JXC181,171,2,Content Illustration
JXC181,172,1,Content Illustration
JXC181,172,2,Content Illustration
JXC181,173,1,Content Illustration
JXC181,173,2,Content Illustration
JXC181,174,1,Content Illustration
JXC181,174,1,Initial
JXC181,175,1,Decoration
JXC181,176,1,Content Illustration
JXC181,177,1,Content Illustration
JXC181,177,1,Initial
JXC181,178,1,Content Illustration
JXC181,179,1,Content Illustration
JXC181,179,1,Initial
JXC181,181,1,Content Illustration
JXC181,182,1,Decoration
JXC181,182,2,Decoration
JXC181,182,1,Initial
JXC181,184,1,Decoration
JXC181,184,2,Decoration
JXC181,184,1,Initial
JXC181,185,1,Content Illustration
JXC181,186,1,Decoration
JXC181,186,2,Decoration
JXC181,186,1,Initial
JXC181,187,1,Content Illustration
JXC181,188,1,Initial
JXC181,189,1,Content Illustration
JXC181,191,1,Content Illustration
JXC181,191,1,Initial
JXC181,192,1,Content Illustration
JXC181,192,1,Initial
JXC181,193,1,Content Illustration
JXC181,194,1,Decoration
JXC181,194,2,Decoration
JXC181,194,3,Decoration
JXC181,194,4,Decoration
JXC181,194,1,Initial
JXC181,195,1,Content Illustration
JXC181,196,1,Initial
JXC181,198,1,Content Illustration
JXC181,198,1,Initial
JXC181,199,1,Initial
JXC181,199,2,Initial
JXC181,201,1,Decoration
JXC181,201,1,Initial
JXC181,202,1,Content Illustration
JXC181,204,1,Content Illustration
JXC181,204,1,Decoration
JXC181,207,1,Table
JXC181,214,1,Content Illustration
JXC181,215,1,Printer's Mark
JXC181,219,1,Content Illustration
JXC181,219,1,Printer's Mark
JXC181,220,1,Content Illustration
JXC181,220,1,Printer's Mark
JXC181,221,1,Printer's Mark
JTRIRS,2,1,Printer's Mark
JTRIRS,3,1,Content Illustration
JTRIRS,4,1,Printer's Mark
JTRIRS,8,1,Decoration
JTRIRS,8,1,Printer's Mark
JTRIRS,9,1,Decoration
JTRIRS,9,1,Initial
JTRIRS,10,1,Decoration
JTRIRS,10,1,Initial
JTRIRS,12,1,Decoration
JTRIRS,12,2,Decoration
JTRIRS,12,3,Decoration
JTRIRS,12,1,Initial
JTRIRS,12,2,Initial
JTRIRS,13,1,Content Illustration
JTRIRS,13,1,Initial
JTRIRS,13,2,Initial
JTRIRS,14,1,Initial
JTRIRS,14,2,Initial
JTRIRS,15,1,Content Illustration
JTRIRS,16,1,Content Illustration
JTRIRS,16,2,Content Illustration
JTRIRS,16,3,Content Illustration
JTRIRS,17,1,Content Illustration
JTRIRS,18,1,Content Illustration
JTRIRS,18,2,Content Illustration
JTRIRS,19,1,Content Illustration
JTRIRS,19,2,Content Illustration
JTRIRS,19,1,Initial
JTRIRS,20,1,Content Illustration
JTRIRS,20,2,Content Illustration
JTRIRS,20,3,Content Illustration
JTRIRS,21,1,Content Illustration
JTRIRS,21,2,Content Illustration
JTRIRS,21,3,Content Illustration
JTRIRS,22,1,Content Illustration
JTRIRS,22,2,Content Illustration
JTRIRS,22,3,Content Illustration
JTRIRS,23,1,Content Illustration
JTRIRS,23,2,Content Illustration
JTRIRS,24,1,Content Illustration
JTRIRS,25,1,Content Illustration
JTRIRS,25,2,Content Illustration
JTRIRS,25,1,Initial
JTRIRS,26,1,Content Illustration
JTRIRS,26,2,Content Illustration
JTRIRS,26,1,Initial
JTRIRS,27,1,Content Illustration
JTRIRS,27,2,Content Illustration
JTRIRS,28,1,Content Illustration
JTRIRS,28,2,Content Illustration
JTRIRS,29,1,Content Illustration
JTRIRS,29,2,Content Illustration
JTRIRS,29,3,Content Illustration
JTRIRS,29,4,Content Illustration
JTRIRS,29,1,Initial
JTRIRS,30,1,Content Illustration
JTRIRS,30,1,Initial
JTRIRS,31,1,Content Illustration
JTRIRS,32,1,Decoration
JTRIRS,32,2,Decoration
JTRIRS,32,1,Initial
JTRIRS,34,1,Content Illustration
JTRIRS,34,2,Content Illustration
JTRIRS,34,3,Content Illustration
JTRIRS,34,1,Initial
JTRIRS,35,1,Content Illustration
JTRIRS,36,1,Content Illustration
JTRIRS,36,2,Content Illustration
JTRIRS,37,1,Content Illustration
JTRIRS,37,2,Content Illustration
JTRIRS,37,1,Initial
JTRIRS,37,2,Initial
JTRIRS,38,1,Content Illustration
JTRIRS,38,1,Initial
JTRIRS,39,1,Content Illustration
JTRIRS,39,2,Content Illustration
JTRIRS,39,1,Initial
JTRIRS,40,1,Content Illustration
JTRIRS,40,2,Content Illustration
JTRIRS,40,3,Content Illustration
JTRIRS,40,4,Content Illustration
JTRIRS,41,1,Content Illustration
JTRIRS,41,1,Initial
JTRIRS,42,1,Content Illustration
JTRIRS,42,1,Initial
JTRIRS,43,1,Content Illustration
JTRIRS,43,1,Initial
JTRIRS,45,1,Content Illustration
JTRIRS,45,1,Initial
JTRIRS,46,1,Initial
JTRIRS,47,1,Content Illustration
JTRIRS,47,1,Initial
JTRIRS,48,1,Content Illustration
JTRIRS,48,2,Content Illustration
JTRIRS,49,1,Content Illustration
JTRIRS,50,1,Content Illustration
JTRIRS,50,1,Decoration
JTRIRS,50,2,Decoration
JTRIRS,50,1,Initial
JTRIRS,51,1,Content Illustration
JTRIRS,51,2,Content Illustration
JTRIRS,51,3,Content Illustration
JTRIRS,52,1,Content Illustration
JTRIRS,52,2,Content Illustration
JTRIRS,52,1,Initial
JTRIRS,53,1,Content Illustration
JTRIRS,53,2,Content Illustration
JTRIRS,53,1,Initial
JTRIRS,54,1,Content Illustration
JTRIRS,54,2,Content Illustration
JTRIRS,55,1,Content Illustration
JTRIRS,55,2,Content Illustration
JTRIRS,55,1,Initial
JTRIRS,56,1,Content Illustration
JTRIRS,56,2,Content Illustration
JTRIRS,56,1,Initial
JTRIRS,57,1,Content Illustration
JTRIRS,57,2,Content Illustration
JTRIRS,58,1,Content Illustration
JTRIRS,58,2,Content Illustration
JTRIRS,59,1,Content Illustration
JTRIRS,59,2,Content Illustration
JTRIRS,60,1,Content Illustration
JTRIRS,60,2,Content Illustration
JTRIRS,60,1,Initial
JTRIRS,61,1,Content Illustration
JTRIRS,62,1,Content Illustration
JTRIRS,62,2,Content Illustration
JTRIRS,63,1,Content Illustration
JTRIRS,63,2,Content Illustration
JTRIRS,63,1,Initial
JTRIRS,64,1,Content Illustration
JTRIRS,64,2,Content Illustration
JTRIRS,64,3,Content Illustration
JTRIRS,65,1,Content Illustration
JTRIRS,65,1,Initial
JTRIRS,66,1,Content Illustration
JTRIRS,66,2,Content Illustration
JTRIRS,66,3,Content Illustration
JTRIRS,67,1,Content Illustration
JTRIRS,67,2,Content Illustration
JTRIRS,68,1,Content Illustration
JTRIRS,68,1,Initial
JTRIRS,69,1,Content Illustration
JTRIRS,70,1,Content Illustration
JTRIRS,70,2,Content Illustration
JTRIRS,70,3,Content Illustration
JTRIRS,71,1,Content Illustration
JTRIRS,71,1,Initial
JTRIRS,72,1,Content Illustration
JTRIRS,72,2,Content Illustration
JTRIRS,73,1,Content Illustration
JTRIRS,73,2,Content Illustration
JTRIRS,74,1,Content Illustration
JTRIRS,75,1,Content Illustration
JTRIRS,75,1,Initial
JTRIRS,76,1,Content Illustration
JTRIRS,76,2,Content Illustration
JTRIRS,77,1,Content Illustration
JTRIRS,77,2,Content Illustration
JTRIRS,78,1,Content Illustration
JTRIRS,78,1,Initial
JTRIRS,79,1,Content Illustration
JTRIRS,80,1,Content Illustration
JTRIRS,80,2,Content Illustration
JTRIRS,81,1,Content Illustration
JTRIRS,82,1,Content Illustration
JTRIRS,83,1,Content Illustration
JTRIRS,83,1,Initial
JTRIRS,84,1,Content Illustration
JTRIRS,85,1,Content Illustration
JTRIRS,85,2,Content Illustration
JTRIRS,86,1,Content Illustration
JTRIRS,87,1,Content Illustration
JTRIRS,88,1,Content Illustration
JTRIRS,88,1,Initial
JTRIRS,89,1,Content Illustration
JTRIRS,90,1,Content Illustration
JTRIRS,91,1,Content Illustration
JTRIRS,92,1,Content Illustration
JTRIRS,93,1,Content Illustration
JTRIRS,93,2,Content Illustration
JTRIRS,94,1,Content Illustration
JTRIRS,95,1,Content Illustration
JTRIRS,95,1,Initial
JTRIRS,96,1,Content Illustration
JTRIRS,96,2,Content Illustration
JTRIRS,97,1,Content Illustration
JTRIRS,97,1,Initial
JTRIRS,98,1,Content Illustration
JTRIRS,99,1,Content Illustration
JTRIRS,100,1,Content Illustration
JTRIRS,100,2,Content Illustration
JTRIRS,101,1,Content Illustration
JTRIRS,101,1,Initial
JTRIRS,102,1,Content Illustration
JTRIRS,102,1,Decoration
JTRIRS,103,1,Content Illustration
JTRIRS,104,1,Content Illustration
JTRIRS,104,1,Initial
JTRIRS,105,1,Content Illustration
JTRIRS,105,1,Initial
JTRIRS,106,1,Content Illustration
JTRIRS,106,1,Initial
JTRIRS,107,1,Content Illustration
JTRIRS,107,1,Initial
JTRIRS,108,1,Content Illustration
JTRIRS,108,1,Initial
JTRIRS,109,1,Content Illustration
JTRIRS,109,1,Initial
JTRIRS,110,1,Content Illustration
JTRIRS,110,1,Initial
JTRIRS,111,1,Content Illustration
JTRIRS,111,1,Initial
JTRIRS,112,1,Content Illustration
JTRIRS,112,2,Content Illustration
JTRIRS,112,1,Initial
JTRIRS,112,2,Initial
JTRIRS,113,1,Content Illustration
JTRIRS,113,2,Content Illustration
JTRIRS,113,1,Initial
JTRIRS,113,2,Initial
JTRIRS,114,1,Content Illustration
JTRIRS,114,1,Initial
JTRIRS,115,1,Content Illustration
JTRIRS,115,1,Initial
JTRIRS,116,1,Content Illustration
JTRIRS,116,1,Initial
JTRIRS,117,1,Content Illustration
JTRIRS,117,2,Content Illustration
JTRIRS,117,1,Initial
JTRIRS,118,1,Content Illustration
JTRIRS,118,1,Initial
JTRIRS,119,1,Content Illustration
JTRIRS,120,1,Content Illustration
JTRIRS,121,1,Content Illustration
JTRIRS,121,1,Initial
JTRIRS,123,1,Content Illustration
JTRIRS,124,1,Initial
JTRIRS,125,1,Content Illustration
JTRIRS,126,1,Content Illustration
JTRIRS,127,1,Content Illustration
JTRIRS,127,1,Initial
JTRIRS,128,1,Initial
JTRIRS,130,1,Content Illustration
JTRIRS,131,1,Content Illustration
JTRIRS,131,2,Content Illustration
JTRIRS,132,1,Content Illustration
JTRIRS,132,1,Initial
JTRIRS,133,1,Content Illustration
JTRIRS,134,1,Content Illustration
JTRIRS,135,1,Content Illustration
JTRIRS,135,2,Content Illustration
JTRIRS,136,1,Decoration
JTRIRS,136,2,Decoration
JTRIRS,136,1,Initial
JTRIRS,138,1,Content Illustration
JTRIRS,138,1,Initial
JTRIRS,139,1,Content Illustration
JTRIRS,140,1,Content Illustration
JTRIRS,140,2,Content Illustration
JTRIRS,140,1,Initial
JTRIRS,141,1,Content Illustration
JTRIRS,142,1,Content Illustration
JTRIRS,142,1,Initial
JTRIRS,143,1,Content Illustration
JTRIRS,143,2,Content Illustration
JTRIRS,144,1,Content Illustration
JTRIRS,144,1,Initial
JTRIRS,145,1,Content Illustration
JTRIRS,145,2,Content Illustration
JTRIRS,146,1,Content Illustration
JTRIRS,146,2,Content Illustration
JTRIRS,146,1,Initial
JTRIRS,147,1,Content Illustration
JTRIRS,147,1,Initial
JTRIRS,148,1,Content Illustration
JTRIRS,149,1,Content Illustration
JTRIRS,149,1,Initial
JTRIRS,150,1,Decoration
JTRIRS,151,1,Content Illustration
JTRIRS,152,1,Initial
JTRIRS,153,1,Content Illustration
JTRIRS,153,2,Content Illustration
JTRIRS,154,1,Initial
JTRIRS,155,1,Content Illustration
JTRIRS,156,1,Initial
JTRIRS,157,1,Content Illustration
JTRIRS,158,1,Content Illustration
JTRIRS,158,2,Content Illustration
JTRIRS,158,1,Initial
JTRIRS,158,2,Initial
JTRIRS,159,1,Content Illustration
JTRIRS,160,1,Content Illustration
JTRIRS,160,2,Content Illustration
JTRIRS,160,1,Initial
JTRIRS,161,1,Content Illustration
JTRIRS,161,1,Initial
JTRIRS,162,1,Content Illustration
JTRIRS,162,1,Initial
JTRIRS,163,1,Content Illustration
JTRIRS,164,1,Content Illustration
JTRIRS,164,1,Initial
JTRIRS,165,1,Content Illustration
JTRIRS,165,1,Initial
JTRIRS,166,1,Decoration
JTRIRS,166,1,Initial
JTRIRS,166,2,Initial
JTRIRS,167,1,Content Illustration
JTRIRS,167,2,Content Illustration
JTRIRS,167,3,Content Illustration
JTRIRS,167,4,Content Illustration
JTRIRS,168,1,Content Illustration
JTRIRS,168,1,Initial
JTRIRS,169,1,Content Illustration
JTRIRS,170,1,Decoration
JTRIRS,170,2,Decoration
JTRIRS,170,1,Initial
JTRIRS,171,1,Content Illustration
JTRIRS,171,2,Content Illustration
JTRIRS,172,1,Content Illustration
JTRIRS,172,2,Content Illustration
JTRIRS,173,1,Content Illustration
JTRIRS,173,2,Content Illustration
JTRIRS,174,1,Content Illustration
JTRIRS,174,1,Initial
JTRIRS,175,1,Decoration
JTRIRS,176,1,Content Illustration
JTRIRS,177,1,Content Illustration
JTRIRS,177,1,Initial
JTRIRS,178,1,Content Illustration
JTRIRS,179,1,Content Illustration
JTRIRS,179,1,Initial
JTRIRS,181,1,Content Illustration
JTRIRS,182,1,Decoration
JTRIRS,182,2,Decoration
JTRIRS,182,1,Initial
JTRIRS,184,1,Decoration
JTRIRS,184,2,Decoration
JTRIRS,184,1,Initial
JTRIRS,185,1,Content Illustration
JTRIRS,186,1,Decoration
JTRIRS,186,2,Decoration
JTRIRS,186,1,Initial
JTRIRS,187,1,Content Illustration
JTRIRS,188,1,Initial
JTRIRS,189,1,Content Illustration
JTRIRS,191,1,Content Illustration
JTRIRS,191,1,Initial
JTRIRS,192,1,Content Illustration
JTRIRS,192,1,Initial
JTRIRS,193,1,Content Illustration
JTRIRS,194,1,Decoration
JTRIRS,194,2,Decoration
JTRIRS,194,3,Decoration
JTRIRS,194,4,Decoration
JTRIRS,194,1,Initial
JTRIRS,195,1,Content Illustration
JTRIRS,196,1,Initial
JTRIRS,198,1,Content Illustration
JTRIRS,198,1,Initial
JTRIRS,199,1,Initial
JTRIRS,199,2,Initial
JTRIRS,201,1,Decoration
JTRIRS,201,1,Initial
JTRIRS,202,1,Content Illustration
JTRIRS,204,1,Content Illustration
JTRIRS,204,1,Decoration
JTRIRS,207,1,Table
JTRIRS,214,1,Content Illustration
JTRIRS,215,1,Printer's Mark
JTRIRS,219,1,Content Illustration
JTRIRS,219,1,Printer's Mark
JTRIRS,220,1,Content Illustration
JTRIRS,220,1,Printer's Mark
JTRIRS,221,1,Printer's Mark
bib-10,2,1,Printer's Mark
bib-10,4,1,Decoration
bib-10,4,1,Initial
bib-10,7,1,Decoration
bib-10,8,1,Decoration
bib-10,9,1,Content Illustration
bib-10,10,1,Decoration
bib-10,10,1,Initial
bib-10,11,1,Initial
bib-10,13,1,Content Illustration
bib-10,14,1,Initial
bib-10,15,1,Content Illustration
bib-10,17,1,Content Illustration
bib-10,18,1,Initial
bib-10,19,1,Content Illustration
bib-10,20,1,Content Illustration
bib-10,21,1,Initial
bib-10,22,1,Content Illustration
bib-10,22,1,Initial
bib-10,23,1,Content Illustration
bib-10,24,1,Content Illustration
bib-10,25,1,Content Illustration
bib-10,26,1,Initial
bib-10,28,1,Content Illustration
bib-10,28,1,Decoration
bib-10,29,1,Initial
bib-10,32,1,Content Illustration
bib-10,32,1,Initial
bib-10,33,1,Content Illustration
bib-10,35,1,Content Illustration
bib-10,36,1,Initial
bib-10,38,1,Content Illustration
bib-10,40,1,Content Illustration
bib-10,40,1,Initial
bib-10,42,1,Content Illustration
bib-10,42,1,Initial
bib-10,43,1,Content Illustration
bib-10,44,1,Initial
bib-10,45,1,Content Illustration
bib-10,46,1,Content Illustration
bib-10,47,1,Content Illustration
bib-10,47,1,Initial
bib-10,48,1,Content Illustration
bib-10,49,1,Initial
bib-10,50,1,Content Illustration
bib-10,52,1,Content Illustration
bib-10,52,1,Initial
bib-10,53,1,Content Illustration
bib-10,54,1,Content Illustration
bib-10,55,1,Initial
bib-10,56,1,Content Illustration
bib-10,56,1,Decoration
bib-10,57,1,Content Illustration
bib-10,57,1,Initial
bib-10,58,1,Content Illustration
bib-10,58,2,Content Illustration
bib-10,59,1,Content Illustration
bib-10,60,1,Content Illustration
bib-10,60,1,Initial
bib-10,61,1,Content Illustration
bib-10,61,2,Content Illustration
bib-10,63,1,Content Illustration
bib-10,63,2,Content Illustration
bib-10,65,1,Content Illustration
bib-10,66,1,Content Illustration
bib-10,66,1,Initial
bib-10,67,1,Content Illustration
bib-10,68,1,Initial
bib-10,69,1,Content Illustration
bib-10,70,1,Content Illustration
bib-10,71,1,Content Illustration
bib-10,71,1,Initial
bib-10,72,1,Content Illustration
bib-10,72,2,Content Illustration
bib-10,74,1,Content Illustration
bib-10,74,1,Initial
bib-10,75,1,Content Illustration
bib-10,76,1,Content Illustration
bib-10,77,1,Content Illustration
bib-10,77,2,Content Illustration
bib-10,78,1,Content Illustration
bib-10,79,1,Initial
bib-10,80,1,Content Illustration
bib-10,80,2,Content Illustration
bib-10,81,1,Content Illustration
bib-10,82,1,Initial
bib-10,83,1,Content Illustration
bib-10,84,1,Content Illustration
bib-10,86,1,Content Illustration
bib-10,87,1,Content Illustration
bib-10,88,1,Content Illustration
bib-10,89,1,Content Illustration
bib-10,89,1,Initial
bib-10,91,1,Content Illustration
bib-10,92,1,Content Illustration
bib-10,92,2,Content Illustration
bib-10,93,1,Content Illustration
bib-10,95,1,Content Illustration
bib-10,96,1,Content Illustration
bib-10,97,1,Content Illustration
bib-10,98,1,Content Illustration
bib-10,99,1,Content Illustration
bib-10,101,1,Content Illustration
bib-10,102,1,Content Illustration
bib-10,102,1,Initial
bib-10,103,1,Content Illustration
bib-10,104,1,Content Illustration
bib-10,105,1,Content Illustration
bib-10,106,1,Content Illustration
bib-10,107,1,Content Illustration
bib-10,108,1,Content Illustration
bib-10,109,1,Content Illustration
bib-10,109,2,Content Illustration
bib-10,110,1,Content Illustration
bib-10,110,1,Initial
bib-10,111,1,Content Illustration
bib-10,112,1,Content Illustration
bib-10,112,2,Content Illustration
bib-10,113,1,Content Illustration
bib-10,113,1,Initial
bib-10,114,1,Content Illustration
bib-10,115,1,Content Illustration
bib-10,116,1,Content Illustration
bib-10,116,1,Decoration
bib-10,117,1,Content Illustration
bib-10,117,1,Initial
bib-10,119,1,Content Illustration
bib-10,119,2,Content Illustration
bib-10,120,1,Content Illustration
bib-10,121,1,Content Illustration
bib-10,121,1,Initial
bib-10,122,1,Content Illustration
bib-10,124,1,Content Illustration
bib-10,126,1,Initial
bib-10,127,1,Content Illustration
bib-10,128,1,Content Illustration
bib-10,129,1,Content Illustration
bib-10,130,1,Content Illustration
bib-10,130,1,Initial
bib-10,131,1,Content Illustration
bib-10,132,1,Content Illustration
bib-10,134,1,Content Illustration
bib-10,136,1,Decoration
bib-42,2,1,Initial
bib-42,5,1,Printer's Mark
bib-42,7,1,Decoration
bib-42,7,2,Decoration
bib-42,7,1,Initial
bib-42,9,1,Initial
bib-42,13,1,Content Illustration
bib-42,14,1,Content Illustration
bib-42,14,2,Content Illustration
bib-42,15,1,Content Illustration
bib-42,16,1,Content Illustration
bib-42,17,1,Content Illustration
bib-42,17,2,Content Illustration
bib-42,18,1,Content Illustration
bib-42,19,1,Content Illustration
bib-42,19,2,Content Illustration
bib-42,20,1,Content Illustration
bib-42,21,1,Content Illustration
bib-42,22,1,Content Illustration
bib-42,22,2,Content Illustration
bib-42,23,1,Content Illustration
bib-42,24,1,Content Illustration
bib-42,24,2,Content Illustration
bib-42,25,1,Content Illustration
bib-42,26,1,Content Illustration
bib-42,26,2,Content Illustration
bib-42,27,1,Content Illustration
bib-42,28,1,Content Illustration
bib-42,28,2,Content Illustration
bib-42,29,1,Content Illustration
bib-42,29,2,Content Illustration
bib-42,30,1,Content Illustration
bib-42,31,1,Content Illustration
bib-42,32,1,Content Illustration
bib-42,32,2,Content Illustration
bib-42,33,1,Content Illustration
bib-42,34,1,Content Illustration
bib-42,35,1,Content Illustration
bib-42,36,1,Content Illustration
bib-42,37,1,Content Illustration
bib-42,38,1,Content Illustration
bib-42,38,2,Content Illustration
bib-42,39,1,Content Illustration
bib-42,40,1,Content Illustration
bib-42,40,2,Content Illustration
bib-42,41,1,Content Illustration
bib-42,42,1,Content Illustration
bib-42,43,1,Content Illustration
bib-42,44,1,Content Illustration
bib-42,44,2,Content Illustration
bib-42,45,1,Content Illustration
bib-42,46,1,Content Illustration
bib-42,47,1,Content Illustration
bib-42,47,2,Content Illustration
bib-42,48,1,Content Illustration
bib-42,48,2,Content Illustration
bib-42,50,1,Content Illustration
bib-42,50,2,Content Illustration
bib-42,51,1,Content Illustration
bib-42,52,1,Content Illustration
bib-42,53,1,Content Illustration
bib-42,53,2,Content Illustration
bib-42,54,1,Content Illustration
bib-42,55,1,Content Illustration
bib-42,56,1,Content Illustration
bib-42,56,2,Content Illustration
bib-42,57,1,Content Illustration
bib-42,58,1,Content Illustration
bib-42,58,2,Content Illustration
bib-42,58,3,Content Illustration
bib-42,58,4,Content Illustration
bib-42,59,1,Content Illustration
bib-42,60,1,Content Illustration
bib-42,61,1,Content Illustration
bib-42,61,2,Content Illustration
bib-42,62,1,Content Illustration
bib-42,62,2,Content Illustration
bib-42,63,1,Content Illustration
bib-42,64,1,Content Illustration
bib-42,64,2,Content Illustration
bib-42,64,3,Content Illustration
bib-42,65,1,Content Illustration
bib-42,66,1,Content Illustration
bib-42,67,1,Content Illustration
bib-42,67,2,Content Illustration
bib-42,67,3,Content Illustration
bib-42,68,1,Content Illustration
bib-42,68,2,Content Illustration
bib-42,69,1,Content Illustration
bib-42,69,2,Content Illustration
bib-42,70,1,Content Illustration
bib-42,70,2,Content Illustration
bib-42,71,1,Content Illustration
bib-42,71,2,Content Illustration
bib-42,72,1,Content Illustration
bib-42,72,2,Content Illustration
bib-42,73,1,Content Illustration
bib-42,73,2,Content Illustration
bib-42,74,1,Content Illustration
bib-42,75,1,Content Illustration
bib-42,75,2,Content Illustration
bib-42,76,1,Content Illustration
bib-42,76,2,Content Illustration
bib-42,77,1,Content Illustration
bib-42,77,2,Content Illustration
bib-42,78,1,Content Illustration
bib-42,79,1,Content Illustration
bib-42,79,2,Content Illustration
bib-42,80,1,Content Illustration
bib-42,81,1,Content Illustration
bib-42,81,2,Content Illustration
bib-42,82,1,Content Illustration
bib-42,83,1,Content Illustration
bib-42,84,1,Content Illustration
bib-42,84,2,Content Illustration
bib-42,85,1,Content Illustration
bib-42,86,1,Content Illustration
bib-42,86,2,Content Illustration
bib-42,86,3,Content Illustration
bib-42,87,1,Content Illustration
bib-42,87,2,Content Illustration
bib-42,88,1,Content Illustration
bib-42,91,1,Content Illustration
bib-7,1,1,Content Illustration
bib-7,2,1,Content Illustration
bib-7,2,1,Decoration
bib-7,2,1,Initial
bib-7,3,1,Decoration
bib-7,3,2,Decoration
bib-7,4,1,Decoration
bib-7,4,1,Initial
bib-7,7,1,Content Illustration
bib-7,7,2,Content Illustration
bib-7,7,1,Decoration
bib-7,7,2,Decoration
bib-7,8,1,Content Illustration
bib-7,8,2,Content Illustration
bib-7,8,3,Content Illustration
bib-7,8,4,Content Illustration
bib-7,8,5,Content Illustration
bib-7,9,1,Content Illustration
bib-7,9,2,Content Illustration
bib-7,9,3,Content Illustration
bib-7,9,4,Content Illustration
bib-7,9,5,Content Illustration
bib-7,10,1,Content Illustration
bib-7,10,2,Content Illustration
bib-7,10,3,Content Illustration
bib-7,10,1,Initial
bib-7,11,1,Content Illustration
bib-7,11,2,Content Illustration
bib-7,11,3,Content Illustration
bib-7,11,4,Content Illustration
bib-7,11,5,Content Illustration
bib-7,11,1,Initial
bib-7,11,2,Initial
bib-7,12,1,Content Illustration
bib-7,12,1,Initial
bib-7,12,2,Initial
bib-7,13,1,Content Illustration
bib-7,13,2,Content Illustration
bib-7,13,1,Initial
bib-7,14,1,Content Illustration
bib-7,15,1,Content Illustration
bib-7,15,1,Initial
bib-7,16,1,Content Illustration
bib-7,16,2,Content Illustration
bib-7,16,1,Initial
bib-7,17,1,Content Illustration
bib-7,17,1,Initial
bib-7,17,2,Initial
bib-7,18,1,Content Illustration
bib-7,18,1,Initial
bib-7,18,2,Initial
bib-7,19,1,Content Illustration
bib-7,19,1,Initial
bib-7,19,2,Initial
bib-7,20,1,Content Illustration
bib-7,20,2,Content Illustration
bib-7,20,1,Initial
bib-7,20,2,Initial
bib-7,21,1,Content Illustration
bib-7,21,2,Content Illustration
bib-7,21,1,Initial
bib-7,22,1,Initial
bib-7,23,1,Content Illustration
bib-7,23,1,Initial
bib-7,24,1,Content Illustration
bib-7,25,1,Content Illustration
bib-7,25,1,Initial
bib-7,26,1,Content Illustration
bib-7,27,1,Content Illustration
bib-7,27,1,Initial
bib-7,29,1,Content Illustration
bib-7,29,1,Initial
bib-7,29,2,Initial
bib-7,30,1,Content Illustration
bib-7,30,1,Initial
bib-7,31,1,Content Illustration
bib-7,31,2,Content Illustration
bib-7,31,1,Decoration
bib-7,31,1,Initial
bib-7,32,1,Content Illustration
bib-7,32,1,Initial
bib-7,32,2,Initial
bib-7,33,1,Content Illustration
bib-7,33,1,Initial
bib-7,34,1,Content Illustration
bib-7,34,1,Initial
bib-7,35,1,Content Illustration
bib-7,36,1,Content Illustration
bib-7,36,1,Initial
bib-7,37,1,Content Illustration
bib-7,38,1,Content Illustration
bib-7,39,1,Content Illustration
bib-7,39,1,Initial
bib-7,40,1,Content Illustration
bib-7,40,1,Initial
bib-7,41,1,Content Illustration
bib-7,41,1,Initial
bib-7,42,1,Initial
bib-7,43,1,Content Illustration
bib-7,43,1,Decoration
bib-7,44,1,Initial
bib-7,45,1,Content Illustration
bib-7,46,1,Decoration
bib-7,46,1,Initial
bib-7,46,2,Initial
bib-7,47,1,Content Illustration
bib-7,47,2,Content Illustration
bib-7,47,3,Content Illustration
bib-7,47,4,Content Illustration
bib-7,47,1,Initial
bib-7,47,2,Initial
bib-7,48,1,Content Illustration
bib-7,48,2,Content Illustration
bib-7,48,3,Content Illustration
bib-7,48,1,Initial
bib-7,49,1,Content Illustration
bib-7,49,2,Content Illustration
bib-7,49,3,Content Illustration
bib-7,49,4,Content Illustration
bib-7,49,1,Initial
bib-7,49,2,Initial
bib-7,50,1,Content Illustration
bib-7,50,2,Content Illustration
bib-7,50,1,Decoration
bib-7,50,1,Initial
bib-7,50,2,Initial
bib-7,51,1,Content Illustration
bib-7,51,2,Content Illustration
bib-7,51,3,Content Illustration
bib-7,51,4,Content Illustration
bib-7,51,1,Initial
bib-7,51,2,Initial
bib-7,52,1,Content Illustration
bib-7,52,1,Initial
bib-7,52,2,Initial
bib-7,53,1,Content Illustration
bib-7,53,1,Initial
bib-7,54,1,Content Illustration
bib-7,55,1,Content Illustration
bib-7,55,2,Content Illustration
bib-7,55,3,Content Illustration
bib-7,55,4,Content Illustration
bib-7,55,5,Content Illustration
bib-7,56,1,Content Illustration
bib-7,56,2,Content Illustration
bib-7,56,1,Initial
bib-7,56,2,Initial
bib-7,56,3,Initial
bib-7,57,1,Content Illustration
bib-7,57,2,Content Illustration
bib-7,57,1,Initial
bib-7,58,1,Content Illustration
bib-7,58,2,Content Illustration
bib-7,58,1,Initial
bib-7,59,1,Content Illustration
bib-7,59,1,Initial
bib-7,60,1,Content Illustration
bib-7,60,2,Content Illustration
bib-7,60,1,Initial
bib-7,61,1,Content Illustration
bib-7,61,1,Initial
bib-7,62,1,Content Illustration
bib-7,62,1,Decoration
bib-7,62,1,Initial
bib-7,63,1,Content Illustration
bib-7,63,1,Initial
bib-7,64,1,Content Illustration
bib-7,64,2,Content Illustration
bib-7,64,3,Content Illustration
bib-7,64,4,Content Illustration
bib-7,64,5,Content Illustration
bib-7,65,1,Content Illustration
bib-7,65,2,Content Illustration
bib-7,65,1,Initial
bib-7,65,2,Initial
bib-7,66,1,Content Illustration
bib-7,66,2,Content Illustration
bib-7,66,3,Content Illustration
bib-7,66,1,Initial
bib-7,67,1,Content Illustration
bib-7,67,2,Content Illustration
bib-7,67,1,Initial
bib-7,68,1,Content Illustration
bib-7,68,2,Content Illustration
bib-7,68,3,Content Illustration
bib-7,68,1,Initial
bib-7,69,1,Content Illustration
bib-7,69,2,Content Illustration
bib-7,69,3,Content Illustration
bib-7,69,1,Initial
bib-7,70,1,Content Illustration
bib-7,70,2,Content Illustration
bib-7,70,1,Initial
bib-7,71,1,Content Illustration
bib-7,71,1,Initial
bib-7,71,2,Initial
bib-7,72,1,Content Illustration
bib-7,73,1,Content Illustration
bib-7,73,1,Initial
bib-7,74,1,Content Illustration
bib-7,74,1,Decoration
bib-7,75,1,Decoration
bib-7,75,2,Decoration
bib-7,75,3,Decoration
bib-7,75,1,Initial
bib-7,76,1,Content Illustration
bib-7,76,2,Content Illustration
bib-7,76,3,Content Illustration
bib-7,76,1,Initial
bib-7,77,1,Content Illustration
bib-7,77,2,Content Illustration
bib-7,77,3,Content Illustration
bib-7,77,1,Initial
bib-7,78,1,Content Illustration
bib-7,78,1,Initial
bib-7,79,1,Content Illustration
bib-7,79,2,Content Illustration
bib-7,79,1,Initial
bib-7,80,1,Content Illustration
bib-7,80,2,Content Illustration
bib-7,80,1,Initial
bib-7,81,1,Content Illustration
bib-7,83,1,Initial
bib-7,84,1,Initial
bib-7,85,1,Initial
bib-7,86,1,Initial
bib-7,88,1,Initial
bib-7,88,2,Initial
bib-7,89,1,Initial
bib-7,90,1,Initial
bib-7,91,1,Initial
bib-7,92,1,Initial
bib-7,93,1,Initial
bib-7,94,1,Initial
bib-7,96,1,Content Illustration
bib-7,98,1,Initial
bib-7,99,1,Content Illustration
bib-7,100,1,Initial
bib-7,101,1,Content Illustration
bib-7,102,1,Initial
bib-7,103,1,Content Illustration
bib-7,104,1,Initial
bib-7,105,1,Content Illustration
bib-7,105,1,Initial
bib-7,106,1,Initial
bib-7,108,1,Content Illustration
bib-7,110,1,Initial
bib-7,112,1,Initial
bib-7,113,1,Initial
bib-7,113,2,Initial
bib-7,114,1,Initial
bib-7,114,2,Initial
bib-7,117,1,Initial
bib-7,118,1,Content Illustration
bib-7,119,1,Content Illustration
bib-7,121,1,Content Illustration
bib-7,122,1,Content Illustration
bib-7,123,1,Content Illustration
bib-7,127,1,Content Illustration
bib-7,127,2,Content Illustration
bib-7,127,1,Decoration
bib-7,128,1,Decoration
bib-7,128,1,Printer's Mark
Q4F538,1,1,Initial
Q4F538,2,1,Decoration
Q4F538,4,1,Initial
Q4F538,7,1,Initial
Q4F538,9,1,Decoration
Q4F538,10,1,Content Illustration
Q4F538,10,2,Content Illustration
Q4F538,11,1,Initial
Q4F538,14,1,Initial
Q4F538,15,1,Content Illustration
Q4F538,15,2,Content Illustration
Q4F538,15,1,Initial
Q4F538,16,1,Initial
Q4F538,20,1,Content Illustration
Q4F538,21,1,Initial
Q4F538,30,1,Content Illustration
Q4F538,31,1,Initial
Q4F538,44,1,Content Illustration
Q4F538,44,2,Content Illustration
Q4F538,45,1,Initial
Q4F538,49,1,Content Illustration
Q4F538,50,1,Initial
Q4F538,56,1,Content Illustration
Q4F538,56,2,Content Illustration
Q4F538,57,1,Initial
Q4F538,59,1,Content Illustration
Q4F538,60,1,Initial
Q4F538,63,1,Initial
Q4F538,65,1,Content Illustration
Q4F538,66,1,Content Illustration
Q4F538,69,1,Content Illustration
Q4F538,70,1,Initial
Q4F538,72,1,Content Illustration
Q4F538,72,1,Decoration
Q4F538,73,1,Initial
bib-223,25,1,Content Illustration
bib-223,156,1,Content Illustration
bib-223,156,2,Content Illustration
bib-223,167,1,Content Illustration
bib-223,215,1,Content Illustration
bib-223,217,1,Content Illustration
bib-223,225,1,Content Illustration
bib-131,1,1,Decoration
bib-131,1,2,Decoration
bib-131,3,1,Initial
bib-131,5,1,Initial
bib-131,17,1,Initial
bib-131,18,1,Content Illustration
bib-131,18,2,Content Illustration
bib-131,18,3,Content Illustration
bib-131,18,4,Content Illustration
bib-131,19,1,Content Illustration
bib-131,19,2,Content Illustration
bib-131,19,3,Content Illustration
bib-131,19,4,Content Illustration
bib-131,19,5,Content Illustration
bib-131,20,1,Content Illustration
bib-131,20,2,Content Illustration
bib-131,20,3,Content Illustration
bib-131,20,4,Content Illustration
bib-131,21,1,Content Illustration
bib-131,21,2,Content Illustration
bib-131,23,1,Content Illustration
bib-131,23,2,Content Illustration
bib-131,23,3,Content Illustration
bib-131,24,1,Content Illustration
bib-131,24,2,Content Illustration
bib-131,24,3,Content Illustration
bib-131,25,1,Content Illustration
bib-131,25,2,Content Illustration
bib-131,25,3,Content Illustration
bib-131,26,1,Content Illustration
bib-131,26,2,Content Illustration
bib-131,26,3,Content Illustration
bib-131,26,4,Content Illustration
bib-131,27,1,Content Illustration
bib-131,27,2,Content Illustration
bib-131,27,3,Content Illustration
bib-131,28,1,Content Illustration
bib-131,28,2,Content Illustration
bib-131,28,3,Content Illustration
bib-131,29,1,Content Illustration
bib-131,29,2,Content Illustration
bib-131,29,3,Content Illustration
bib-131,29,4,Content Illustration
bib-131,29,5,Content Illustration
bib-131,30,1,Content Illustration
bib-131,30,2,Content Illustration
bib-131,30,3,Content Illustration
bib-131,30,4,Content Illustration
bib-131,30,5,Content Illustration
bib-131,30,6,Content Illustration
bib-131,31,1,Content Illustration
bib-131,31,2,Content Illustration
bib-131,31,3,Content Illustration
bib-131,31,4,Content Illustration
bib-131,32,1,Content Illustration
bib-131,32,2,Content Illustration
bib-131,32,3,Content Illustration
bib-131,33,1,Content Illustration
bib-131,34,1,Content Illustration
bib-131,34,2,Content Illustration
bib-131,34,1,Initial
bib-131,35,1,Content Illustration
bib-131,35,2,Content Illustration
bib-131,36,1,Content Illustration
bib-131,37,1,Content Illustration
bib-131,38,1,Content Illustration
bib-131,39,1,Content Illustration
bib-131,40,1,Content Illustration
bib-131,41,1,Content Illustration
bib-131,42,1,Content Illustration
bib-131,42,2,Content Illustration
bib-131,43,1,Content Illustration
bib-131,44,1,Content Illustration
bib-131,45,1,Content Illustration
bib-131,45,2,Content Illustration
bib-131,46,1,Content Illustration
bib-131,47,1,Content Illustration
bib-131,49,1,Content Illustration
bib-131,50,1,Content Illustration
bib-131,50,2,Content Illustration
bib-131,50,3,Content Illustration
bib-131,50,4,Content Illustration
bib-131,50,5,Content Illustration
bib-131,50,6,Content Illustration
bib-131,51,1,Content Illustration
bib-131,52,1,Content Illustration
bib-131,53,1,Content Illustration
bib-131,54,1,Content Illustration
bib-131,55,1,Content Illustration
bib-131,57,1,Content Illustration
bib-131,58,1,Content Illustration
bib-131,59,1,Content Illustration
bib-131,60,1,Content Illustration
bib-131,61,1,Content Illustration
bib-131,62,1,Content Illustration
bib-131,63,1,Content Illustration
bib-131,63,2,Content Illustration
bib-131,63,3,Content Illustration
bib-131,63,4,Content Illustration
bib-131,63,5,Content Illustration
bib-131,64,1,Content Illustration
bib-131,64,2,Content Illustration
bib-131,65,1,Content Illustration
bib-131,66,1,Content Illustration
bib-131,67,1,Content Illustration
bib-131,69,1,Content Illustration
bib-131,70,1,Content Illustration
bib-131,70,2,Content Illustration
bib-131,70,3,Content Illustration
bib-255,16,1,Content Illustration
bib-255,18,1,Initial
bib-255,20,1,Decoration
bib-255,20,1,Initial
bib-255,21,1,Content Illustration
bib-255,21,1,Initial
bib-255,22,1,Content Illustration
bib-255,22,2,Content Illustration
bib-255,22,1,Initial
bib-255,23,1,Initial
bib-255,23,2,Initial
bib-255,24,1,Content Illustration
bib-255,25,1,Initial
bib-255,26,1,Initial
bib-255,27,1,Content Illustration
bib-255,28,1,Content Illustration
bib-255,28,1,Initial
bib-255,29,1,Content Illustration
bib-255,29,2,Content Illustration
bib-255,29,3,Content Illustration
bib-255,29,4,Content Illustration
bib-255,30,1,Content Illustration
bib-255,30,1,Initial
bib-255,31,1,Initial
bib-255,32,1,Content Illustration
bib-255,33,1,Content Illustration
bib-255,33,1,Initial
bib-255,34,1,Content Illustration
bib-255,34,1,Initial
bib-255,35,1,Content Illustration
bib-255,36,1,Initial
bib-255,36,2,Initial
bib-255,37,1,Content Illustration
bib-255,38,1,Content Illustration
bib-255,40,1,Content Illustration
bib-255,41,1,Content Illustration
bib-255,41,2,Content Illustration
bib-255,41,3,Content Illustration
bib-255,41,1,Initial
bib-255,41,2,Initial
bib-255,42,1,Content Illustration
bib-255,42,2,Content Illustration
bib-255,42,3,Content Illustration
bib-255,42,4,Content Illustration
bib-255,43,1,Content Illustration
bib-255,43,2,Content Illustration
bib-255,43,3,Content Illustration
bib-255,44,1,Initial
bib-255,44,2,Initial
bib-255,45,1,Content Illustration
bib-255,46,1,Initial
bib-255,47,1,Content Illustration
bib-255,47,2,Content Illustration
bib-255,47,1,Initial
bib-255,48,1,Content Illustration
bib-255,48,1,Initial
bib-255,50,1,Table
bib-255,52,1,Content Illustration
bib-255,55,1,Table
bib-255,57,1,Initial
bib-255,57,2,Initial
bib-255,58,1,Initial
bib-255,59,1,Content Illustration
bib-255,60,1,Content Illustration
bib-255,60,1,Initial
bib-255,60,2,Initial
bib-255,61,1,Content Illustration
bib-255,62,1,Content Illustration
bib-255,62,1,Initial
bib-255,63,1,Content Illustration
bib-255,63,1,Initial
bib-255,63,2,Initial
bib-255,64,1,Initial
bib-255,66,1,Content Illustration
bib-255,67,1,Initial
bib-255,67,2,Initial
bib-255,68,1,Content Illustration
bib-255,68,1,Initial
bib-255,69,1,Initial
bib-255,70,1,Content Illustration
bib-255,70,1,Initial
bib-255,71,1,Content Illustration
bib-255,72,1,Initial
bib-255,72,2,Initial
bib-255,74,1,Content Illustration
bib-255,75,1,Initial
bib-255,75,2,Initial
bib-255,76,1,Initial
bib-255,77,1,Initial
bib-255,78,1,Initial
bib-255,79,1,Initial
bib-255,81,1,Content Illustration
bib-255,84,1,Initial
bib-255,113,1,Decoration
bib-255,119,1,Initial
bib-255,119,2,Initial
bib-255,119,3,Initial
bib-255,120,1,Content Illustration
bib-255,121,1,Initial
bib-255,121,2,Initial
bib-255,121,3,Initial
bib-255,122,1,Content Illustration
bib-255,122,1,Initial
bib-255,123,1,Content Illustration
bib-255,123,1,Initial
bib-255,124,1,Initial
bib-255,124,2,Initial
bib-255,125,1,Content Illustration
bib-255,125,1,Initial
bib-255,125,2,Initial
bib-255,127,1,Content Illustration
bib-255,128,1,Initial
bib-255,128,2,Initial
bib-255,129,1,Content Illustration
bib-255,130,1,Initial
bib-255,131,1,Content Illustration
bib-255,131,1,Initial
bib-255,132,1,Content Illustration
bib-255,132,1,Initial
bib-255,133,1,Content Illustration
bib-255,134,1,Initial
bib-255,135,1,Content Illustration
bib-255,136,1,Initial
bib-255,136,2,Initial
bib-255,137,1,Initial
bib-255,137,2,Initial
bib-255,138,1,Content Illustration
bib-255,139,1,Initial
bib-255,140,1,Initial
bib-255,140,2,Initial
bib-255,141,1,Initial
bib-255,142,1,Initial
bib-255,142,2,Initial
bib-255,143,1,Initial
bib-255,144,1,Initial
bib-255,144,2,Initial
bib-255,145,1,Initial
bib-255,145,2,Initial
bib-255,146,1,Initial
bib-255,146,2,Initial
bib-255,147,1,Content Illustration
bib-255,147,1,Initial
bib-255,148,1,Content Illustration
bib-255,148,1,Initial
bib-255,149,1,Content Illustration
bib-255,149,1,Initial
bib-255,150,1,Initial
bib-255,150,2,Initial
bib-255,150,3,Initial
bib-255,151,1,Content Illustration
bib-255,151,1,Initial
bib-255,151,2,Initial
bib-24,1,1,Decoration
bib-24,1,1,Printer's Mark
bib-24,3,1,Decoration
bib-24,3,2,Decoration
bib-24,3,1,Initial
bib-24,4,1,Decoration
bib-24,5,1,Decoration
bib-24,5,2,Decoration
bib-24,7,1,Content Illustration
bib-24,8,1,Content Illustration
bib-24,13,1,Content Illustration
bib-24,14,1,Content Illustration
bib-24,15,1,Content Illustration
bib-24,15,2,Content Illustration
bib-24,15,3,Content Illustration
bib-24,16,1,Content Illustration
bib-24,20,1,Content Illustration
bib-24,27,1,Content Illustration
bib-24,27,2,Content Illustration
bib-24,28,1,Content Illustration
bib-24,28,2,Content Illustration
bib-24,28,3,Content Illustration
bib-24,29,1,Content Illustration
bib-24,30,1,Content Illustration
bib-24,31,1,Content Illustration
bib-24,33,1,Content Illustration
bib-24,34,1,Content Illustration
bib-24,34,2,Content Illustration
bib-24,35,1,Content Illustration
bib-24,36,1,Content Illustration
bib-24,37,1,Decoration
bib-24,37,2,Decoration
bib-24,38,1,Content Illustration
bib-24,38,2,Content Illustration
bib-24,39,1,Content Illustration
bib-24,39,2,Content Illustration
bib-24,40,1,Content Illustration
bib-24,42,1,Content Illustration
bib-24,44,1,Content Illustration
bib-24,44,2,Content Illustration
bib-25,7,1,Content Illustration
bib-25,11,1,Decoration
bib-25,11,1,Initial
bib-25,15,1,Decoration
bib-25,15,1,Initial
bib-25,17,1,Content Illustration
bib-25,17,2,Content Illustration
bib-25,17,3,Content Illustration
bib-25,18,1,Content Illustration
bib-25,19,1,Content Illustration
bib-25,19,2,Content Illustration
bib-25,20,1,Content Illustration
bib-25,20,2,Content Illustration
bib-25,22,1,Content Illustration
bib-25,23,1,Content Illustration
bib-25,23,2,Content Illustration
bib-25,25,1,Content Illustration
bib-25,25,2,Content Illustration
bib-25,25,3,Content Illustration
bib-25,25,4,Content Illustration
bib-25,26,1,Content Illustration
bib-25,26,2,Content Illustration
bib-25,27,1,Content Illustration
bib-25,28,1,Content Illustration
bib-25,28,2,Content Illustration
bib-25,28,3,Content Illustration
bib-25,28,4,Content Illustration
bib-25,30,1,Content Illustration
bib-25,31,1,Content Illustration
bib-25,31,2,Content Illustration
bib-25,32,1,Content Illustration
bib-25,33,1,Content Illustration
bib-25,36,1,Content Illustration
bib-25,38,1,Content Illustration
bib-25,39,1,Table
bib-25,40,1,Table
bib-25,41,1,Table
bib-25,44,1,Content Illustration
bib-25,50,1,Content Illustration
bib-25,50,2,Content Illustration
bib-25,51,1,Content Illustration
bib-25,51,2,Content Illustration
bib-25,54,1,Content Illustration
bib-25,56,1,Table
bib-25,57,1,Content Illustration
bib-25,58,1,Table
bib-25,64,1,Decoration
bib-25,64,1,Initial
bib-25,65,1,Content Illustration
bib-25,66,1,Content Illustration
bib-25,66,2,Content Illustration
bib-25,67,1,Content Illustration
bib-25,71,1,Table
bib-25,73,1,Content Illustration
bib-25,73,2,Content Illustration
bib-25,74,1,Content Illustration
bib-25,75,1,Content Illustration
bib-25,76,1,Content Illustration
bib-25,78,1,Content Illustration
bib-25,79,1,Content Illustration
bib-25,80,1,Content Illustration
bib-25,82,1,Content Illustration
bib-25,83,1,Content Illustration
bib-25,85,1,Content Illustration
bib-25,87,1,Content Illustration
bib-25,88,1,Content Illustration
bib-25,89,1,Content Illustration
bib-25,91,1,Content Illustration
bib-25,94,1,Decoration
bib-25,94,1,Initial
bib-25,96,1,Content Illustration
bib-25,97,1,Table
bib-25,98,1,Content Illustration
bib-25,100,1,Content Illustration
bib-25,101,1,Content Illustration
bib-25,107,1,Decoration
bib-25,107,1,Initial
bib-25,109,1,Content Illustration
bib-25,110,1,Content Illustration
bib-25,113,1,Content Illustration
bib-25,118,1,Content Illustration
bib-25,122,1,Content Illustration
bib-25,123,1,Content Illustration
bib-25,126,1,Content Illustration
bib-25,127,1,Content Illustration
bib-25,129,1,Content Illustration
bib-25,131,1,Content Illustration
bib-25,135,1,Content Illustration
bib-25,136,1,Decoration
bib-25,136,1,Initial
bib-25,137,1,Content Illustration
bib-25,139,1,Content Illustration
bib-25,140,1,Content Illustration
bib-25,141,1,Content Illustration
bib-25,144,1,Content Illustration
bib-25,145,1,Content Illustration
bib-25,147,1,Content Illustration
bib-25,148,1,Content Illustration
bib-25,150,1,Content Illustration
bib-25,151,1,Content Illustration
bib-25,153,1,Content Illustration
bib-25,154,1,Decoration
bib-25,155,1,Decoration
bib-25,155,1,Initial
bib-25,156,1,Content Illustration
bib-25,157,1,Content Illustration
bib-25,158,1,Content Illustration
bib-25,159,1,Content Illustration
bib-25,160,1,Content Illustration
bib-25,161,1,Content Illustration
bib-25,163,1,Content Illustration
bib-25,164,1,Content Illustration
bib-25,165,1,Content Illustration
bib-25,166,1,Content Illustration
bib-25,166,2,Content Illustration
bib-25,168,1,Content Illustration
bib-25,170,1,Content Illustration
bib-25,172,1,Content Illustration
bib-25,174,1,Decoration
bib-25,175,1,Decoration
bib-25,175,1,Initial
bib-25,176,1,Content Illustration
bib-25,177,1,Content Illustration
bib-25,178,1,Content Illustration
bib-25,180,1,Content Illustration
bib-25,181,1,Content Illustration
bib-25,186,1,Content Illustration
bib-25,186,2,Content Illustration
bib-25,187,1,Content Illustration
bib-25,189,1,Content Illustration
ustc-32,3,1,Printer's Mark
ustc-32,11,1,Printer's Mark
ustc-32,13,1,Decoration
ustc-32,13,1,Initial
ustc-32,24,1,Decoration
ustc-32,24,1,Initial
ustc-32,25,1,Decoration
ustc-32,25,1,Initial
ustc-32,26,1,Decoration
ustc-32,26,1,Initial
ustc-32,27,1,Decoration
ustc-32,27,1,Initial
ustc-32,32,1,Decoration
ustc-32,33,1,Decoration
ustc-32,33,1,Initial
ustc-32,40,1,Decoration
ustc-32,43,1,Decoration
ustc-32,43,1,Initial
ustc-32,47,1,Decoration
ustc-32,48,1,Decoration
ustc-32,48,1,Initial
ustc-32,50,1,Content Illustration
ustc-32,66,1,Content Illustration
ustc-32,69,1,Content Illustration
ustc-32,69,2,Content Illustration
ustc-32,75,1,Content Illustration
ustc-32,81,1,Decoration
ustc-32,81,1,Initial
ustc-32,94,1,Decoration
ustc-32,95,1,Decoration
ustc-32,95,1,Initial
ustc-32,100,1,Decoration
ustc-32,100,1,Initial
ustc-32,106,1,Decoration
ustc-32,106,1,Initial
ustc-32,107,1,Decoration
ustc-32,108,1,Decoration
ustc-32,108,1,Initial
ustc-32,115,1,Content Illustration
ustc-32,121,1,Content Illustration
ustc-32,131,1,Content Illustration
ustc-32,133,1,Content Illustration
ustc-32,134,1,Decoration
ustc-32,135,1,Decoration
ustc-32,135,1,Initial
ustc-32,146,1,Content Illustration
ustc-32,146,2,Content Illustration
ustc-32,152,1,Decoration
ustc-32,153,1,Decoration
ustc-32,153,1,Initial
ustc-32,159,1,Decoration
ustc-32,159,1,Initial
ustc-32,165,1,Content Illustration
ustc-32,171,1,Decoration
ustc-32,171,1,Initial
ustc-32,174,1,Decoration
ustc-32,175,1,Decoration
ustc-32,175,1,Initial
ustc-32,195,1,Decoration
ustc-32,195,1,Initial
ustc-32,201,1,Decoration
ustc-32,202,1,Decoration
ustc-32,202,1,Initial
ustc-32,212,1,Decoration
ustc-32,212,1,Initial
ustc-32,225,1,Content Illustration
ustc-32,227,1,Content Illustration
ustc-32,229,1,Content Illustration
ustc-32,233,1,Content Illustration
ustc-32,235,1,Content Illustration
ustc-32,237,1,Content Illustration
ustc-32,240,1,Decoration
ustc-32,240,1,Initial
ustc-32,247,1,Decoration
ustc-32,247,1,Initial
ustc-32,251,1,Content Illustration
ustc-32,253,1,Content Illustration
ustc-32,255,1,Content Illustration
ustc-32,260,1,Content Illustration
ustc-32,263,1,Content Illustration
ustc-32,268,1,Content Illustration
ustc-32,271,1,Content Illustration
ustc-32,277,1,Content Illustration
ustc-32,298,1,Content Illustration
ustc-32,313,1,Printer's Mark
ustc-32,315,1,Decoration
ustc-32,315,1,Initial
ustc-32,320,1,Decoration
ustc-32,320,1,Initial
ustc-32,322,1,Decoration
ustc-32,323,1,Decoration
ustc-32,323,1,Initial
ustc-32,324,1,Decoration
ustc-32,335,1,Decoration
ustc-32,337,1,Decoration
ustc-32,337,1,Initial
ustc-32,345,1,Content Illustration
ustc-32,346,1,Content Illustration
ustc-32,352,1,Decoration
ustc-32,353,1,Decoration
ustc-32,353,1,Initial
ustc-32,358,1,Content Illustration
ustc-32,359,1,Content Illustration
ustc-32,361,1,Content Illustration
ustc-32,367,1,Content Illustration
ustc-32,390,1,Content Illustration
ustc-32,391,1,Content Illustration
ustc-32,391,2,Content Illustration
ustc-32,393,1,Content Illustration
ustc-32,394,1,Content Illustration
ustc-32,405,1,Decoration
ustc-32,406,1,Decoration
ustc-32,406,1,Initial
ustc-32,417,1,Decoration
ustc-32,417,1,Initial
ustc-32,432,1,Content Illustration
ustc-32,435,1,Decoration
ustc-32,436,1,Decoration
ustc-32,436,1,Initial
ustc-32,440,1,Decoration
ustc-32,441,1,Initial
ustc-32,453,1,Content Illustration
ustc-32,456,1,Content Illustration
ustc-32,458,1,Content Illustration
ustc-32,458,2,Content Illustration
ustc-32,459,1,Decoration
ustc-32,459,1,Initial
ustc-32,468,1,Content Illustration
ustc-32,472,1,Content Illustration
ustc-32,473,1,Content Illustration
ustc-32,474,1,Content Illustration
ustc-32,475,1,Content Illustration
ustc-32,490,1,Content Illustration
ustc-32,491,1,Content Illustration
ustc-32,491,2,Content Illustration
ustc-32,492,1,Decoration
ustc-32,493,1,Decoration
ustc-32,493,1,Initial
ustc-32,495,1,Content Illustration
ustc-32,496,1,Content Illustration
ustc-32,498,1,Content Illustration
ustc-32,499,1,Content Illustration
ustc-32,499,2,Content Illustration
ustc-32,500,1,Decoration
ustc-32,500,1,Initial
ustc-32,502,1,Content Illustration
ustc-32,534,1,Content Illustration
ustc-32,535,1,Decoration
ustc-32,535,1,Initial
ustc-32,542,1,Decoration
ustc-32,543,1,Decoration
ustc-32,543,1,Initial
ustc-32,552,1,Decoration
ustc-32,552,1,Initial
ustc-32,559,1,Content Illustration
ustc-32,564,1,Content Illustration
ustc-32,592,1,Printer's Mark
bib-128,1,1,Printer's Mark
bib-128,3,1,Initial
bib-128,9,1,Initial
bib-128,24,1,Content Illustration
bib-128,25,1,Content Illustration
bib-128,25,2,Content Illustration
bib-128,30,1,Initial
bib-128,33,1,Content Illustration
bib-128,42,1,Content Illustration
bib-128,47,1,Content Illustration
bib-128,48,1,Content Illustration
bib-128,48,2,Content Illustration
bib-128,51,1,Content Illustration
bib-128,51,2,Content Illustration
bib-128,58,1,Content Illustration
bib-128,58,2,Content Illustration
bib-128,61,1,Initial
bib-128,70,1,Content Illustration
bib-128,71,1,Content Illustration
bib-128,71,2,Content Illustration
bib-128,72,1,Content Illustration
bib-128,72,2,Content Illustration
bib-128,73,1,Content Illustration
bib-128,73,2,Content Illustration
bib-128,73,3,Content Illustration
bib-128,73,4,Content Illustration
bib-128,74,1,Content Illustration
bib-128,74,2,Content Illustration
bib-128,75,1,Content Illustration
bib-128,76,1,Content Illustration
bib-128,77,1,Content Illustration
bib-128,78,1,Content Illustration
bib-128,78,2,Content Illustration
bib-128,79,1,Content Illustration
bib-128,79,2,Content Illustration
bib-128,79,3,Content Illustration
bib-128,81,1,Content Illustration
bib-128,81,2,Content Illustration
bib-128,82,1,Content Illustration
bib-128,82,2,Content Illustration
bib-128,82,3,Content Illustration
bib-128,83,1,Content Illustration
bib-128,83,2,Content Illustration
bib-128,84,1,Content Illustration
bib-128,84,2,Content Illustration
bib-128,84,3,Content Illustration
bib-128,84,4,Content Illustration
bib-128,85,1,Content Illustration
bib-128,85,2,Content Illustration
bib-128,86,1,Content Illustration
bib-128,86,2,Content Illustration
bib-128,86,3,Content Illustration
bib-128,87,1,Content Illustration
bib-128,91,1,Content Illustration
bib-128,92,1,Content Illustration
bib-128,92,2,Content Illustration
bib-128,92,3,Content Illustration
bib-128,94,1,Content Illustration
bib-128,94,2,Content Illustration
bib-128,95,1,Content Illustration
bib-128,95,2,Content Illustration
bib-128,95,3,Content Illustration
bib-128,95,4,Content Illustration
bib-128,95,5,Content Illustration
bib-128,96,1,Content Illustration
bib-128,96,2,Content Illustration
bib-128,97,1,Content Illustration
bib-128,97,2,Content Illustration
bib-128,97,3,Content Illustration
bib-128,97,4,Content Illustration
bib-128,98,1,Content Illustration
bib-128,98,2,Content Illustration
bib-128,98,3,Content Illustration
bib-128,99,1,Content Illustration
bib-128,99,2,Content Illustration
bib-128,99,3,Content Illustration
bib-128,100,1,Content Illustration
bib-128,101,1,Content Illustration
bib-128,101,2,Content Illustration
bib-128,102,1,Content Illustration
bib-128,102,2,Content Illustration
bib-128,102,3,Content Illustration
bib-128,103,1,Content Illustration
bib-128,103,2,Content Illustration
bib-128,104,1,Content Illustration
bib-128,104,2,Content Illustration
bib-128,104,3,Content Illustration
bib-128,105,1,Content Illustration
bib-128,105,2,Content Illustration
bib-128,105,3,Content Illustration
bib-128,106,1,Content Illustration
bib-128,106,2,Content Illustration
bib-128,107,1,Content Illustration
bib-128,107,2,Content Illustration
bib-128,108,1,Content Illustration
bib-128,108,2,Content Illustration
bib-128,108,3,Content Illustration
bib-128,108,4,Content Illustration
bib-128,109,1,Content Illustration
bib-128,109,2,Content Illustration
bib-128,109,3,Content Illustration
bib-128,109,4,Content Illustration
bib-128,110,1,Content Illustration
bib-128,110,2,Content Illustration
bib-128,110,3,Content Illustration
bib-128,110,4,Content Illustration
bib-128,111,1,Content Illustration
bib-128,111,2,Content Illustration
bib-128,111,3,Content Illustration
bib-128,111,4,Content Illustration
bib-128,111,5,Content Illustration
bib-128,111,6,Content Illustration
bib-128,112,1,Content Illustration
bib-128,112,2,Content Illustration
bib-128,113,1,Content Illustration
bib-128,113,2,Content Illustration
bib-128,113,3,Content Illustration
bib-128,113,4,Content Illustration
bib-128,113,5,Content Illustration
bib-128,114,1,Content Illustration
bib-128,115,1,Content Illustration
bib-128,115,2,Content Illustration
bib-128,116,1,Content Illustration
bib-128,116,2,Content Illustration
bib-128,116,3,Content Illustration
bib-128,117,1,Content Illustration
bib-128,117,2,Content Illustration
bib-128,117,3,Content Illustration
bib-128,118,1,Content Illustration
bib-128,118,2,Content Illustration
bib-128,118,3,Content Illustration
bib-128,119,1,Content Illustration
bib-128,119,2,Content Illustration
bib-128,119,3,Content Illustration
bib-128,120,1,Content Illustration
bib-128,120,2,Content Illustration
bib-128,120,3,Content Illustration
bib-128,120,4,Content Illustration
bib-128,121,1,Content Illustration
bib-128,121,2,Content Illustration
bib-128,122,1,Content Illustration
bib-128,122,2,Content Illustration
bib-128,122,3,Content Illustration
bib-128,123,1,Content Illustration
bib-128,123,2,Content Illustration
bib-128,123,3,Content Illustration
bib-128,123,4,Content Illustration
bib-128,124,1,Content Illustration
bib-128,124,2,Content Illustration
bib-128,124,3,Content Illustration
bib-128,125,1,Content Illustration
bib-128,125,2,Content Illustration
bib-128,126,1,Content Illustration
bib-128,126,2,Content Illustration
bib-128,127,1,Content Illustration
bib-128,127,2,Content Illustration
bib-128,128,1,Content Illustration
bib-128,128,2,Content Illustration
bib-128,128,3,Content Illustration
bib-128,129,1,Content Illustration
bib-128,131,1,Content Illustration
bib-128,132,1,Content Illustration
bib-128,133,1,Content Illustration
bib-128,134,1,Content Illustration
bib-128,134,2,Content Illustration
bib-128,135,1,Content Illustration
bib-128,136,1,Content Illustration
bib-128,137,1,Content Illustration
bib-128,137,2,Content Illustration
bib-128,138,1,Content Illustration
bib-128,139,1,Content Illustration
bib-128,139,2,Content Illustration
bib-128,140,1,Content Illustration
bib-128,141,1,Content Illustration
bib-128,141,2,Content Illustration
bib-128,142,1,Content Illustration
bib-128,142,2,Content Illustration
bib-128,143,1,Content Illustration
bib-128,143,2,Content Illustration
bib-128,144,1,Content Illustration
bib-128,144,2,Content Illustration
bib-128,145,1,Content Illustration
bib-128,145,2,Content Illustration
bib-128,146,1,Content Illustration
bib-128,146,2,Content Illustration
bib-128,146,3,Content Illustration
bib-128,146,4,Content Illustration
bib-128,147,1,Content Illustration
bib-128,148,1,Content Illustration
bib-128,148,2,Content Illustration
bib-128,148,3,Content Illustration
bib-128,149,1,Content Illustration
bib-128,149,2,Content Illustration
bib-128,149,3,Content Illustration
bib-128,149,4,Content Illustration
bib-128,150,1,Content Illustration
bib-128,151,1,Content Illustration
bib-128,151,2,Content Illustration
bib-128,152,1,Content Illustration
bib-128,152,2,Content Illustration
bib-128,152,3,Content Illustration
bib-128,153,1,Content Illustration
bib-128,153,2,Content Illustration
bib-128,154,1,Content Illustration
bib-128,154,2,Content Illustration
bib-128,155,1,Content Illustration
bib-128,155,2,Content Illustration
bib-128,156,1,Content Illustration
bib-128,156,2,Content Illustration
bib-128,156,3,Content Illustration
bib-128,157,1,Content Illustration
bib-128,157,2,Content Illustration
bib-128,160,1,Content Illustration
bib-128,161,1,Content Illustration
bib-128,162,1,Content Illustration
bib-128,162,2,Content Illustration
bib-128,162,3,Content Illustration
bib-128,163,1,Content Illustration
bib-128,163,2,Content Illustration
bib-128,163,3,Content Illustration
bib-128,164,1,Content Illustration
bib-128,164,2,Content Illustration
bib-128,165,1,Content Illustration
bib-128,165,2,Content Illustration
bib-128,167,1,Content Illustration
bib-128,167,2,Content Illustration
bib-128,168,1,Content Illustration
bib-128,169,1,Content Illustration
bib-128,169,2,Content Illustration
bib-128,170,1,Content Illustration
bib-128,170,2,Content Illustration
bib-128,170,3,Content Illustration
bib-128,170,4,Content Illustration
bib-128,171,1,Content Illustration
bib-128,171,2,Content Illustration
bib-128,171,3,Content Illustration
bib-128,171,4,Content Illustration
bib-128,171,5,Content Illustration
bib-128,171,6,Content Illustration
bib-128,172,1,Content Illustration
bib-128,172,2,Content Illustration
bib-128,172,3,Content Illustration
bib-128,172,4,Content Illustration
bib-128,173,1,Content Illustration
bib-128,173,2,Content Illustration
bib-128,173,3,Content Illustration
bib-128,173,4,Content Illustration
bib-128,174,1,Content Illustration
bib-128,174,2,Content Illustration
bib-128,175,1,Content Illustration
bib-128,175,2,Content Illustration
bib-128,175,3,Content Illustration
bib-128,176,1,Content Illustration
bib-128,176,2,Content Illustration
bib-128,176,3,Content Illustration
bib-128,176,4,Content Illustration
bib-128,177,1,Content Illustration
bib-128,178,1,Content Illustration
bib-128,178,2,Content Illustration
bib-128,178,3,Content Illustration
bib-128,179,1,Content Illustration
bib-128,179,2,Content Illustration
bib-128,180,1,Content Illustration
bib-128,180,2,Content Illustration
bib-128,181,1,Content Illustration
bib-128,181,2,Content Illustration
bib-128,182,1,Content Illustration
bib-128,182,2,Content Illustration
bib-128,182,3,Content Illustration
bib-128,183,1,Content Illustration
bib-128,183,2,Content Illustration
bib-128,184,1,Content Illustration
bib-128,184,2,Content Illustration
bib-128,184,3,Content Illustration
bib-128,184,4,Content Illustration
bib-128,184,5,Content Illustration
bib-128,185,1,Content Illustration
bib-128,185,2,Content Illustration
bib-128,185,3,Content Illustration
bib-128,186,1,Content Illustration
bib-128,186,2,Content Illustration
bib-128,186,3,Content Illustration
bib-128,187,1,Content Illustration
bib-128,187,2,Content Illustration
bib-128,187,3,Content Illustration
bib-128,188,1,Content Illustration
bib-128,188,2,Content Illustration
bib-128,188,3,Content Illustration
bib-128,189,1,Content Illustration
bib-128,189,2,Content Illustration
bib-128,189,3,Content Illustration
bib-128,190,1,Content Illustration
bib-128,190,2,Content Illustration
bib-128,190,3,Content Illustration
bib-128,191,1,Content Illustration
bib-128,192,1,Content Illustration
bib-128,192,2,Content Illustration
bib-128,192,3,Content Illustration
bib-128,193,1,Content Illustration
bib-128,193,2,Content Illustration
bib-128,193,3,Content Illustration
bib-128,194,1,Content Illustration
bib-128,194,2,Content Illustration
bib-128,195,1,Content Illustration
bib-128,195,2,Content Illustration
bib-128,196,1,Content Illustration
bib-128,197,1,Content Illustration
bib-128,197,2,Content Illustration
bib-128,197,3,Content Illustration
bib-128,198,1,Content Illustration
bib-128,198,2,Content Illustration
bib-128,199,1,Content Illustration
bib-128,199,2,Content Illustration
bib-128,200,1,Content Illustration
bib-128,200,2,Content Illustration
bib-128,201,1,Content Illustration
bib-128,201,2,Content Illustration
bib-128,202,1,Content Illustration
bib-128,202,2,Content Illustration
bib-128,203,1,Content Illustration
bib-128,203,2,Content Illustration
bib-128,204,1,Content Illustration
bib-128,204,2,Content Illustration
bib-128,204,3,Content Illustration
bib-128,204,4,Content Illustration
bib-128,204,5,Content Illustration
bib-128,205,1,Content Illustration
bib-128,205,2,Content Illustration
bib-128,205,3,Content Illustration
bib-128,206,1,Content Illustration
bib-128,206,2,Content Illustration
bib-128,206,3,Content Illustration
bib-128,206,4,Content Illustration
bib-128,207,1,Content Illustration
bib-128,207,2,Content Illustration
bib-128,207,3,Content Illustration
bib-128,208,1,Content Illustration
bib-128,208,2,Content Illustration
bib-128,209,1,Content Illustration
bib-128,210,1,Content Illustration
bib-128,211,1,Content Illustration
bib-128,212,1,Content Illustration
bib-128,212,2,Content Illustration
bib-128,213,1,Content Illustration
bib-128,213,2,Content Illustration
bib-128,213,3,Content Illustration
bib-128,214,1,Content Illustration
bib-128,214,2,Content Illustration
bib-128,215,1,Content Illustration
bib-128,215,2,Content Illustration
bib-128,215,3,Content Illustration
bib-128,216,1,Content Illustration
bib-128,217,1,Content Illustration
bib-128,218,1,Content Illustration
bib-128,218,2,Content Illustration
bib-128,219,1,Content Illustration
bib-128,219,2,Content Illustration
bib-128,219,3,Content Illustration
bib-128,220,1,Content Illustration
bib-128,220,2,Content Illustration
bib-128,221,1,Content Illustration
bib-128,222,1,Content Illustration
bib-128,222,2,Content Illustration
bib-128,223,1,Content Illustration
bib-128,223,2,Content Illustration
bib-128,223,3,Content Illustration
bib-128,224,1,Content Illustration
bib-128,224,2,Content Illustration
bib-128,224,3,Content Illustration
bib-128,225,1,Content Illustration
bib-128,225,2,Content Illustration
bib-128,225,3,Content Illustration
bib-128,225,4,Content Illustration
bib-128,226,1,Content Illustration
bib-128,226,2,Content Illustration
bib-128,227,1,Content Illustration
bib-128,228,1,Content Illustration
bib-128,233,1,Content Illustration
bib-128,233,2,Content Illustration
bib-128,233,3,Content Illustration
bib-128,233,4,Content Illustration
bib-128,233,5,Content Illustration
bib-128,234,1,Content Illustration
bib-128,234,2,Content Illustration
bib-128,234,3,Content Illustration
bib-128,236,1,Content Illustration
bib-128,236,2,Content Illustration
bib-128,236,3,Content Illustration
bib-128,236,4,Content Illustration
bib-128,237,1,Content Illustration
bib-128,237,2,Content Illustration
bib-128,237,3,Content Illustration
bib-128,238,1,Content Illustration
bib-128,239,1,Content Illustration
bib-128,239,2,Content Illustration
bib-128,240,1,Content Illustration
bib-128,240,2,Content Illustration
bib-128,240,3,Content Illustration
bib-128,241,1,Content Illustration
bib-128,242,1,Content Illustration
bib-128,243,1,Content Illustration
bib-128,243,2,Content Illustration
bib-128,244,1,Content Illustration
bib-128,245,1,Content Illustration
bib-128,245,2,Content Illustration
bib-128,246,1,Content Illustration
bib-128,247,1,Content Illustration
bib-128,247,2,Content Illustration
bib-128,248,1,Content Illustration
bib-128,248,2,Content Illustration
bib-128,248,3,Content Illustration
bib-156,8,1,Content Illustration
bib-156,8,2,Content Illustration
bib-156,25,1,Content Illustration
bib-156,25,2,Content Illustration
bib-156,26,1,Content Illustration
bib-156,27,1,Content Illustration
bib-156,28,1,Content Illustration
bib-156,29,1,Content Illustration
bib-156,29,2,Content Illustration
bib-156,30,1,Content Illustration
bib-156,31,1,Content Illustration
bib-156,32,1,Content Illustration
bib-156,33,1,Content Illustration
bib-156,34,1,Content Illustration
bib-156,35,1,Content Illustration
bib-156,36,1,Content Illustration
bib-156,37,1,Content Illustration
bib-156,38,1,Content Illustration
bib-156,39,1,Content Illustration
bib-156,40,1,Content Illustration
bib-156,41,1,Content Illustration
bib-156,42,1,Content Illustration
bib-156,44,1,Content Illustration
bib-156,45,1,Content Illustration
bib-156,46,1,Content Illustration
bib-156,47,1,Content Illustration
bib-156,48,1,Content Illustration
bib-156,49,1,Content Illustration
bib-156,50,1,Content Illustration
bib-156,51,1,Content Illustration
bib-156,52,1,Content Illustration
bib-156,54,1,Content Illustration
bib-156,56,1,Content Illustration
bib-156,58,1,Content Illustration
bib-156,59,1,Content Illustration
bib-156,59,2,Content Illustration
bib-156,60,1,Content Illustration
bib-156,61,1,Content Illustration
bib-156,61,2,Content Illustration
bib-156,62,1,Content Illustration
bib-156,62,2,Content Illustration
bib-156,63,1,Content Illustration
bib-156,64,1,Content Illustration
bib-156,65,1,Content Illustration
bib-156,66,1,Content Illustration
bib-156,67,1,Content Illustration
bib-156,68,1,Content Illustration
bib-156,69,1,Content Illustration
bib-156,70,1,Content Illustration
bib-156,71,1,Content Illustration
bib-156,72,1,Content Illustration
bib-156,73,1,Content Illustration
bib-156,73,2,Content Illustration
bib-156,74,1,Content Illustration
bib-156,74,2,Content Illustration
bib-156,75,1,Content Illustration
bib-156,75,2,Content Illustration
bib-156,76,1,Content Illustration
bib-156,76,2,Content Illustration
bib-156,77,1,Content Illustration
bib-156,77,2,Content Illustration
bib-156,80,1,Content Illustration
bib-156,81,1,Content Illustration
bib-156,82,1,Content Illustration
bib-156,83,1,Content Illustration
bib-156,84,1,Content Illustration
bib-156,84,2,Content Illustration
bib-156,85,1,Content Illustration
bib-156,86,1,Content Illustration
bib-156,86,2,Content Illustration
bib-156,87,1,Content Illustration
bib-156,87,2,Content Illustration
bib-156,88,1,Content Illustration
bib-156,89,1,Content Illustration
bib-156,90,1,Content Illustration
bib-156,91,1,Content Illustration
bib-156,92,1,Content Illustration
bib-156,92,2,Content Illustration
bib-156,93,1,Content Illustration
bib-156,94,1,Content Illustration
bib-156,95,1,Content Illustration
bib-156,96,1,Content Illustration
bib-156,97,1,Content Illustration
bib-156,98,1,Content Illustration
bib-156,99,1,Content Illustration
bib-156,100,1,Content Illustration
bib-156,101,1,Content Illustration
bib-156,102,1,Content Illustration
bib-156,103,1,Content Illustration
bib-156,104,1,Content Illustration
bib-156,105,1,Content Illustration
bib-156,106,1,Content Illustration
bib-156,107,1,Content Illustration
bib-156,108,1,Content Illustration
bib-156,109,1,Content Illustration
bib-156,110,1,Content Illustration
bib-156,112,1,Content Illustration
bib-156,113,1,Content Illustration
bib-156,114,1,Content Illustration
bib-156,115,1,Content Illustration
bib-156,116,1,Content Illustration
bib-156,117,1,Content Illustration
bib-156,118,1,Content Illustration
bib-156,119,1,Content Illustration
bib-156,120,1,Content Illustration
bib-156,121,1,Content Illustration
bib-156,122,1,Content Illustration
bib-156,123,1,Content Illustration
bib-156,123,2,Content Illustration
bib-156,124,1,Content Illustration
bib-156,124,2,Content Illustration
bib-156,125,1,Content Illustration
bib-156,125,2,Content Illustration
bib-156,126,1,Content Illustration
bib-156,126,2,Content Illustration
bib-156,127,1,Content Illustration
bib-156,128,1,Content Illustration
bib-156,129,1,Content Illustration
bib-156,129,2,Content Illustration
bib-156,130,1,Content Illustration
bib-156,131,1,Content Illustration
bib-156,132,1,Content Illustration
bib-156,134,1,Content Illustration
bib-156,135,1,Content Illustration
bib-156,136,1,Content Illustration
bib-156,137,1,Content Illustration
bib-156,138,1,Content Illustration
bib-156,139,1,Content Illustration
bib-156,139,2,Content Illustration
bib-156,140,1,Content Illustration
bib-156,141,1,Content Illustration
bib-156,142,1,Content Illustration
bib-156,143,1,Content Illustration
bib-156,144,1,Content Illustration
bib-156,145,1,Content Illustration
bib-156,146,1,Content Illustration
bib-156,148,1,Content Illustration
bib-156,150,1,Content Illustration
bib-156,151,1,Content Illustration
bib-156,152,1,Content Illustration
bib-156,154,1,Content Illustration
bib-156,154,2,Content Illustration
bib-156,155,1,Content Illustration
bib-156,155,2,Content Illustration
bib-156,156,1,Content Illustration
bib-156,157,1,Content Illustration
bib-156,158,1,Content Illustration
bib-156,158,2,Content Illustration
bib-156,159,1,Content Illustration
bib-156,161,1,Content Illustration
bib-156,161,2,Content Illustration
bib-156,163,1,Content Illustration
bib-156,164,1,Content Illustration
bib-156,165,1,Content Illustration
bib-156,166,1,Content Illustration
bib-156,169,1,Content Illustration
bib-156,170,1,Content Illustration
bib-156,171,1,Content Illustration
bib-156,172,1,Content Illustration
bib-156,174,1,Content Illustration
bib-156,175,1,Content Illustration
bib-156,175,2,Content Illustration
bib-156,176,1,Content Illustration
bib-156,177,1,Content Illustration
bib-156,178,1,Content Illustration
bib-156,180,1,Content Illustration
bib-156,181,1,Content Illustration
bib-156,182,1,Content Illustration
bib-156,183,1,Content Illustration
bib-156,184,1,Content Illustration
bib-156,185,1,Content Illustration
bib-156,186,1,Content Illustration
bib-156,187,1,Content Illustration
bib-156,188,1,Content Illustration
bib-156,189,1,Content Illustration
bib-156,190,1,Content Illustration
bib-156,192,1,Content Illustration
bib-156,194,1,Content Illustration
bib-156,195,1,Content Illustration
bib-156,196,1,Content Illustration
bib-156,196,2,Content Illustration
bib-156,197,1,Content Illustration
bib-156,198,1,Content Illustration
bib-156,199,1,Content Illustration
bib-156,200,1,Content Illustration
bib-156,202,1,Content Illustration
bib-156,203,1,Content Illustration
bib-156,204,1,Content Illustration
bib-156,205,1,Content Illustration
bib-156,205,2,Content Illustration
bib-156,206,1,Content Illustration
bib-156,207,1,Content Illustration
bib-156,208,1,Content Illustration
bib-156,208,2,Content Illustration
bib-156,210,1,Content Illustration
bib-156,211,1,Content Illustration
bib-156,212,1,Content Illustration
bib-156,214,1,Content Illustration
bib-156,214,2,Content Illustration
bib-156,217,1,Content Illustration
bib-156,218,1,Content Illustration
bib-156,218,2,Content Illustration
bib-156,219,1,Content Illustration
bib-156,220,1,Content Illustration
bib-156,221,1,Content Illustration
bib-156,222,1,Content Illustration
bib-156,222,2,Content Illustration
bib-156,223,1,Content Illustration
bib-156,223,2,Content Illustration
bib-156,225,1,Content Illustration
bib-156,226,1,Content Illustration
bib-156,227,1,Content Illustration
bib-156,228,1,Content Illustration
bib-156,231,1,Content Illustration
bib-156,232,1,Content Illustration
bib-156,233,1,Content Illustration
bib-156,234,1,Content Illustration
bib-156,235,1,Content Illustration
bib-156,235,2,Content Illustration
bib-156,235,3,Content Illustration
bib-156,235,4,Content Illustration
bib-156,236,1,Content Illustration
bib-156,238,1,Content Illustration
bib-156,239,1,Content Illustration
bib-156,240,1,Content Illustration
bib-156,241,1,Content Illustration
bib-156,242,1,Content Illustration
bib-156,243,1,Content Illustration
bib-156,244,1,Content Illustration
bib-156,246,1,Content Illustration
bib-156,248,1,Content Illustration
bib-156,248,2,Content Illustration
bib-156,248,3,Content Illustration
bib-156,249,1,Content Illustration
bib-156,249,2,Content Illustration
bib-156,252,1,Content Illustration
bib-156,253,1,Content Illustration
bib-156,254,1,Content Illustration
bib-156,254,2,Content Illustration
bib-156,254,3,Content Illustration
bib-156,255,1,Content Illustration
bib-156,256,1,Content Illustration
bib-156,257,1,Content Illustration
bib-156,258,1,Content Illustration
bib-156,259,1,Content Illustration
bib-156,260,1,Content Illustration
bib-156,261,1,Content Illustration
bib-156,262,1,Content Illustration
bib-156,263,1,Content Illustration
bib-156,264,1,Content Illustration
bib-156,264,2,Content Illustration
bib-156,266,1,Content Illustration
bib-156,266,2,Content Illustration
bib-156,268,1,Content Illustration
bib-156,268,2,Content Illustration
bib-156,270,1,Content Illustration
bib-156,272,1,Content Illustration
bib-156,274,1,Content Illustration
ZGOHUR,2,1,Content Illustration
ZGOHUR,5,1,Content Illustration
ZGOHUR,7,1,Decoration
ZGOHUR,7,1,Initial
ZGOHUR,8,1,Decoration
ZGOHUR,9,1,Decoration
ZGOHUR,9,1,Initial
ZGOHUR,10,1,Decoration
ZGOHUR,11,1,Initial
ZGOHUR,21,1,Decoration
ZGOHUR,21,1,Initial
ZGOHUR,22,1,Initial
ZGOHUR,25,1,Content Illustration
ZGOHUR,29,1,Content Illustration
ZGOHUR,30,1,Decoration
ZGOHUR,30,2,Decoration
ZGOHUR,31,1,Content Illustration
ZGOHUR,31,1,Initial
ZGOHUR,32,1,Content Illustration
ZGOHUR,33,1,Content Illustration
ZGOHUR,34,1,Content Illustration
ZGOHUR,35,1,Content Illustration
ZGOHUR,35,2,Content Illustration
ZGOHUR,36,1,Content Illustration
ZGOHUR,38,1,Content Illustration
ZGOHUR,39,1,Content Illustration
ZGOHUR,39,1,Initial
ZGOHUR,40,1,Content Illustration
ZGOHUR,41,1,Content Illustration
ZGOHUR,42,1,Content Illustration
ZGOHUR,43,1,Content Illustration
ZGOHUR,44,1,Content Illustration
ZGOHUR,45,1,Content Illustration
ZGOHUR,45,2,Content Illustration
ZGOHUR,46,1,Content Illustration
ZGOHUR,46,2,Content Illustration
ZGOHUR,46,3,Content Illustration
ZGOHUR,48,1,Content Illustration
ZGOHUR,48,2,Content Illustration
ZGOHUR,48,3,Content Illustration
ZGOHUR,48,4,Content Illustration
ZGOHUR,48,5,Content Illustration
ZGOHUR,48,6,Content Illustration
ZGOHUR,49,1,Content Illustration
ZGOHUR,50,1,Content Illustration
ZGOHUR,50,2,Content Illustration
ZGOHUR,50,3,Content Illustration
ZGOHUR,51,1,Content Illustration
ZGOHUR,52,1,Content Illustration
ZGOHUR,53,1,Content Illustration
ZGOHUR,53,2,Content Illustration
ZGOHUR,54,1,Content Illustration
ZGOHUR,55,1,Content Illustration
ZGOHUR,55,2,Content Illustration
ZGOHUR,56,1,Content Illustration
ZGOHUR,56,2,Content Illustration
ZGOHUR,57,1,Content Illustration
ZGOHUR,58,1,Content Illustration
ZGOHUR,60,1,Content Illustration
ZGOHUR,61,1,Content Illustration
ZGOHUR,62,1,Content Illustration
ZGOHUR,63,1,Content Illustration
ZGOHUR,64,1,Content Illustration
ZGOHUR,65,1,Content Illustration
ZGOHUR,67,1,Content Illustration
ZGOHUR,68,1,Content Illustration
ZGOHUR,69,1,Content Illustration
ZGOHUR,70,1,Content Illustration
ZGOHUR,71,1,Content Illustration
ZGOHUR,71,2,Content Illustration
ZGOHUR,72,1,Content Illustration
ZGOHUR,73,1,Content Illustration
ZGOHUR,73,2,Content Illustration
ZGOHUR,73,3,Content Illustration
ZGOHUR,74,1,Table
ZGOHUR,75,1,Content Illustration
ZGOHUR,76,1,Decoration
ZGOHUR,79,1,Content Illustration
ZGOHUR,79,2,Content Illustration
ZGOHUR,80,1,Content Illustration
ZGOHUR,81,1,Decoration
ZGOHUR,82,1,Decoration
ZGOHUR,83,1,Decoration
ZGOHUR,85,1,Decoration
ZGOHUR,86,1,Decoration
ZGOHUR,87,1,Decoration
ZGOHUR,88,1,Decoration
ZGOHUR,89,1,Decoration
ZGOHUR,90,1,Decoration
ZGOHUR,91,1,Decoration
ZGOHUR,92,1,Decoration
ZGOHUR,95,1,Decoration
ZGOHUR,96,1,Decoration
ZGOHUR,99,1,Content Illustration
ZGOHUR,100,1,Content Illustration
ZGOHUR,101,1,Content Illustration
ZGOHUR,102,1,Content Illustration
ZGOHUR,102,2,Content Illustration
ZGOHUR,103,1,Content Illustration
ZGOHUR,104,1,Content Illustration
ZGOHUR,106,1,Content Illustration
ZGOHUR,107,1,Content Illustration
ZGOHUR,109,1,Content Illustration
ZGOHUR,110,1,Content Illustration
ZGOHUR,111,1,Content Illustration
ZGOHUR,111,2,Content Illustration
ZGOHUR,112,1,Content Illustration
ZGOHUR,112,2,Content Illustration
ZGOHUR,113,1,Content Illustration
ZGOHUR,114,1,Content Illustration
ZGOHUR,114,2,Content Illustration
ZGOHUR,115,1,Content Illustration
ZGOHUR,116,1,Content Illustration
ZGOHUR,118,1,Content Illustration
ZGOHUR,118,2,Content Illustration
ZGOHUR,119,1,Content Illustration
ZGOHUR,120,1,Content Illustration
ZGOHUR,120,2,Content Illustration
ZGOHUR,120,3,Content Illustration
ZGOHUR,121,1,Content Illustration
ZGOHUR,122,1,Content Illustration
ZGOHUR,122,2,Content Illustration
ZGOHUR,123,1,Content Illustration
ZGOHUR,124,1,Content Illustration
ZGOHUR,125,1,Content Illustration
ZGOHUR,126,1,Content Illustration
ZGOHUR,127,1,Content Illustration
ZGOHUR,128,1,Content Illustration
ZGOHUR,129,1,Content Illustration
ZGOHUR,130,1,Content Illustration
ZGOHUR,131,1,Table
ZGOHUR,132,1,Table
ZGOHUR,133,1,Table
ZGOHUR,134,1,Table
ZGOHUR,135,1,Content Illustration
ZGOHUR,136,1,Content Illustration
ZGOHUR,137,1,Content Illustration
ZGOHUR,139,1,Content Illustration
ZGOHUR,139,2,Content Illustration
ZGOHUR,139,3,Content Illustration
ZGOHUR,139,4,Content Illustration
ZGOHUR,139,5,Content Illustration
ZGOHUR,141,1,Content Illustration
ZGOHUR,141,2,Content Illustration
ZGOHUR,141,3,Content Illustration
ZGOHUR,142,1,Content Illustration
ZGOHUR,142,2,Content Illustration
ZGOHUR,143,1,Content Illustration
ZGOHUR,144,1,Content Illustration
ZGOHUR,145,1,Content Illustration
ZGOHUR,145,2,Content Illustration
ZGOHUR,145,3,Content Illustration
ZGOHUR,145,4,Content Illustration
ZGOHUR,145,5,Content Illustration
ZGOHUR,146,1,Content Illustration
ZGOHUR,146,2,Content Illustration
ZGOHUR,150,1,Content Illustration
ZGOHUR,151,1,Content Illustration
ZGOHUR,152,1,Content Illustration
ZGOHUR,152,2,Content Illustration
ZGOHUR,152,3,Content Illustration
ZGOHUR,152,4,Content Illustration
ZGOHUR,154,1,Content Illustration
ZGOHUR,156,1,Content Illustration
ZGOHUR,157,1,Content Illustration
ZGOHUR,158,1,Content Illustration
ZGOHUR,159,1,Content Illustration
ZGOHUR,160,1,Content Illustration
ZGOHUR,161,1,Decoration
ZGOHUR,161,1,Initial
ZGOHUR,161,2,Initial
ZGOHUR,163,1,Content Illustration
ZGOHUR,163,2,Content Illustration
ZGOHUR,163,3,Content Illustration
ZGOHUR,164,1,Content Illustration
ZGOHUR,166,1,Content Illustration
ZGOHUR,168,1,Content Illustration
ZGOHUR,169,1,Content Illustration
ZGOHUR,170,1,Content Illustration
ZGOHUR,172,1,Content Illustration
ZGOHUR,174,1,Content Illustration
ZGOHUR,175,1,Content Illustration
ZGOHUR,176,1,Content Illustration
ZGOHUR,176,2,Content Illustration
ZGOHUR,176,3,Content Illustration
ZGOHUR,177,1,Content Illustration
ZGOHUR,178,1,Content Illustration
ZGOHUR,179,1,Content Illustration
ZGOHUR,180,1,Content Illustration
ZGOHUR,182,1,Content Illustration
ZGOHUR,184,1,Content Illustration
ZGOHUR,186,1,Content Illustration
ZGOHUR,188,1,Content Illustration
ZGOHUR,189,1,Content Illustration
ZGOHUR,190,1,Content Illustration
ZGOHUR,192,1,Content Illustration
ZGOHUR,193,1,Content Illustration
ZGOHUR,195,1,Content Illustration
ZGOHUR,196,1,Content Illustration
ZGOHUR,199,1,Content Illustration
ZGOHUR,206,1,Content Illustration
ZGOHUR,206,2,Content Illustration
ZGOHUR,208,1,Content Illustration
ZGOHUR,209,1,Content Illustration
ZGOHUR,210,1,Content Illustration
ZGOHUR,213,1,Content Illustration
ZGOHUR,214,1,Content Illustration
ZGOHUR,219,1,Content Illustration
ZGOHUR,221,1,Content Illustration
ZGOHUR,222,1,Content Illustration
ZGOHUR,224,1,Content Illustration
ZGOHUR,225,1,Content Illustration
ZGOHUR,225,2,Content Illustration
ZGOHUR,226,1,Content Illustration
ZGOHUR,226,2,Content Illustration
ZGOHUR,228,1,Content Illustration
ZGOHUR,230,1,Content Illustration
ZGOHUR,232,1,Content Illustration
ZGOHUR,233,1,Content Illustration
ZGOHUR,234,1,Content Illustration
ZGOHUR,235,1,Content Illustration
ZGOHUR,236,1,Content Illustration
ZGOHUR,238,1,Content Illustration
ZGOHUR,240,1,Content Illustration
ZGOHUR,242,1,Content Illustration
ZGOHUR,243,1,Content Illustration
ZGOHUR,244,1,Content Illustration
ZGOHUR,244,2,Content Illustration
ZGOHUR,246,1,Content Illustration
ZGOHUR,247,1,Content Illustration
ZGOHUR,248,1,Content Illustration
ZGOHUR,249,1,Content Illustration
ZGOHUR,250,1,Content Illustration
ZGOHUR,252,1,Content Illustration
ZGOHUR,254,1,Content Illustration
ZGOHUR,254,2,Content Illustration
ZGOHUR,256,1,Content Illustration
ZGOHUR,257,1,Content Illustration
ZGOHUR,258,1,Content Illustration
ZGOHUR,259,1,Content Illustration
ZGOHUR,260,1,Content Illustration
ZGOHUR,261,1,Content Illustration
ZGOHUR,262,1,Content Illustration
ZGOHUR,264,1,Content Illustration
ZGOHUR,264,2,Content Illustration
ZGOHUR,265,1,Content Illustration
ZGOHUR,266,1,Content Illustration
ZGOHUR,268,1,Content Illustration
ZGOHUR,268,2,Content Illustration
ZGOHUR,270,1,Content Illustration
ZGOHUR,273,1,Content Illustration
ZGOHUR,276,1,Content Illustration
ZGOHUR,277,1,Content Illustration
ZGOHUR,278,1,Content Illustration
ZGOHUR,281,1,Content Illustration
ZGOHUR,282,1,Content Illustration
ZGOHUR,283,1,Content Illustration
ZGOHUR,284,1,Content Illustration
ZGOHUR,285,1,Content Illustration
ZGOHUR,287,1,Content Illustration
ZGOHUR,289,1,Content Illustration
ZGOHUR,290,1,Content Illustration
ZGOHUR,293,1,Content Illustration
ZGOHUR,294,1,Content Illustration
ZGOHUR,295,1,Content Illustration
ZGOHUR,298,1,Content Illustration
ZGOHUR,299,1,Content Illustration
ZGOHUR,300,1,Content Illustration
ZGOHUR,301,1,Content Illustration
ZGOHUR,303,1,Content Illustration
ZGOHUR,303,2,Content Illustration
ZGOHUR,304,1,Content Illustration
ZGOHUR,306,1,Content Illustration
ZGOHUR,308,1,Content Illustration
ZGOHUR,310,1,Content Illustration
ZGOHUR,312,1,Content Illustration
ZGOHUR,313,1,Decoration
ZGOHUR,313,1,Initial
ZGOHUR,314,1,Content Illustration
ZGOHUR,314,1,Initial
ZGOHUR,316,1,Content Illustration
ZGOHUR,318,1,Content Illustration
ZGOHUR,320,1,Content Illustration
ZGOHUR,324,1,Content Illustration
ZGOHUR,326,1,Content Illustration
ZGOHUR,328,1,Content Illustration
ZGOHUR,331,1,Content Illustration
ZGOHUR,333,1,Content Illustration
ZGOHUR,334,1,Content Illustration
ZGOHUR,339,1,Content Illustration
ZGOHUR,339,2,Content Illustration
ZGOHUR,341,1,Content Illustration
ZGOHUR,343,1,Content Illustration
ZGOHUR,344,1,Content Illustration
ZGOHUR,345,1,Content Illustration
ZGOHUR,346,1,Content Illustration
ZGOHUR,347,1,Content Illustration
ZGOHUR,348,1,Content Illustration
ZGOHUR,350,1,Content Illustration
ZGOHUR,352,1,Content Illustration
ZGOHUR,356,1,Content Illustration
ZGOHUR,359,1,Content Illustration
ZGOHUR,360,1,Content Illustration
ZGOHUR,361,1,Content Illustration
ZGOHUR,362,1,Content Illustration
ZGOHUR,365,1,Content Illustration
ZGOHUR,366,1,Content Illustration
ZGOHUR,367,1,Content Illustration
ZGOHUR,368,1,Content Illustration
ZGOHUR,369,1,Content Illustration
ZGOHUR,371,1,Content Illustration
ZGOHUR,373,1,Content Illustration
ZGOHUR,375,1,Content Illustration
ZGOHUR,376,1,Content Illustration
ZGOHUR,377,1,Content Illustration
ZGOHUR,378,1,Content Illustration
ZGOHUR,379,1,Content Illustration
ZGOHUR,380,1,Content Illustration
ZGOHUR,381,1,Content Illustration
ZGOHUR,382,1,Content Illustration
ZGOHUR,383,1,Content Illustration
ZGOHUR,384,1,Content Illustration
ZGOHUR,385,1,Content Illustration
ZGOHUR,387,1,Content Illustration
ZGOHUR,390,1,Content Illustration
ZGOHUR,391,1,Content Illustration
ZGOHUR,391,1,Decoration
ZGOHUR,392,1,Content Illustration
ZGOHUR,392,1,Decoration
ZGOHUR,394,1,Content Illustration
ZGOHUR,394,1,Decoration
ZGOHUR,396,1,Content Illustration
ZGOHUR,396,1,Decoration
ZGOHUR,398,1,Content Illustration
ZGOHUR,398,1,Decoration
ZGOHUR,400,1,Content Illustration
ZGOHUR,410,1,Content Illustration
ZGOHUR,411,1,Content Illustration
ZGOHUR,412,1,Content Illustration
ZGOHUR,413,1,Content Illustration
ZGOHUR,414,1,Content Illustration
ZGOHUR,415,1,Content Illustration
ZGOHUR,416,1,Content Illustration
ZGOHUR,417,1,Content Illustration
ZGOHUR,417,2,Content Illustration
ZGOHUR,420,1,Content Illustration
ZGOHUR,422,1,Content Illustration
ZGOHUR,423,1,Content Illustration
ZGOHUR,424,1,Content Illustration
ZGOHUR,425,1,Content Illustration
ZGOHUR,427,1,Content Illustration
ZGOHUR,427,1,Decoration
ZGOHUR,428,1,Content Illustration
ZGOHUR,429,1,Content Illustration
ZGOHUR,432,1,Content Illustration
ZGOHUR,433,1,Content Illustration
ZGOHUR,434,1,Decoration
ZGOHUR,434,1,Initial
ZGOHUR,434,2,Initial
ZGOHUR,435,1,Content Illustration
ZGOHUR,437,1,Content Illustration
ZGOHUR,437,2,Content Illustration
ZGOHUR,438,1,Content Illustration
ZGOHUR,439,1,Content Illustration
ZGOHUR,441,1,Content Illustration
ZGOHUR,442,1,Content Illustration
ZGOHUR,443,1,Content Illustration
ZGOHUR,445,1,Content Illustration
ZGOHUR,448,1,Content Illustration
ZGOHUR,450,1,Content Illustration
ZGOHUR,450,2,Content Illustration
ZGOHUR,451,1,Content Illustration
ZGOHUR,452,1,Content Illustration
ZGOHUR,452,2,Content Illustration
ZGOHUR,453,1,Content Illustration
ZGOHUR,454,1,Content Illustration
ZGOHUR,456,1,Content Illustration
ZGOHUR,457,1,Content Illustration
ZGOHUR,458,1,Content Illustration
ZGOHUR,460,1,Content Illustration
ZGOHUR,463,1,Content Illustration
ZGOHUR,467,1,Decoration
ZGOHUR,467,1,Initial
ZGOHUR,467,2,Initial
ZGOHUR,470,1,Content Illustration
ZGOHUR,473,1,Content Illustration
ZGOHUR,474,1,Content Illustration
ZGOHUR,476,1,Content Illustration
ZGOHUR,478,1,Content Illustration
ZGOHUR,485,1,Decoration
ZGOHUR,494,1,Content Illustration
ZGOHUR,505,1,Content Illustration
ZGOHUR,506,1,Content Illustration
ZGOHUR,506,2,Content Illustration
ZGOHUR,506,3,Content Illustration
ZGOHUR,508,1,Content Illustration
ZGOHUR,512,1,Content Illustration
ZGOHUR,515,1,Content Illustration
ZGOHUR,519,1,Content Illustration
ZGOHUR,522,1,Content Illustration
ZGOHUR,525,1,Content Illustration
ZGOHUR,528,1,Content Illustration
ZGOHUR,531,1,Content Illustration
ZGOHUR,533,1,Content Illustration
ZGOHUR,536,1,Content Illustration
ZGOHUR,538,1,Content Illustration
ZGOHUR,540,1,Content Illustration
ZGOHUR,542,1,Content Illustration
ZGOHUR,544,1,Content Illustration
ZGOHUR,546,1,Content Illustration
ZGOHUR,548,1,Decoration
ZGOHUR,548,1,Initial
ZGOHUR,548,2,Initial
ZGOHUR,549,1,Content Illustration
ZGOHUR,550,1,Content Illustration
ZGOHUR,552,1,Content Illustration
ZGOHUR,553,1,Content Illustration
ZGOHUR,554,1,Content Illustration
ZGOHUR,556,1,Content Illustration
ZGOHUR,557,1,Content Illustration
ZGOHUR,557,2,Content Illustration
ZGOHUR,558,1,Content Illustration
ZGOHUR,558,2,Content Illustration
ZGOHUR,559,1,Content Illustration
ZGOHUR,561,1,Content Illustration
ZGOHUR,562,1,Content Illustration
ZGOHUR,563,1,Content Illustration
ZGOHUR,565,1,Content Illustration
ZGOHUR,566,1,Content Illustration
ZGOHUR,568,1,Content Illustration
ZGOHUR,568,2,Content Illustration
ZGOHUR,569,1,Content Illustration
ZGOHUR,570,1,Content Illustration
ZGOHUR,572,1,Content Illustration
ZGOHUR,572,2,Content Illustration
ZGOHUR,573,1,Content Illustration
ZGOHUR,574,1,Content Illustration
ZGOHUR,575,1,Content Illustration
ZGOHUR,576,1,Content Illustration
ZGOHUR,578,1,Content Illustration
ZGOHUR,583,1,Content Illustration
ZGOHUR,584,1,Content Illustration
ZGOHUR,588,1,Content Illustration
ZGOHUR,590,1,Content Illustration
ZGOHUR,593,1,Content Illustration
ZGOHUR,595,1,Decoration
ZGOHUR,595,1,Initial
ZGOHUR,595,2,Initial
ZGOHUR,596,1,Content Illustration
ZGOHUR,597,1,Content Illustration
ZGOHUR,599,1,Content Illustration
ZGOHUR,600,1,Content Illustration
ZGOHUR,601,1,Content Illustration
ZGOHUR,604,1,Content Illustration
ZGOHUR,605,1,Content Illustration
ZGOHUR,606,1,Content Illustration
ZGOHUR,607,1,Content Illustration
ZGOHUR,609,1,Content Illustration
ZGOHUR,610,1,Content Illustration
ZGOHUR,610,2,Content Illustration
ZGOHUR,611,1,Content Illustration
ZGOHUR,611,2,Content Illustration
ZGOHUR,612,1,Content Illustration
ZGOHUR,612,2,Content Illustration
ZGOHUR,613,1,Content Illustration
ZGOHUR,615,1,Content Illustration
ZGOHUR,615,2,Content Illustration
ZGOHUR,616,1,Content Illustration
ZGOHUR,617,1,Content Illustration
ZGOHUR,618,1,Content Illustration
ZGOHUR,620,1,Content Illustration
ZGOHUR,621,1,Content Illustration
ZGOHUR,622,1,Content Illustration
ZGOHUR,624,1,Content Illustration
ZGOHUR,626,1,Content Illustration
ZGOHUR,627,1,Content Illustration
ZGOHUR,629,1,Content Illustration
ZGOHUR,630,1,Content Illustration
ZGOHUR,631,1,Content Illustration
ZGOHUR,631,1,Decoration
ZGOHUR,632,1,Content Illustration
ZGOHUR,633,1,Content Illustration
ZGOHUR,634,1,Content Illustration
ZGOHUR,635,1,Content Illustration
ZGOHUR,637,1,Content Illustration
ZGOHUR,637,2,Content Illustration
ZGOHUR,638,1,Content Illustration
ZGOHUR,638,2,Content Illustration
ZGOHUR,639,1,Content Illustration
ZGOHUR,639,1,Decoration
ZGOHUR,639,2,Decoration
ZGOHUR,641,1,Content Illustration
ZGOHUR,641,2,Content Illustration
ZGOHUR,642,1,Content Illustration
ZGOHUR,643,1,Content Illustration
ZGOHUR,644,1,Content Illustration
ZGOHUR,645,1,Content Illustration
ZGOHUR,646,1,Content Illustration
ZGOHUR,646,2,Content Illustration
ZGOHUR,647,1,Content Illustration
ZGOHUR,648,1,Content Illustration
ZGOHUR,649,1,Content Illustration
ZGOHUR,650,1,Content Illustration
ZGOHUR,650,2,Content Illustration
ZGOHUR,653,1,Content Illustration
ZGOHUR,654,1,Content Illustration
ZGOHUR,654,1,Decoration
ZGOHUR,654,1,Initial
ZGOHUR,654,2,Initial
ZGOHUR,655,1,Content Illustration
ZGOHUR,656,1,Content Illustration
ZGOHUR,658,1,Content Illustration
ZGOHUR,660,1,Content Illustration
ZGOHUR,665,1,Content Illustration
ZGOHUR,665,2,Content Illustration
ZGOHUR,667,1,Content Illustration
ZGOHUR,668,1,Content Illustration
ZGOHUR,671,1,Content Illustration
ZGOHUR,672,1,Content Illustration
ZGOHUR,673,1,Content Illustration
ZGOHUR,674,1,Content Illustration
ZGOHUR,675,1,Printer's Mark
bib-19,1,1,Decoration
bib-19,3,1,Initial
bib-19,9,1,Initial
bib-19,10,1,Content Illustration
bib-19,10,1,Initial
bib-19,11,1,Content Illustration
bib-19,11,2,Content Illustration
bib-19,12,1,Content Illustration
bib-19,12,2,Content Illustration
bib-19,12,3,Content Illustration
bib-19,12,4,Content Illustration
bib-19,12,5,Content Illustration
bib-19,12,6,Content Illustration
bib-19,13,1,Content Illustration
bib-19,13,2,Content Illustration
bib-19,13,3,Content Illustration
bib-19,13,4,Content Illustration
bib-19,13,5,Content Illustration
bib-19,14,1,Content Illustration
bib-19,14,2,Content Illustration
bib-19,15,1,Content Illustration
bib-19,15,2,Content Illustration
bib-19,15,3,Content Illustration
bib-19,15,4,Content Illustration
bib-19,15,5,Content Illustration
bib-19,16,1,Content Illustration
bib-19,16,2,Content Illustration
bib-19,16,3,Content Illustration
bib-19,16,4,Content Illustration
bib-19,16,5,Content Illustration
bib-19,17,1,Content Illustration
bib-19,17,2,Content Illustration
bib-19,17,3,Content Illustration
bib-19,17,4,Content Illustration
bib-19,17,5,Content Illustration
bib-19,18,1,Content Illustration
bib-19,18,2,Content Illustration
bib-19,18,3,Content Illustration
bib-19,18,4,Content Illustration
bib-19,19,1,Content Illustration
bib-19,19,2,Content Illustration
bib-19,19,3,Content Illustration
bib-19,19,4,Content Illustration
bib-19,19,5,Content Illustration
bib-19,19,6,Content Illustration
bib-19,20,1,Content Illustration
bib-19,20,2,Content Illustration
bib-19,20,3,Content Illustration
bib-19,20,4,Content Illustration
bib-19,20,5,Content Illustration
bib-19,20,6,Content Illustration
bib-19,20,7,Content Illustration
bib-19,21,1,Content Illustration
bib-19,21,2,Content Illustration
bib-19,21,3,Content Illustration
bib-19,21,1,Initial
bib-19,22,1,Content Illustration
bib-19,22,2,Content Illustration
bib-19,23,1,Content Illustration
bib-19,23,2,Content Illustration
bib-19,23,3,Content Illustration
bib-19,23,1,Initial
bib-19,24,1,Initial
bib-19,25,1,Content Illustration
bib-19,25,1,Initial
bib-19,25,2,Initial
bib-19,26,1,Content Illustration
bib-19,26,2,Content Illustration
bib-19,26,1,Initial
bib-19,26,2,Initial
bib-19,27,1,Content Illustration
bib-19,27,2,Content Illustration
bib-19,27,3,Content Illustration
bib-19,27,1,Initial
bib-19,28,1,Content Illustration
bib-19,28,2,Content Illustration
bib-19,29,1,Content Illustration
bib-19,29,2,Content Illustration
bib-19,30,1,Content Illustration
bib-19,30,2,Content Illustration
bib-19,31,1,Content Illustration
bib-19,32,1,Content Illustration
bib-19,32,2,Content Illustration
bib-19,34,1,Content Illustration
bib-19,34,2,Content Illustration
bib-19,35,1,Content Illustration
bib-19,35,2,Content Illustration
bib-19,35,3,Content Illustration
bib-19,36,1,Content Illustration
bib-19,36,2,Content Illustration
bib-19,37,1,Content Illustration
bib-19,43,1,Content Illustration
bib-19,43,2,Content Illustration
bib-19,44,1,Content Illustration
bib-19,44,2,Content Illustration
bib-19,45,1,Content Illustration
bib-19,45,2,Content Illustration
bib-19,45,3,Content Illustration
bib-19,46,1,Content Illustration
bib-19,46,2,Content Illustration
bib-19,46,3,Content Illustration
bib-19,47,1,Content Illustration
bib-19,47,2,Content Illustration
bib-19,47,3,Content Illustration
bib-19,48,1,Content Illustration
bib-19,48,2,Content Illustration
bib-19,49,1,Content Illustration
bib-19,49,2,Content Illustration
bib-19,49,3,Content Illustration
bib-19,50,1,Content Illustration
bib-19,50,2,Content Illustration
bib-19,50,3,Content Illustration
bib-19,50,4,Content Illustration
bib-19,50,5,Content Illustration
bib-19,50,6,Content Illustration
bib-19,51,1,Content Illustration
bib-19,51,2,Content Illustration
bib-19,52,1,Content Illustration
bib-19,52,2,Content Illustration
bib-19,53,1,Content Illustration
bib-19,53,2,Content Illustration
bib-19,53,3,Content Illustration
bib-19,54,1,Content Illustration
bib-19,55,1,Content Illustration
bib-19,55,2,Content Illustration
bib-19,56,1,Content Illustration
bib-19,56,2,Content Illustration
bib-19,57,1,Content Illustration
bib-19,57,2,Content Illustration
bib-19,58,1,Content Illustration
bib-19,58,2,Content Illustration
bib-19,58,1,Initial
bib-19,59,1,Content Illustration
bib-19,59,2,Content Illustration
bib-19,59,1,Initial
bib-19,59,2,Initial
bib-19,60,1,Content Illustration
bib-19,60,1,Initial
bib-19,61,1,Content Illustration
bib-19,61,2,Content Illustration
bib-19,61,1,Initial
bib-19,61,2,Initial
bib-19,62,1,Content Illustration
bib-19,62,2,Content Illustration
bib-19,63,1,Content Illustration
bib-19,63,2,Content Illustration
bib-19,64,1,Content Illustration
bib-19,64,2,Content Illustration
bib-19,64,3,Content Illustration
bib-19,64,1,Initial
bib-19,64,2,Initial
bib-19,64,3,Initial
bib-19,65,1,Content Illustration
bib-19,65,2,Content Illustration
bib-19,65,3,Content Illustration
bib-19,66,1,Content Illustration
bib-19,66,2,Content Illustration
bib-19,66,3,Content Illustration
bib-19,66,4,Content Illustration
bib-19,66,1,Initial
bib-19,66,2,Initial
bib-19,66,3,Initial
bib-19,67,1,Content Illustration
bib-19,67,2,Content Illustration
bib-19,67,1,Initial
bib-19,67,2,Initial
bib-19,67,3,Initial
bib-19,68,1,Content Illustration
bib-19,68,2,Content Illustration
bib-19,68,3,Content Illustration
bib-19,68,4,Content Illustration
bib-19,68,1,Initial
bib-19,68,2,Initial
bib-19,69,1,Content Illustration
bib-19,69,2,Content Illustration
bib-19,69,3,Content Illustration
bib-19,70,1,Content Illustration
bib-19,70,2,Content Illustration
bib-19,70,3,Content Illustration
bib-19,70,1,Initial
bib-19,71,1,Content Illustration
bib-19,71,2,Content Illustration
bib-19,71,1,Initial
bib-19,71,2,Initial
bib-19,72,1,Content Illustration
bib-19,72,2,Content Illustration
bib-19,72,3,Content Illustration
bib-19,72,1,Initial
bib-19,72,2,Initial
bib-19,73,1,Content Illustration
bib-19,73,1,Initial
bib-19,74,1,Content Illustration
bib-19,75,1,Content Illustration
bib-19,75,2,Content Illustration
bib-19,75,1,Initial
bib-19,76,1,Initial
bib-19,76,2,Initial
bib-19,77,1,Content Illustration
bib-19,78,1,Initial
bib-19,79,1,Content Illustration
bib-19,79,2,Content Illustration
bib-19,79,1,Initial
bib-19,80,1,Content Illustration
bib-19,80,2,Content Illustration
bib-19,81,1,Content Illustration
bib-19,81,1,Initial
bib-19,81,2,Initial
bib-19,82,1,Content Illustration
bib-19,82,2,Content Illustration
bib-19,82,1,Initial
bib-19,83,1,Content Illustration
bib-19,83,2,Content Illustration
bib-19,83,1,Initial
bib-19,84,1,Content Illustration
bib-19,84,1,Initial
bib-19,85,1,Content Illustration
bib-19,85,2,Content Illustration
bib-19,85,3,Content Illustration
bib-19,85,4,Content Illustration
bib-19,85,1,Initial
bib-19,86,1,Content Illustration
bib-19,86,2,Content Illustration
bib-19,87,1,Content Illustration
bib-19,87,2,Content Illustration
bib-19,87,3,Content Illustration
bib-19,87,4,Content Illustration
bib-19,87,1,Initial
bib-19,88,1,Content Illustration
bib-19,88,2,Content Illustration
bib-19,89,1,Content Illustration
bib-19,89,2,Content Illustration
bib-19,89,1,Initial
bib-19,90,1,Content Illustration
bib-19,90,2,Content Illustration
bib-19,91,1,Content Illustration
bib-19,91,2,Content Illustration
bib-19,91,1,Initial
bib-19,92,1,Content Illustration
bib-19,92,2,Content Illustration
bib-19,92,3,Content Illustration
bib-19,92,4,Content Illustration
bib-19,92,1,Initial
bib-19,93,1,Content Illustration
bib-19,93,2,Content Illustration
bib-19,93,3,Content Illustration
bib-19,93,1,Initial
bib-19,94,1,Content Illustration
bib-19,94,2,Content Illustration
bib-19,95,1,Content Illustration
bib-19,95,2,Content Illustration
bib-19,95,1,Initial
bib-19,97,1,Content Illustration
bib-19,97,1,Initial
bib-19,97,2,Initial
bib-19,98,1,Content Illustration
bib-19,98,2,Content Illustration
bib-19,99,1,Content Illustration
bib-19,99,2,Content Illustration
bib-19,99,3,Content Illustration
bib-19,99,4,Content Illustration
bib-19,100,1,Content Illustration
bib-19,100,1,Initial
bib-19,102,1,Content Illustration
bib-19,102,1,Initial
bib-19,104,1,Content Illustration
bib-19,104,2,Content Illustration
bib-19,106,1,Content Illustration
bib-19,107,1,Content Illustration
bib-19,108,1,Content Illustration
bib-19,109,1,Content Illustration
bib-19,110,1,Content Illustration
bib-19,112,1,Content Illustration
bib-19,112,2,Content Illustration
bib-19,114,1,Content Illustration
bib-19,115,1,Content Illustration
bib-19,115,2,Content Illustration
bib-19,117,1,Content Illustration
bib-19,118,1,Content Illustration
bib-19,120,1,Content Illustration
bib-19,122,1,Content Illustration
bib-19,123,1,Content Illustration
bib-19,124,1,Content Illustration
bib-19,125,1,Content Illustration
bib-19,126,1,Content Illustration
bib-19,127,1,Content Illustration
bib-19,128,1,Content Illustration
bib-19,129,1,Content Illustration
bib-19,132,1,Content Illustration
bib-19,134,1,Content Illustration
bib-19,135,1,Content Illustration
bib-19,135,2,Content Illustration
bib-19,137,1,Content Illustration
bib-19,138,1,Content Illustration
bib-19,138,2,Content Illustration
bib-19,139,1,Content Illustration
bib-19,140,1,Content Illustration
bib-19,140,1,Initial
bib-19,142,1,Content Illustration
bib-19,143,1,Content Illustration
bib-19,144,1,Content Illustration
bib-19,144,2,Content Illustration
bib-19,145,1,Content Illustration
bib-19,146,1,Content Illustration
bib-19,147,1,Content Illustration
bib-19,148,1,Content Illustration
bib-19,149,1,Content Illustration
bib-19,153,1,Content Illustration
bib-19,153,1,Initial
bib-19,154,1,Content Illustration
bib-19,154,2,Content Illustration
bib-19,154,1,Initial
bib-19,154,2,Initial
bib-19,154,3,Initial
bib-19,155,1,Content Illustration
bib-19,155,2,Content Illustration
bib-19,155,1,Initial
bib-19,156,1,Content Illustration
bib-19,156,1,Initial
bib-19,157,1,Content Illustration
bib-19,157,2,Content Illustration
bib-19,158,1,Content Illustration
bib-19,159,1,Content Illustration
bib-19,159,2,Content Illustration
bib-19,160,1,Content Illustration
bib-19,160,2,Content Illustration
bib-19,161,1,Content Illustration
bib-19,162,1,Content Illustration
bib-19,162,2,Content Illustration
bib-19,163,1,Content Illustration
bib-19,163,2,Content Illustration
bib-19,164,1,Content Illustration
bib-19,165,1,Content Illustration
bib-19,166,1,Content Illustration
bib-19,167,1,Content Illustration
bib-19,167,1,Initial
bib-19,168,1,Content Illustration
bib-19,169,1,Content Illustration
bib-19,169,2,Content Illustration
bib-19,169,1,Initial
bib-19,170,1,Content Illustration
bib-19,170,1,Initial
bib-19,171,1,Content Illustration
bib-19,171,2,Content Illustration
bib-19,172,1,Content Illustration
bib-19,172,1,Initial
bib-19,174,1,Content Illustration
bib-19,174,2,Content Illustration
bib-19,174,1,Initial
bib-19,175,1,Content Illustration
bib-19,175,1,Initial
bib-19,176,1,Content Illustration
bib-19,178,1,Content Illustration
bib-19,178,1,Initial
bib-19,179,1,Content Illustration
bib-19,179,2,Content Illustration
bib-19,179,1,Initial
bib-19,180,1,Content Illustration
bib-19,180,1,Initial
bib-19,181,1,Content Illustration
bib-19,181,2,Content Illustration
bib-19,182,1,Content Illustration
bib-19,182,2,Content Illustration
bib-19,183,1,Content Illustration
bib-19,183,2,Content Illustration
bib-19,183,3,Content Illustration
bib-19,184,1,Content Illustration
bib-19,184,1,Initial
bib-19,184,2,Initial
bib-19,184,3,Initial
bib-19,185,1,Content Illustration
bib-19,185,2,Content Illustration
bib-19,186,1,Content Illustration
bib-19,186,2,Content Illustration
bib-19,187,1,Content Illustration
bib-19,189,1,Content Illustration
bib-19,190,1,Content Illustration
bib-19,190,2,Content Illustration
bib-19,190,1,Initial
bib-19,191,1,Content Illustration
bib-19,191,1,Initial
bib-19,192,1,Content Illustration
bib-19,192,2,Content Illustration
bib-19,192,3,Content Illustration
bib-19,192,4,Content Illustration
bib-19,192,1,Initial
bib-19,193,1,Content Illustration
bib-19,193,2,Content Illustration
bib-19,193,3,Content Illustration
bib-19,193,4,Content Illustration
bib-19,193,1,Initial
bib-19,193,2,Initial
bib-19,194,1,Content Illustration
bib-19,194,1,Initial
bib-19,195,1,Content Illustration
bib-19,195,1,Initial
bib-19,195,2,Initial
bib-19,196,1,Content Illustration
bib-19,197,1,Content Illustration
bib-19,198,1,Content Illustration
bib-19,198,1,Initial
bib-19,199,1,Content Illustration
bib-19,199,1,Initial
bib-19,200,1,Content Illustration
bib-19,203,1,Initial
bib-19,204,1,Content Illustration
bib-19,204,2,Content Illustration
bib-19,204,3,Content Illustration
bib-19,204,4,Content Illustration
bib-19,204,1,Initial
bib-19,205,1,Content Illustration
bib-19,205,2,Content Illustration
bib-19,205,3,Content Illustration
bib-19,205,4,Content Illustration
bib-19,205,5,Content Illustration
bib-19,205,6,Content Illustration
bib-19,206,1,Content Illustration
bib-19,206,2,Content Illustration
bib-19,207,1,Content Illustration
bib-19,207,1,Initial
bib-19,208,1,Content Illustration
bib-19,208,1,Decoration
bib-19,209,1,Initial
bib-19,210,1,Content Illustration
bib-19,210,2,Content Illustration
bib-19,210,1,Initial
bib-19,211,1,Content Illustration
bib-19,211,1,Initial
bib-19,212,1,Content Illustration
bib-19,212,1,Initial
bib-19,212,2,Initial
bib-19,213,1,Content Illustration
bib-19,213,2,Content Illustration
bib-19,213,1,Initial
bib-19,214,1,Content Illustration
bib-19,214,1,Initial
bib-19,214,2,Initial
bib-19,215,1,Content Illustration
bib-19,215,2,Content Illustration
bib-19,215,1,Initial
bib-19,216,1,Content Illustration
bib-19,216,1,Initial
bib-19,217,1,Initial
bib-19,218,1,Content Illustration
bib-19,218,1,Initial
bib-19,220,1,Content Illustration
bib-19,220,1,Initial
bib-19,221,1,Content Illustration
bib-19,222,1,Content Illustration
bib-19,222,1,Initial
bib-19,223,1,Content Illustration
bib-19,224,1,Initial
bib-19,225,1,Content Illustration
bib-19,225,1,Initial
bib-19,227,1,Initial
bib-19,228,1,Content Illustration
bib-19,231,1,Content Illustration
bib-19,232,1,Content Illustration
bib-19,232,1,Initial
bib-19,235,1,Initial
bib-19,236,1,Content Illustration
bib-19,236,1,Initial
bib-19,237,1,Content Illustration
bib-19,237,1,Initial
bib-19,238,1,Content Illustration
bib-19,238,1,Initial
bib-19,239,1,Content Illustration
bib-19,240,1,Content Illustration
bib-19,240,1,Initial
bib-19,241,1,Initial
bib-19,242,1,Content Illustration
bib-19,242,2,Content Illustration
bib-19,242,1,Initial
bib-19,242,2,Initial
bib-19,243,1,Initial
bib-19,243,2,Initial
bib-19,244,1,Initial
bib-19,246,1,Content Illustration
bib-19,246,1,Initial
bib-19,247,1,Content Illustration
bib-19,248,1,Content Illustration
bib-19,249,1,Content Illustration
bib-19,249,1,Initial
bib-19,250,1,Initial
bib-19,251,1,Initial
bib-19,251,2,Initial
bib-19,253,1,Content Illustration
bib-19,253,2,Content Illustration
bib-19,254,1,Initial
bib-152,25,1,Content Illustration
bib-152,27,1,Content Illustration
bib-152,28,1,Content Illustration
bib-152,30,1,Content Illustration
bib-152,32,1,Content Illustration
bib-152,45,1,Content Illustration
bib-152,45,2,Content Illustration
bib-152,49,1,Content Illustration
bib-152,50,1,Content Illustration
bib-152,51,1,Content Illustration
bib-152,51,2,Content Illustration
bib-152,53,1,Content Illustration
bib-152,54,1,Content Illustration
bib-152,59,1,Content Illustration
bib-152,61,1,Content Illustration
bib-152,63,1,Content Illustration
bib-152,64,1,Content Illustration
bib-152,68,1,Content Illustration
bib-152,72,1,Content Illustration
bib-152,74,1,Content Illustration
bib-152,75,1,Content Illustration
bib-152,76,1,Content Illustration
bib-152,77,1,Content Illustration
bib-152,84,1,Content Illustration
bib-152,84,2,Content Illustration
bib-152,85,1,Content Illustration
bib-152,85,2,Content Illustration
bib-152,86,1,Content Illustration
bib-152,86,2,Content Illustration
bib-152,87,1,Content Illustration
bib-152,88,1,Content Illustration
bib-152,91,1,Content Illustration
bib-152,91,2,Content Illustration
bib-152,91,3,Content Illustration
bib-152,92,1,Content Illustration
bib-152,93,1,Content Illustration
bib-152,94,1,Content Illustration
bib-152,94,2,Content Illustration
bib-152,95,1,Content Illustration
bib-152,95,2,Content Illustration
bib-152,96,1,Content Illustration
bib-152,97,1,Content Illustration
bib-152,98,1,Content Illustration
bib-152,98,2,Content Illustration
bib-152,99,1,Content Illustration
bib-152,100,1,Content Illustration
bib-152,101,1,Content Illustration
bib-152,103,1,Content Illustration
bib-152,104,1,Content Illustration
bib-152,104,2,Content Illustration
bib-152,104,3,Content Illustration
bib-152,104,4,Content Illustration
bib-152,106,1,Content Illustration
bib-152,107,1,Content Illustration
bib-152,108,1,Content Illustration
bib-152,109,1,Content Illustration
bib-152,109,2,Content Illustration
bib-152,111,1,Content Illustration
bib-152,112,1,Content Illustration
bib-152,113,1,Content Illustration
bib-152,114,1,Content Illustration
bib-152,115,1,Content Illustration
bib-152,116,1,Content Illustration
bib-152,117,1,Content Illustration
bib-152,118,1,Content Illustration
bib-152,119,1,Content Illustration
bib-152,119,2,Content Illustration
bib-152,120,1,Content Illustration
bib-152,121,1,Content Illustration
bib-152,122,1,Content Illustration
bib-152,123,1,Content Illustration
bib-152,124,1,Content Illustration
bib-152,125,1,Content Illustration
bib-152,126,1,Content Illustration
bib-152,127,1,Content Illustration
bib-152,128,1,Content Illustration
bib-152,128,2,Content Illustration
bib-152,129,1,Content Illustration
bib-152,130,1,Content Illustration
bib-152,130,2,Content Illustration
bib-152,132,1,Content Illustration
bib-152,133,1,Content Illustration
bib-152,134,1,Content Illustration
bib-152,135,1,Content Illustration
bib-152,135,2,Content Illustration
bib-152,136,1,Content Illustration
bib-152,137,1,Content Illustration
bib-152,137,2,Content Illustration
bib-152,138,1,Content Illustration
bib-152,139,1,Content Illustration
bib-152,139,2,Content Illustration
bib-152,139,3,Content Illustration
bib-152,139,4,Content Illustration
bib-152,139,5,Content Illustration
bib-152,140,1,Content Illustration
bib-152,141,1,Content Illustration
bib-152,141,2,Content Illustration
bib-152,142,1,Content Illustration
bib-152,143,1,Content Illustration
bib-152,144,1,Content Illustration
bib-152,144,2,Content Illustration
bib-152,145,1,Content Illustration
bib-152,146,1,Content Illustration
bib-152,148,1,Content Illustration
bib-152,149,1,Content Illustration
bib-152,149,2,Content Illustration
bib-152,150,1,Content Illustration
bib-152,151,1,Content Illustration
bib-152,151,2,Content Illustration
bib-152,157,1,Content Illustration
bib-152,157,2,Content Illustration
bib-152,159,1,Content Illustration
bib-152,159,2,Content Illustration
bib-152,160,1,Content Illustration
bib-152,165,1,Content Illustration
bib-152,166,1,Content Illustration
bib-152,169,1,Content Illustration
bib-152,170,1,Content Illustration
bib-152,171,1,Content Illustration
bib-152,171,2,Content Illustration
bib-152,172,1,Content Illustration
bib-152,173,1,Content Illustration
bib-152,174,1,Content Illustration
bib-152,174,2,Content Illustration
bib-152,174,3,Content Illustration
bib-152,175,1,Content Illustration
bib-152,175,2,Content Illustration
bib-152,176,1,Content Illustration
bib-152,189,1,Content Illustration
bib-152,190,1,Content Illustration
bib-152,191,1,Content Illustration
bib-152,192,1,Content Illustration
bib-152,193,1,Content Illustration
bib-152,194,1,Content Illustration
bib-152,196,1,Content Illustration
bib-152,197,1,Content Illustration
bib-152,198,1,Content Illustration
bib-152,199,1,Content Illustration
bib-152,200,1,Content Illustration
bib-152,201,1,Content Illustration
bib-152,201,2,Content Illustration
bib-152,202,1,Content Illustration
bib-152,202,2,Content Illustration
bib-152,203,1,Content Illustration
bib-152,206,1,Content Illustration
bib-152,207,1,Content Illustration
bib-152,207,2,Content Illustration
bib-152,207,3,Content Illustration
bib-152,208,1,Content Illustration
bib-152,209,1,Content Illustration
bib-152,210,1,Content Illustration
bib-152,211,1,Content Illustration
bib-152,212,1,Content Illustration
bib-152,214,1,Content Illustration
bib-152,214,2,Content Illustration
bib-152,215,1,Content Illustration
bib-152,216,1,Content Illustration
bib-152,217,1,Content Illustration
bib-152,218,1,Content Illustration
bib-152,219,1,Content Illustration
bib-152,220,1,Content Illustration
bib-152,221,1,Content Illustration
bib-152,222,1,Content Illustration
bib-152,223,1,Content Illustration
bib-152,224,1,Content Illustration
bib-152,230,1,Content Illustration
bib-152,231,1,Content Illustration
bib-152,235,1,Content Illustration
bib-152,236,1,Content Illustration
bib-152,237,1,Content Illustration
bib-152,252,1,Content Illustration
bib-152,253,1,Content Illustration
bib-152,253,2,Content Illustration
bib-152,256,1,Content Illustration
bib-152,261,1,Content Illustration
bib-152,261,2,Content Illustration
bib-152,261,3,Content Illustration
bib-152,262,1,Content Illustration
bib-152,263,1,Content Illustration
bib-152,269,1,Content Illustration
bib-152,269,2,Content Illustration
bib-152,270,1,Content Illustration
bib-152,271,1,Content Illustration
bib-152,273,1,Content Illustration
bib-152,273,2,Content Illustration
bib-152,274,1,Content Illustration
bib-152,276,1,Content Illustration
bib-152,277,1,Content Illustration
bib-152,278,1,Content Illustration
bib-152,278,2,Content Illustration
bib-152,278,3,Content Illustration
bib-152,286,1,Content Illustration
bib-152,286,2,Content Illustration
bib-152,289,1,Content Illustration
bib-152,289,2,Content Illustration
612FNN,5,1,Content Illustration
612FNN,7,1,Initial
612FNN,9,1,Decoration
612FNN,9,1,Initial
612FNN,13,1,Decoration
612FNN,13,1,Initial
612FNN,14,1,Initial
612FNN,17,1,Decoration
612FNN,17,1,Initial
612FNN,19,1,Content Illustration
612FNN,20,1,Content Illustration
612FNN,21,1,Content Illustration
612FNN,22,1,Content Illustration
612FNN,22,2,Content Illustration
612FNN,22,3,Content Illustration
612FNN,23,1,Content Illustration
612FNN,24,1,Content Illustration
612FNN,25,1,Decoration
612FNN,25,1,Initial
612FNN,29,1,Content Illustration
612FNN,30,1,Content Illustration
612FNN,31,1,Content Illustration
612FNN,31,2,Content Illustration
612FNN,31,3,Content Illustration
612FNN,31,4,Content Illustration
612FNN,32,1,Content Illustration
612FNN,32,1,Decoration
612FNN,32,2,Decoration
612FNN,33,1,Content Illustration
612FNN,33,1,Decoration
612FNN,33,1,Initial
612FNN,34,1,Content Illustration
612FNN,34,2,Content Illustration
612FNN,35,1,Content Illustration
612FNN,35,2,Content Illustration
612FNN,36,1,Content Illustration
612FNN,36,2,Content Illustration
612FNN,37,1,Content Illustration
612FNN,37,2,Content Illustration
612FNN,38,1,Content Illustration
612FNN,38,2,Content Illustration
612FNN,39,1,Content Illustration
612FNN,39,2,Content Illustration
612FNN,40,1,Content Illustration
612FNN,40,2,Content Illustration
612FNN,41,1,Content Illustration
612FNN,41,2,Content Illustration
612FNN,41,3,Content Illustration
612FNN,42,1,Content Illustration
612FNN,42,2,Content Illustration
612FNN,43,1,Content Illustration
612FNN,43,2,Content Illustration
612FNN,43,3,Content Illustration
612FNN,44,1,Content Illustration
612FNN,44,2,Content Illustration
612FNN,45,1,Content Illustration
612FNN,45,2,Content Illustration
612FNN,46,1,Content Illustration
612FNN,46,2,Content Illustration
612FNN,47,1,Content Illustration
612FNN,47,2,Content Illustration
612FNN,48,1,Content Illustration
612FNN,49,1,Content Illustration
612FNN,50,1,Content Illustration
612FNN,50,2,Content Illustration
612FNN,51,1,Content Illustration
612FNN,52,1,Content Illustration
612FNN,52,2,Content Illustration
612FNN,53,1,Content Illustration
612FNN,54,1,Content Illustration
612FNN,54,2,Content Illustration
612FNN,54,3,Content Illustration
612FNN,55,1,Content Illustration
612FNN,56,1,Content Illustration
612FNN,56,2,Content Illustration
612FNN,58,1,Content Illustration
612FNN,58,2,Content Illustration
612FNN,59,1,Content Illustration
612FNN,60,1,Content Illustration
612FNN,61,1,Content Illustration
612FNN,61,2,Content Illustration
612FNN,62,1,Content Illustration
612FNN,63,1,Content Illustration
612FNN,63,2,Content Illustration
612FNN,64,1,Content Illustration
612FNN,64,2,Content Illustration
612FNN,65,1,Content Illustration
612FNN,66,1,Content Illustration
612FNN,66,2,Content Illustration
612FNN,66,3,Content Illustration
612FNN,67,1,Content Illustration
612FNN,68,1,Decoration
612FNN,68,1,Initial
612FNN,69,1,Content Illustration
612FNN,70,1,Content Illustration
612FNN,71,1,Content Illustration
612FNN,72,1,Content Illustration
612FNN,73,1,Content Illustration
612FNN,73,2,Content Illustration
612FNN,74,1,Content Illustration
612FNN,75,1,Content Illustration
612FNN,76,1,Content Illustration
612FNN,77,1,Content Illustration
612FNN,78,1,Content Illustration
612FNN,78,2,Content Illustration
612FNN,79,1,Content Illustration
612FNN,81,1,Content Illustration
612FNN,85,1,Content Illustration
612FNN,86,1,Content Illustration
612FNN,86,2,Content Illustration
612FNN,86,3,Content Illustration
612FNN,87,1,Content Illustration
612FNN,89,1,Content Illustration
612FNN,89,2,Content Illustration
612FNN,90,1,Content Illustration
612FNN,92,1,Content Illustration
612FNN,93,1,Content Illustration
612FNN,94,1,Content Illustration
612FNN,96,1,Content Illustration
612FNN,97,1,Content Illustration
612FNN,98,1,Content Illustration
612FNN,100,1,Content Illustration
612FNN,101,1,Content Illustration
612FNN,101,2,Content Illustration
612FNN,102,1,Content Illustration
612FNN,104,1,Content Illustration
612FNN,105,1,Content Illustration
612FNN,107,1,Content Illustration
612FNN,107,2,Content Illustration
612FNN,109,1,Content Illustration
612FNN,111,1,Content Illustration
612FNN,111,2,Content Illustration
612FNN,111,3,Content Illustration
612FNN,112,1,Content Illustration
612FNN,112,2,Content Illustration
612FNN,112,3,Content Illustration
612FNN,113,1,Decoration
612FNN,113,2,Decoration
612FNN,114,1,Content Illustration
612FNN,114,1,Decoration
612FNN,114,1,Initial
612FNN,116,1,Content Illustration
612FNN,118,1,Content Illustration
612FNN,119,1,Content Illustration
612FNN,120,1,Content Illustration
612FNN,120,2,Content Illustration
612FNN,121,1,Content Illustration
612FNN,123,1,Content Illustration
612FNN,124,1,Content Illustration
612FNN,127,1,Content Illustration
612FNN,130,1,Content Illustration
612FNN,131,1,Content Illustration
612FNN,133,1,Content Illustration
612FNN,133,2,Content Illustration
612FNN,135,1,Content Illustration
612FNN,135,2,Content Illustration
612FNN,137,1,Content Illustration
612FNN,139,1,Content Illustration
612FNN,141,1,Content Illustration
612FNN,142,1,Content Illustration
612FNN,145,1,Content Illustration
612FNN,147,1,Content Illustration
612FNN,149,1,Content Illustration
612FNN,151,1,Content Illustration
612FNN,153,1,Content Illustration
612FNN,154,1,Content Illustration
612FNN,155,1,Content Illustration
612FNN,155,2,Content Illustration
612FNN,156,1,Content Illustration
612FNN,156,1,Decoration
612FNN,156,2,Decoration
612FNN,157,1,Content Illustration
612FNN,157,2,Content Illustration
612FNN,158,1,Content Illustration
612FNN,159,1,Content Illustration
612FNN,159,2,Content Illustration
612FNN,160,1,Content Illustration
612FNN,160,2,Content Illustration
612FNN,161,1,Content Illustration
612FNN,162,1,Decoration
612FNN,162,1,Initial
bib-87,3,1,Content Illustration
bib-87,18,1,Content Illustration
bib-87,18,2,Content Illustration
bib-87,19,1,Content Illustration
bib-87,19,2,Content Illustration
bib-87,20,1,Content Illustration
bib-87,20,2,Content Illustration
bib-87,25,1,Content Illustration
bib-87,26,1,Content Illustration
bib-87,27,1,Content Illustration
bib-87,27,2,Content Illustration
bib-87,28,1,Content Illustration
bib-87,29,1,Content Illustration
bib-87,29,2,Content Illustration
bib-87,30,1,Content Illustration
bib-87,35,1,Content Illustration
bib-87,36,1,Content Illustration
bib-87,37,1,Content Illustration
bib-87,38,1,Content Illustration
bib-87,39,1,Content Illustration
bib-87,39,2,Content Illustration
bib-87,40,1,Content Illustration
bib-87,41,1,Content Illustration
bib-87,41,2,Content Illustration
bib-87,42,1,Content Illustration
bib-87,43,1,Content Illustration
bib-87,46,1,Content Illustration
bib-87,47,1,Content Illustration
bib-87,49,1,Content Illustration
bib-87,53,1,Content Illustration
bib-87,54,1,Content Illustration
bib-87,54,2,Content Illustration
bib-87,61,1,Content Illustration
bib-87,64,1,Content Illustration
bib-87,64,2,Content Illustration
bib-87,68,1,Content Illustration
bib-87,69,1,Content Illustration
bib-87,70,1,Content Illustration
bib-87,71,1,Content Illustration
bib-87,74,1,Content Illustration
bib-87,75,1,Content Illustration
bib-87,76,1,Content Illustration
bib-87,77,1,Content Illustration
bib-87,77,2,Content Illustration
bib-87,78,1,Content Illustration
bib-87,78,2,Content Illustration
bib-87,79,1,Content Illustration
bib-87,80,1,Content Illustration
bib-87,80,2,Content Illustration
bib-87,81,1,Content Illustration
bib-87,81,2,Content Illustration
bib-87,82,1,Content Illustration
bib-87,82,2,Content Illustration
bib-87,83,1,Content Illustration
bib-87,84,1,Content Illustration
bib-87,90,1,Content Illustration
bib-87,91,1,Content Illustration
bib-87,94,1,Content Illustration
bib-87,95,1,Content Illustration
bib-87,98,1,Content Illustration
bib-87,99,1,Content Illustration
bib-87,106,1,Content Illustration
bib-87,107,1,Content Illustration
bib-87,108,1,Content Illustration
bib-87,109,1,Content Illustration
bib-87,110,1,Content Illustration
bib-87,111,1,Content Illustration
bib-87,112,1,Content Illustration
bib-87,113,1,Content Illustration
bib-87,114,1,Content Illustration
bib-87,115,1,Content Illustration
bib-87,116,1,Content Illustration
bib-87,119,1,Content Illustration
bib-87,120,1,Content Illustration
bib-87,120,2,Content Illustration
bib-87,121,1,Content Illustration
bib-87,123,1,Content Illustration
bib-87,124,1,Content Illustration
bib-87,125,1,Content Illustration
bib-87,126,1,Content Illustration
bib-35,1,1,Initial
bib-35,3,1,Printer's Mark
bib-35,6,1,Printer's Mark
bib-35,8,1,Initial
bib-35,10,1,Initial
bib-35,14,1,Initial
bib-35,15,1,Content Illustration
bib-35,15,2,Content Illustration
bib-35,16,1,Content Illustration
bib-35,16,2,Content Illustration
bib-35,17,1,Content Illustration
bib-35,17,2,Content Illustration
bib-35,18,1,Content Illustration
bib-35,18,2,Content Illustration
bib-35,19,1,Content Illustration
bib-35,19,2,Content Illustration
bib-35,20,1,Content Illustration
bib-35,20,2,Content Illustration
bib-35,21,1,Content Illustration
bib-35,21,2,Content Illustration
bib-35,22,1,Content Illustration
bib-35,23,1,Content Illustration
bib-35,23,2,Content Illustration
bib-35,24,1,Content Illustration
bib-35,24,2,Content Illustration
bib-35,24,3,Content Illustration
bib-35,24,4,Content Illustration
bib-35,25,1,Content Illustration
bib-35,26,1,Content Illustration
bib-35,26,2,Content Illustration
bib-35,26,3,Content Illustration
bib-35,26,4,Content Illustration
bib-35,27,1,Content Illustration
bib-35,27,2,Content Illustration
bib-35,28,1,Content Illustration
bib-35,28,2,Content Illustration
bib-35,29,1,Content Illustration
bib-35,29,2,Content Illustration
bib-35,29,3,Content Illustration
bib-35,30,1,Content Illustration
bib-35,31,1,Content Illustration
bib-35,31,2,Content Illustration
bib-35,32,1,Content Illustration
bib-35,32,2,Content Illustration
bib-35,33,1,Content Illustration
bib-35,34,1,Content Illustration
bib-35,34,2,Content Illustration
bib-35,35,1,Content Illustration
bib-35,35,2,Content Illustration
bib-35,36,1,Content Illustration
bib-35,37,1,Content Illustration
bib-35,37,2,Content Illustration
bib-35,38,1,Content Illustration
bib-35,39,1,Content Illustration
bib-35,40,1,Content Illustration
bib-35,41,1,Content Illustration
bib-35,42,1,Content Illustration
bib-35,42,2,Content Illustration
bib-35,42,1,Decoration
bib-35,43,1,Content Illustration
bib-35,44,1,Content Illustration
bib-35,45,1,Content Illustration
bib-35,45,2,Content Illustration
bib-35,47,1,Content Illustration
bib-35,48,1,Content Illustration
bib-35,49,1,Content Illustration
bib-35,50,1,Content Illustration
bib-35,50,2,Content Illustration
bib-35,51,1,Content Illustration
bib-35,51,2,Content Illustration
bib-35,52,1,Content Illustration
bib-35,52,2,Content Illustration
bib-35,52,3,Content Illustration
bib-35,53,1,Content Illustration
bib-35,54,1,Content Illustration
bib-35,54,2,Content Illustration
bib-35,55,1,Content Illustration
bib-35,56,1,Content Illustration
bib-35,58,1,Content Illustration
bib-35,59,1,Content Illustration
bib-35,60,1,Content Illustration
bib-35,61,1,Content Illustration
bib-35,62,1,Content Illustration
bib-35,62,2,Content Illustration
bib-35,63,1,Content Illustration
bib-35,65,1,Content Illustration
bib-35,66,1,Content Illustration
bib-35,67,1,Content Illustration
bib-35,68,1,Content Illustration
bib-35,68,2,Content Illustration
bib-35,68,3,Content Illustration
bib-35,69,1,Content Illustration
bib-35,70,1,Content Illustration
bib-35,70,2,Content Illustration
bib-35,71,1,Content Illustration
bib-35,72,1,Content Illustration
bib-35,73,1,Content Illustration
bib-35,74,1,Content Illustration
bib-35,76,1,Content Illustration
bib-35,76,2,Content Illustration
bib-35,76,3,Content Illustration
bib-35,79,1,Content Illustration
bib-35,80,1,Content Illustration
bib-35,81,1,Content Illustration
bib-35,81,2,Content Illustration
bib-35,82,1,Content Illustration
bib-35,82,2,Content Illustration
bib-35,83,1,Content Illustration
bib-35,83,2,Content Illustration
bib-35,83,3,Content Illustration
bib-35,84,1,Content Illustration
bib-35,86,1,Content Illustration
bib-35,86,2,Content Illustration
bib-35,87,1,Content Illustration
bib-35,88,1,Content Illustration
bib-35,90,1,Content Illustration
bib-35,91,1,Content Illustration
bib-35,92,1,Content Illustration
bib-35,93,1,Content Illustration
bib-35,94,1,Content Illustration
bib-35,94,2,Content Illustration
bib-35,95,1,Content Illustration
bib-35,95,2,Content Illustration
bib-35,96,1,Content Illustration
bib-35,97,1,Content Illustration
bib-35,98,1,Content Illustration
bib-35,98,2,Content Illustration
bib-35,100,1,Content Illustration
bib-35,100,2,Content Illustration
bib-35,101,1,Content Illustration
bib-35,101,2,Content Illustration
bib-35,102,1,Content Illustration
bib-35,102,2,Content Illustration
bib-35,103,1,Content Illustration
bib-35,103,2,Content Illustration
bib-35,104,1,Content Illustration
bib-35,105,1,Content Illustration
bib-35,106,1,Content Illustration
bib-35,106,2,Content Illustration
bib-35,107,1,Content Illustration
bib-35,107,2,Content Illustration
bib-35,108,1,Content Illustration
bib-35,108,2,Content Illustration
bib-35,109,1,Content Illustration
bib-35,110,1,Content Illustration
bib-35,111,1,Content Illustration
bib-35,112,1,Content Illustration
bib-35,113,1,Content Illustration
bib-35,114,1,Content Illustration
bib-35,115,1,Content Illustration
bib-35,115,2,Content Illustration
bib-35,116,1,Initial
bib-35,117,1,Content Illustration
bib-35,117,2,Content Illustration
bib-35,118,1,Content Illustration
bib-35,121,1,Content Illustration
bib-35,121,2,Content Illustration
bib-35,121,3,Content Illustration
bib-35,121,4,Content Illustration
bib-35,122,1,Content Illustration
bib-35,122,2,Content Illustration
bib-35,124,1,Content Illustration
bib-35,125,1,Content Illustration
bib-35,126,1,Content Illustration
bib-35,126,2,Content Illustration
bib-35,127,1,Content Illustration
bib-35,128,1,Content Illustration
bib-35,128,2,Content Illustration
bib-35,128,3,Content Illustration
bib-35,129,1,Content Illustration
bib-35,129,2,Content Illustration
bib-35,129,3,Content Illustration
bib-35,130,1,Content Illustration
bib-35,132,1,Content Illustration
bib-35,132,1,Initial
bib-35,133,1,Content Illustration
bib-35,134,1,Content Illustration
bib-35,135,1,Content Illustration
bib-35,135,2,Content Illustration
bib-35,135,3,Content Illustration
bib-35,136,1,Content Illustration
bib-35,136,2,Content Illustration
bib-35,137,1,Content Illustration
bib-35,137,2,Content Illustration
bib-35,138,1,Content Illustration
bib-35,138,2,Content Illustration
bib-35,139,1,Content Illustration
bib-35,140,1,Content Illustration
bib-35,140,2,Content Illustration
bib-35,140,3,Content Illustration
bib-35,141,1,Content Illustration
bib-35,141,2,Content Illustration
bib-35,142,1,Content Illustration
bib-35,143,1,Content Illustration
bib-35,144,1,Content Illustration
bib-35,145,1,Content Illustration
bib-35,146,1,Content Illustration
bib-35,147,1,Content Illustration
bib-35,149,1,Content Illustration
bib-35,150,1,Content Illustration
bib-35,151,1,Content Illustration
bib-35,151,2,Content Illustration
bib-35,152,1,Content Illustration
bib-35,153,1,Content Illustration
bib-35,153,2,Content Illustration
bib-35,154,1,Content Illustration
bib-35,154,1,Initial
bib-35,155,1,Content Illustration
bib-35,156,1,Content Illustration
bib-35,156,2,Content Illustration
bib-35,157,1,Content Illustration
bib-35,158,1,Content Illustration
bib-35,159,1,Content Illustration
bib-35,160,1,Content Illustration
bib-35,160,2,Content Illustration
bib-35,162,1,Content Illustration
bib-35,162,2,Content Illustration
bib-35,163,1,Content Illustration
bib-35,164,1,Content Illustration
bib-35,165,1,Content Illustration
bib-35,166,1,Content Illustration
bib-35,166,2,Content Illustration
bib-35,167,1,Content Illustration
bib-35,168,1,Content Illustration
bib-35,169,1,Content Illustration
bib-35,169,2,Content Illustration
bib-35,169,3,Content Illustration
bib-35,170,1,Content Illustration
bib-35,170,2,Content Illustration
bib-35,170,3,Content Illustration
bib-35,171,1,Content Illustration
bib-35,171,2,Content Illustration
bib-35,171,3,Content Illustration
bib-35,173,1,Content Illustration
bib-35,174,1,Content Illustration
bib-35,174,2,Content Illustration
bib-35,175,1,Content Illustration
bib-35,175,2,Content Illustration
bib-35,176,1,Content Illustration
bib-35,178,1,Content Illustration
bib-35,178,2,Content Illustration
bib-35,178,3,Content Illustration
bib-35,179,1,Content Illustration
bib-35,181,1,Initial
bib-35,182,1,Content Illustration
bib-35,183,1,Content Illustration
bib-35,183,2,Content Illustration
bib-35,184,1,Content Illustration
bib-35,185,1,Content Illustration
bib-35,186,1,Content Illustration
bib-35,186,2,Content Illustration
bib-35,187,1,Content Illustration
bib-35,187,2,Content Illustration
bib-35,187,3,Content Illustration
bib-35,188,1,Content Illustration
bib-35,188,2,Content Illustration
bib-35,189,1,Content Illustration
bib-35,190,1,Content Illustration
bib-35,192,1,Content Illustration
bib-35,193,1,Content Illustration
bib-35,196,1,Content Illustration
bib-35,199,1,Content Illustration
bib-35,202,1,Content Illustration
bib-35,202,2,Content Illustration
bib-35,202,3,Content Illustration
bib-35,211,1,Initial
bib-35,213,1,Content Illustration
bib-35,214,1,Content Illustration
bib-35,215,1,Content Illustration
bib-35,215,2,Content Illustration
bib-35,215,3,Content Illustration
bib-35,217,1,Initial
bib-35,218,1,Initial
bib-35,224,1,Content Illustration
bib-35,224,2,Content Illustration
bib-35,224,3,Content Illustration
bib-35,224,4,Content Illustration
bib-35,224,5,Content Illustration
bib-35,226,1,Content Illustration
bib-35,226,2,Content Illustration
bib-35,227,1,Initial
bib-35,228,1,Content Illustration
bib-35,229,1,Content Illustration
bib-35,230,1,Content Illustration
bib-35,232,1,Content Illustration
bib-35,236,1,Content Illustration
bib-35,236,2,Content Illustration
bib-35,237,1,Content Illustration
bib-35,237,2,Content Illustration
bib-35,238,1,Content Illustration
bib-35,238,2,Content Illustration
bib-35,238,1,Initial
bib-35,239,1,Content Illustration
bib-35,241,1,Initial
bib-35,250,1,Content Illustration
bib-35,251,1,Content Illustration
bib-35,258,1,Content Illustration
bib-35,259,1,Content Illustration
bib-35,260,1,Content Illustration
bib-35,263,1,Content Illustration
bib-35,264,1,Content Illustration
bib-35,266,1,Content Illustration
bib-35,267,1,Content Illustration
bib-35,271,1,Initial
bib-35,273,1,Content Illustration
bib-35,274,1,Content Illustration
bib-35,275,1,Content Illustration
bib-35,276,1,Content Illustration
bib-35,276,2,Content Illustration
bib-35,277,1,Content Illustration
bib-35,277,2,Content Illustration
bib-35,278,1,Content Illustration
bib-35,280,1,Content Illustration
bib-35,280,1,Initial
bib-35,284,1,Initial
bib-35,285,1,Content Illustration
bib-35,285,2,Content Illustration
bib-35,286,1,Content Illustration
bib-35,286,2,Content Illustration
bib-35,287,1,Content Illustration
bib-35,288,1,Content Illustration
bib-35,288,2,Content Illustration
bib-35,288,3,Content Illustration
bib-35,288,4,Content Illustration
bib-35,288,5,Content Illustration
bib-35,289,1,Content Illustration
bib-35,289,2,Content Illustration
bib-35,289,3,Content Illustration
bib-35,290,1,Initial
bib-35,297,1,Content Illustration
bib-35,297,1,Initial
bib-35,298,1,Initial
bib-35,300,1,Content Illustration
bib-35,300,2,Content Illustration
bib-35,301,1,Content Illustration
bib-35,301,2,Content Illustration
bib-35,302,1,Initial
bib-35,303,1,Content Illustration
bib-35,304,1,Content Illustration
bib-35,305,1,Content Illustration
bib-35,305,1,Initial
bib-35,306,1,Content Illustration
bib-35,306,2,Content Illustration
bib-35,307,1,Content Illustration
bib-35,308,1,Content Illustration
bib-35,309,1,Content Illustration
bib-35,310,1,Content Illustration
bib-35,310,2,Content Illustration
bib-35,313,1,Content Illustration
bib-35,315,1,Content Illustration
bib-35,315,2,Content Illustration
bib-35,315,1,Initial
bib-35,317,1,Content Illustration
bib-35,317,1,Initial
bib-35,318,1,Content Illustration
bib-35,319,1,Content Illustration
bib-35,319,2,Content Illustration
bib-35,320,1,Content Illustration
bib-35,320,2,Content Illustration
bib-35,320,3,Content Illustration
bib-35,321,1,Content Illustration
bib-35,321,1,Initial
bib-35,323,1,Content Illustration
bib-35,323,2,Content Illustration
bib-35,324,1,Content Illustration
bib-35,325,1,Content Illustration
bib-35,326,1,Content Illustration
bib-35,326,2,Content Illustration
bib-35,326,3,Content Illustration
bib-35,327,1,Content Illustration
bib-35,327,2,Content Illustration
bib-35,327,3,Content Illustration
bib-35,327,4,Content Illustration
bib-35,328,1,Initial
bib-35,329,1,Content Illustration
bib-35,329,2,Content Illustration
bib-35,330,1,Content Illustration
bib-35,330,2,Content Illustration
bib-35,330,3,Content Illustration
bib-35,331,1,Content Illustration
bib-35,331,1,Initial
bib-35,332,1,Content Illustration
bib-35,332,2,Content Illustration
bib-35,333,1,Content Illustration
bib-35,334,1,Content Illustration
bib-35,334,2,Content Illustration
bib-35,335,1,Content Illustration
bib-35,335,2,Content Illustration
bib-35,338,1,Content Illustration
bib-35,338,1,Initial
bib-35,339,1,Content Illustration
bib-35,340,1,Content Illustration
bib-35,340,2,Content Illustration
bib-35,341,1,Content Illustration
bib-35,342,1,Content Illustration
bib-35,342,2,Content Illustration
bib-35,343,1,Content Illustration
bib-35,343,1,Initial
bib-35,344,1,Content Illustration
bib-35,344,1,Initial
bib-35,345,1,Content Illustration
bib-35,345,2,Content Illustration
bib-35,345,3,Content Illustration
bib-35,346,1,Content Illustration
bib-35,346,2,Content Illustration
bib-35,347,1,Content Illustration
bib-35,348,1,Content Illustration
bib-35,349,1,Content Illustration
bib-35,350,1,Content Illustration
bib-35,352,1,Content Illustration
bib-35,352,2,Content Illustration
bib-35,352,3,Content Illustration
bib-35,353,1,Content Illustration
bib-35,353,2,Content Illustration
bib-35,354,1,Content Illustration
bib-35,355,1,Content Illustration
bib-35,356,1,Content Illustration
bib-35,356,2,Content Illustration
bib-35,357,1,Content Illustration
bib-35,358,1,Content Illustration
bib-35,358,2,Content Illustration
bib-35,358,3,Content Illustration
bib-35,359,1,Content Illustration
bib-35,360,1,Content Illustration
bib-35,360,1,Initial
bib-35,361,1,Content Illustration
bib-35,362,1,Content Illustration
bib-35,362,2,Content Illustration
bib-35,363,1,Content Illustration
bib-35,363,2,Content Illustration
bib-35,364,1,Content Illustration
bib-35,364,2,Content Illustration
bib-35,364,1,Initial
bib-35,365,1,Content Illustration
bib-35,365,2,Content Illustration
bib-35,365,3,Content Illustration
bib-35,366,1,Content Illustration
bib-35,366,2,Content Illustration
bib-35,366,1,Initial
bib-35,367,1,Content Illustration
bib-35,367,2,Content Illustration
bib-35,368,1,Content Illustration
bib-35,368,2,Content Illustration
bib-35,369,1,Content Illustration
bib-35,370,1,Content Illustration
bib-35,370,2,Content Illustration
bib-35,370,1,Decoration
bib-35,370,1,Initial
bib-35,371,1,Content Illustration
bib-35,372,1,Content Illustration
bib-35,372,2,Content Illustration
bib-35,373,1,Content Illustration
bib-35,373,1,Initial
bib-35,374,1,Initial
bib-35,374,2,Initial
bib-35,375,1,Content Illustration
bib-35,376,1,Content Illustration
bib-35,377,1,Content Illustration
bib-35,377,1,Initial
bib-35,379,1,Content Illustration
bib-35,379,2,Content Illustration
bib-35,379,1,Initial
bib-35,380,1,Content Illustration
bib-35,380,2,Content Illustration
bib-35,380,3,Content Illustration
bib-35,381,1,Content Illustration
bib-35,381,2,Content Illustration
bib-35,381,3,Content Illustration
bib-35,382,1,Content Illustration
bib-35,382,1,Initial
bib-35,383,1,Content Illustration
bib-35,384,1,Content Illustration
bib-35,384,1,Initial
bib-35,384,2,Initial
bib-35,386,1,Content Illustration
bib-35,386,1,Decoration
bib-35,387,1,Content Illustration
bib-35,387,1,Initial
bib-35,388,1,Content Illustration
bib-35,389,1,Content Illustration
bib-35,389,2,Content Illustration
bib-35,390,1,Content Illustration
bib-35,391,1,Content Illustration
bib-35,391,2,Content Illustration
bib-35,391,3,Content Illustration
bib-35,392,1,Content Illustration
bib-35,393,1,Content Illustration
bib-35,393,1,Initial
bib-35,394,1,Content Illustration
bib-35,396,1,Content Illustration
bib-35,396,2,Content Illustration
bib-35,396,3,Content Illustration
bib-35,396,4,Content Illustration
bib-35,397,1,Content Illustration
bib-35,397,2,Content Illustration
bib-35,398,1,Table
bib-35,400,1,Table
bib-35,402,1,Table
bib-35,404,1,Table
bib-35,406,1,Content Illustration
bib-35,408,1,Content Illustration
bib-35,410,1,Content Illustration
bib-35,410,1,Initial
bib-35,418,1,Initial
bib-35,419,1,Content Illustration
bib-35,422,1,Initial
bib-35,423,1,Initial
bib-35,424,1,Initial
bib-35,426,1,Initial
bib-35,436,1,Initial
bib-35,442,1,Printer's Mark
bib-35,444,1,Initial
bib-35,448,1,Initial
bib-35,450,1,Initial
bib-35,452,1,Decoration
bib-35,452,1,Initial
bib-35,453,1,Decoration
bib-35,453,1,Initial
bib-35,454,1,Decoration
bib-35,454,1,Initial
bib-35,456,1,Initial
bib-35,470,1,Initial
bib-35,478,1,Initial
bib-35,516,1,Initial
bib-35,538,1,Initial
bib-35,580,1,Content Illustration
bib-35,601,1,Initial
bib-35,602,1,Content Illustration
bib-35,602,1,Initial
bib-35,624,1,Content Illustration
bib-35,640,1,Table
bib-35,643,1,Initial
bib-35,653,1,Initial
bib-35,659,1,Content Illustration
bib-35,659,2,Content Illustration
bib-35,662,1,Content Illustration
bib-35,667,1,Initial
bib-35,695,1,Initial
bib-35,701,1,Initial
bib-35,718,1,Printer's Mark
bib-35,720,1,Initial
bib-35,722,1,Initial
bib-35,738,1,Initial
bib-35,742,1,Content Illustration
bib-35,753,1,Initial
bib-35,758,1,Initial
bib-35,759,1,Initial
bib-35,768,1,Initial
bib-35,772,1,Initial
bib-35,775,1,Initial
bib-35,777,1,Initial
bib-35,781,1,Initial
bib-35,783,1,Initial
bib-35,785,1,Initial
bib-35,786,1,Initial
bib-35,790,1,Initial
bib-35,791,1,Initial
bib-35,794,1,Initial
bib-35,799,1,Initial
bib-35,802,1,Initial
bib-35,804,1,Content Illustration
bib-35,808,1,Initial
bib-35,817,1,Initial
bib-35,817,2,Initial
bib-35,818,1,Initial
bib-35,821,1,Initial
bib-35,822,1,Content Illustration
bib-35,823,1,Content Illustration
bib-35,823,2,Content Illustration
bib-35,823,3,Content Illustration
bib-35,824,1,Content Illustration
bib-35,824,1,Initial
bib-35,826,1,Initial
bib-35,826,2,Initial
bib-35,833,1,Initial
bib-35,835,1,Initial
bib-35,837,1,Content Illustration
bib-35,839,1,Content Illustration
bib-35,839,2,Content Illustration
bib-35,840,1,Content Illustration
bib-35,840,2,Content Illustration
bib-35,840,3,Content Illustration
bib-35,841,1,Content Illustration
bib-35,841,1,Initial
bib-35,843,1,Initial
bib-35,848,1,Initial
bib-35,851,1,Initial
bib-35,855,1,Initial
bib-35,855,2,Initial
bib-35,857,1,Initial
bib-35,859,1,Initial
bib-35,861,1,Initial
bib-35,861,2,Initial
bib-35,862,1,Initial
bib-35,868,1,Initial
bib-35,873,1,Initial
bib-35,875,1,Initial
bib-35,877,1,Initial
bib-35,878,1,Initial
bib-35,878,2,Initial
bib-35,881,1,Initial
bib-35,881,2,Initial
bib-35,882,1,Initial
bib-35,883,1,Initial
bib-35,885,1,Initial
bib-35,886,1,Initial
bib-35,887,1,Initial
bib-35,889,1,Initial
bib-35,890,1,Initial
bib-35,896,1,Initial
bib-35,897,1,Content Illustration
bib-35,897,1,Initial
bib-35,900,1,Initial
bib-35,900,2,Initial
bib-35,901,1,Initial
bib-35,901,2,Initial
bib-35,902,1,Initial
bib-35,902,2,Initial
bib-35,903,1,Initial
bib-35,903,2,Initial
bib-35,904,1,Initial
bib-35,905,1,Initial
bib-35,905,2,Initial
bib-35,906,1,Initial
bib-35,907,1,Initial
bib-35,907,2,Initial
bib-35,909,1,Initial
bib-35,909,2,Initial
bib-35,910,1,Initial
X2T7PY,3,1,Content Illustration
X2T7PY,4,1,Printer's Mark
X2T7PY,5,1,Content Illustration
X2T7PY,6,1,Initial
X2T7PY,8,1,Initial
X2T7PY,10,1,Initial
X2T7PY,12,1,Initial
X2T7PY,14,1,Content Illustration
X2T7PY,14,1,Printer's Mark
X2T7PY,15,1,Content Illustration
X2T7PY,16,1,Initial
X2T7PY,17,1,Content Illustration
X2T7PY,19,1,Content Illustration
X2T7PY,21,1,Initial
X2T7PY,22,1,Content Illustration
X2T7PY,22,2,Content Illustration
X2T7PY,23,1,Content Illustration
X2T7PY,23,2,Content Illustration
X2T7PY,25,1,Content Illustration
X2T7PY,25,2,Content Illustration
X2T7PY,26,1,Initial
X2T7PY,27,1,Content Illustration
X2T7PY,29,1,Content Illustration
X2T7PY,31,1,Content Illustration
X2T7PY,33,1,Content Illustration
X2T7PY,34,1,Initial
X2T7PY,35,1,Content Illustration
X2T7PY,37,1,Content Illustration
X2T7PY,40,1,Content Illustration
X2T7PY,41,1,Content Illustration
X2T7PY,41,1,Initial
X2T7PY,43,1,Initial
X2T7PY,43,2,Initial
X2T7PY,44,1,Content Illustration
X2T7PY,44,2,Content Illustration
X2T7PY,45,1,Content Illustration
X2T7PY,45,2,Content Illustration
X2T7PY,46,1,Content Illustration
X2T7PY,46,2,Content Illustration
X2T7PY,47,1,Content Illustration
X2T7PY,47,2,Content Illustration
X2T7PY,48,1,Initial
X2T7PY,49,1,Initial
X2T7PY,50,1,Content Illustration
X2T7PY,51,1,Content Illustration
X2T7PY,54,1,Initial
X2T7PY,55,1,Content Illustration
X2T7PY,57,1,Content Illustration
X2T7PY,59,1,Content Illustration
X2T7PY,61,1,Content Illustration
X2T7PY,63,1,Content Illustration
X2T7PY,63,1,Initial
X2T7PY,64,1,Initial
X2T7PY,69,1,Content Illustration
X2T7PY,71,1,Content Illustration
X2T7PY,72,1,Content Illustration
X2T7PY,73,1,Content Illustration
X2T7PY,74,1,Initial
X2T7PY,75,1,Initial
X2T7PY,76,1,Content Illustration
X2T7PY,77,1,Content Illustration
X2T7PY,80,1,Content Illustration
X2T7PY,81,1,Content Illustration
X2T7PY,82,1,Initial
X2T7PY,84,1,Content Illustration
X2T7PY,85,1,Content Illustration
X2T7PY,88,1,Content Illustration
X2T7PY,89,1,Content Illustration
X2T7PY,93,1,Content Illustration
X2T7PY,93,1,Initial
X2T7PY,95,1,Content Illustration
X2T7PY,95,1,Initial
X2T7PY,97,1,Content Illustration
X2T7PY,98,1,Initial
X2T7PY,100,1,Content Illustration
X2T7PY,101,1,Content Illustration
X2T7PY,104,1,Content Illustration
X2T7PY,105,1,Content Illustration
X2T7PY,105,1,Initial
X2T7PY,106,1,Content Illustration
X2T7PY,107,1,Content Illustration
X2T7PY,112,1,Initial
X2T7PY,113,1,Content Illustration
X2T7PY,115,1,Content Illustration
X2T7PY,119,1,Initial
X2T7PY,122,1,Content Illustration
X2T7PY,124,1,Content Illustration
X2T7PY,128,1,Content Illustration
X2T7PY,129,1,Content Illustration
X2T7PY,135,1,Content Illustration
X2T7PY,137,1,Content Illustration
X2T7PY,137,2,Content Illustration
X2T7PY,139,1,Decoration
X2T7PY,158,1,Printer's Mark
X2T7PY,159,1,Content Illustration
X2T7PY,160,1,Content Illustration
144JC3,2,1,Printer's Mark
144JC3,4,1,Decoration
144JC3,4,1,Initial
144JC3,9,1,Decoration
144JC3,10,1,Decoration
144JC3,10,2,Decoration
144JC3,10,1,Initial
144JC3,26,1,Decoration
144JC3,27,1,Decoration
144JC3,27,2,Decoration
144JC3,27,1,Initial
144JC3,30,1,Decoration
144JC3,35,1,Decoration
144JC3,36,1,Decoration
144JC3,36,2,Decoration
144JC3,36,1,Initial
144JC3,60,1,Decoration
144JC3,61,1,Decoration
144JC3,61,2,Decoration
144JC3,61,1,Initial
144JC3,62,1,Content Illustration
144JC3,62,2,Content Illustration
144JC3,62,3,Content Illustration
144JC3,82,1,Decoration
144JC3,82,2,Decoration
144JC3,82,1,Initial
144JC3,83,1,Content Illustration
144JC3,83,2,Content Illustration
144JC3,83,3,Content Illustration
144JC3,85,1,Content Illustration
144JC3,88,1,Content Illustration
144JC3,90,1,Decoration
144JC3,91,1,Decoration
144JC3,91,2,Decoration
144JC3,91,1,Initial
144JC3,92,1,Content Illustration
144JC3,93,1,Content Illustration
144JC3,99,1,Content Illustration
144JC3,99,2,Content Illustration
144JC3,99,3,Content Illustration
144JC3,99,1,Decoration
144JC3,99,2,Decoration
144JC3,99,1,Initial
144JC3,100,1,Content Illustration
144JC3,100,2,Content Illustration
144JC3,101,1,Content Illustration
144JC3,101,2,Content Illustration
144JC3,102,1,Content Illustration
144JC3,104,1,Content Illustration
144JC3,105,1,Content Illustration
144JC3,107,1,Content Illustration
144JC3,110,1,Decoration
144JC3,110,2,Decoration
144JC3,110,1,Initial
144JC3,114,1,Content Illustration
144JC3,115,1,Decoration
144JC3,116,1,Decoration
144JC3,116,2,Decoration
144JC3,116,1,Initial
144JC3,118,1,Content Illustration
144JC3,128,1,Decoration
144JC3,128,2,Decoration
144JC3,128,1,Initial
144JC3,129,1,Content Illustration
144JC3,129,2,Content Illustration
144JC3,129,3,Content Illustration
144JC3,134,1,Content Illustration
144JC3,135,1,Content Illustration
144JC3,136,1,Content Illustration
144JC3,136,2,Content Illustration
144JC3,137,1,Content Illustration
144JC3,138,1,Content Illustration
144JC3,140,1,Content Illustration
144JC3,145,1,Content Illustration
144JC3,145,2,Content Illustration
144JC3,146,1,Content Illustration
144JC3,147,1,Content Illustration
144JC3,148,1,Content Illustration
144JC3,150,1,Initial
144JC3,159,1,Decoration
144JC3,159,2,Decoration
144JC3,159,1,Initial
144JC3,160,1,Content Illustration
144JC3,162,1,Content Illustration
144JC3,164,1,Content Illustration
144JC3,168,1,Content Illustration
144JC3,170,1,Content Illustration
144JC3,171,1,Decoration
144JC3,171,2,Decoration
144JC3,171,1,Initial
144JC3,173,1,Content Illustration
144JC3,177,1,Content Illustration
144JC3,178,1,Content Illustration
144JC3,182,1,Content Illustration
144JC3,184,1,Content Illustration
144JC3,188,1,Decoration
144JC3,189,1,Decoration
144JC3,189,2,Decoration
144JC3,189,1,Initial
144JC3,190,1,Content Illustration
144JC3,190,2,Content Illustration
144JC3,190,3,Content Illustration
144JC3,191,1,Content Illustration
144JC3,192,1,Content Illustration
144JC3,193,1,Content Illustration
144JC3,194,1,Content Illustration
144JC3,195,1,Decoration
144JC3,196,1,Content Illustration
144JC3,197,1,Content Illustration
144JC3,197,2,Content Illustration
144JC3,198,1,Content Illustration
144JC3,198,2,Content Illustration
144JC3,199,1,Content Illustration
144JC3,200,1,Content Illustration
144JC3,201,1,Content Illustration
144JC3,202,1,Content Illustration
144JC3,203,1,Content Illustration
144JC3,204,1,Decoration
144JC3,205,1,Content Illustration
144JC3,205,1,Decoration
144JC3,205,2,Decoration
144JC3,205,1,Initial
144JC3,210,1,Content Illustration
144JC3,211,1,Content Illustration
144JC3,211,2,Content Illustration
144JC3,212,1,Content Illustration
144JC3,213,1,Content Illustration
144JC3,214,1,Content Illustration
144JC3,216,1,Content Illustration
144JC3,218,1,Decoration
144JC3,218,2,Decoration
144JC3,218,1,Initial
144JC3,220,1,Content Illustration
144JC3,221,1,Content Illustration
144JC3,222,1,Content Illustration
144JC3,223,1,Content Illustration
144JC3,229,1,Content Illustration
144JC3,231,1,Content Illustration
144JC3,232,1,Content Illustration
144JC3,233,1,Content Illustration
144JC3,234,1,Content Illustration
144JC3,234,2,Content Illustration
144JC3,235,1,Content Illustration
144JC3,235,2,Content Illustration
144JC3,237,1,Content Illustration
Ferrara_1587,73,1,Content Illustration
Ferrara_1587,94,1,Content Illustration
Ferrara_1587,99,1,Content Illustration
Ferrara_1587,110,1,Content Illustration
Ferrara_1587,110,2,Content Illustration
Ferrara_1587,111,1,Content Illustration
Ferrara_1587,111,2,Content Illustration
Ferrara_1587,113,1,Content Illustration
Ferrara_1587,115,1,Content Illustration
Ferrara_1587,116,1,Content Illustration
Ferrara_1587,118,1,Content Illustration
Ferrara_1587,123,1,Content Illustration
Ferrara_1587,140,1,Content Illustration
Ferrara_1587,140,2,Content Illustration
Ferrara_1587,140,3,Content Illustration
Ferrara_1587,145,1,Content Illustration
Ferrara_1587,145,2,Content Illustration
Ferrara_1587,146,1,Content Illustration
Ferrara_1587,147,1,Content Illustration
Ferrara_1587,147,2,Content Illustration
Ferrara_1587,148,1,Content Illustration
Ferrara_1587,149,1,Content Illustration
Ferrara_1587,150,1,Content Illustration
Ferrara_1587,156,1,Content Illustration
Ferrara_1587,156,2,Content Illustration
Ferrara_1587,157,1,Content Illustration
Ferrara_1587,157,2,Content Illustration
Ferrara_1587,159,1,Content Illustration
Ferrara_1587,171,1,Content Illustration
Ferrara_1587,171,2,Content Illustration
Ferrara_1587,173,1,Content Illustration
Ferrara_1587,174,1,Content Illustration
Ferrara_1587,175,1,Content Illustration
Ferrara_1587,179,1,Content Illustration
Ferrara_1587,180,1,Content Illustration
Ferrara_1587,181,1,Content Illustration
Ferrara_1587,184,1,Content Illustration
Ferrara_1587,189,1,Content Illustration
Ferrara_1587,201,1,Content Illustration
Ferrara_1587,204,1,Content Illustration
Ferrara_1587,205,1,Content Illustration
Ferrara_1587,208,1,Content Illustration
Ferrara_1587,208,2,Content Illustration
Ferrara_1587,209,1,Content Illustration
Ferrara_1587,210,1,Content Illustration
Ferrara_1587,211,1,Content Illustration
Ferrara_1587,212,1,Content Illustration
Ferrara_1587,213,1,Content Illustration
Ferrara_1587,214,1,Content Illustration
Ferrara_1587,216,1,Content Illustration
Ferrara_1587,221,1,Content Illustration
Ferrara_1587,222,1,Content Illustration
Ferrara_1587,223,1,Content Illustration
Ferrara_1587,224,1,Content Illustration
Ferrara_1587,225,1,Content Illustration
Ferrara_1587,226,1,Content Illustration
Ferrara_1587,227,1,Content Illustration
Ferrara_1587,227,2,Content Illustration
Ferrara_1587,231,1,Content Illustration
Ferrara_1587,232,1,Content Illustration
Ferrara_1587,233,1,Content Illustration
Ferrara_1587,233,2,Content Illustration
Ferrara_1587,234,1,Content Illustration
Ferrara_1587,235,1,Content Illustration
Ferrara_1587,240,1,Content Illustration
Ferrara_1587,242,1,Content Illustration
Ferrara_1587,243,1,Content Illustration
Ferrara_1587,244,1,Content Illustration
Ferrara_1587,245,1,Content Illustration
Ferrara_1587,245,2,Content Illustration
Ferrara_1587,246,1,Content Illustration
Ferrara_1587,246,2,Content Illustration
Ferrara_1587,248,1,Content Illustration
Ferrara_1587,249,1,Content Illustration
Ferrara_1587,249,2,Content Illustration
Ferrara_1587,249,3,Content Illustration
Ferrara_1587,249,4,Content Illustration
Ferrara_1587,249,5,Content Illustration
Ferrara_1587,249,6,Content Illustration
Ferrara_1587,249,7,Content Illustration
Ferrara_1587,250,1,Content Illustration
bib-45,25,1,Content Illustration
bib-45,33,1,Content Illustration
bib-45,40,1,Content Illustration
bib-45,50,1,Content Illustration
bib-45,57,1,Content Illustration
bib-45,81,1,Content Illustration
bib-45,82,1,Content Illustration
bib-45,83,1,Content Illustration
bib-45,83,2,Content Illustration
bib-45,100,1,Content Illustration
bib-45,138,1,Content Illustration
bib-45,143,1,Content Illustration
bib-45,153,1,Content Illustration
bib-45,153,2,Content Illustration
bib-45,154,1,Content Illustration
bib-45,155,1,Content Illustration
bib-45,156,1,Content Illustration
bib-45,156,2,Content Illustration
bib-45,156,3,Content Illustration
bib-45,163,1,Content Illustration
bib-45,164,1,Content Illustration
bib-45,164,2,Content Illustration
bib-45,164,3,Content Illustration
bib-45,172,1,Content Illustration
bib-45,188,1,Content Illustration
bib-45,188,2,Content Illustration
bib-45,189,1,Content Illustration
bib-45,190,1,Content Illustration
bib-45,190,2,Content Illustration
bib-45,192,1,Content Illustration
bib-45,192,2,Content Illustration
bib-45,192,3,Content Illustration
bib-45,192,4,Content Illustration
bib-45,193,1,Content Illustration
bib-45,193,2,Content Illustration
bib-45,194,1,Content Illustration
bib-45,196,1,Content Illustration
bib-45,196,2,Content Illustration
bib-45,197,1,Content Illustration
bib-45,197,2,Content Illustration
bib-45,197,3,Content Illustration
bib-45,198,1,Content Illustration
bib-45,199,1,Content Illustration
bib-45,199,2,Content Illustration
bib-45,199,3,Content Illustration
bib-45,200,1,Content Illustration
bib-45,200,2,Content Illustration
bib-45,201,1,Content Illustration
bib-45,201,2,Content Illustration
bib-45,202,1,Content Illustration
bib-45,202,2,Content Illustration
bib-45,204,1,Content Illustration
bib-45,208,1,Content Illustration
bib-45,214,1,Content Illustration
bib-45,241,1,Content Illustration
bib-45,243,1,Content Illustration
bib-45,245,1,Content Illustration
bib-45,247,1,Content Illustration
bib-45,248,1,Content Illustration
bib-45,249,1,Content Illustration
bib-45,250,1,Content Illustration
bib-45,251,1,Content Illustration
bib-45,252,1,Content Illustration
bib-45,255,1,Content Illustration
bib-45,258,1,Content Illustration
bib-45,260,1,Content Illustration
bib-45,262,1,Content Illustration
bib-45,264,1,Content Illustration
bib-45,265,1,Content Illustration
bib-45,267,1,Content Illustration
bib-45,269,1,Content Illustration
bib-45,271,1,Content Illustration
bib-45,272,1,Content Illustration
bib-45,274,1,Content Illustration
bib-45,275,1,Content Illustration
bib-45,276,1,Content Illustration
bib-45,278,1,Content Illustration
bib-45,279,1,Content Illustration
bib-45,281,1,Content Illustration
bib-45,282,1,Content Illustration
bib-45,282,2,Content Illustration
bib-45,283,1,Content Illustration
bib-45,283,2,Content Illustration
bib-45,284,1,Content Illustration
bib-45,285,1,Content Illustration
bib-45,285,2,Content Illustration
bib-45,286,1,Content Illustration
bib-45,287,1,Content Illustration
bib-45,288,1,Content Illustration
bib-45,289,1,Content Illustration
bib-45,290,1,Content Illustration
bib-45,292,1,Content Illustration
bib-45,293,1,Content Illustration
bib-45,294,1,Content Illustration
bib-45,294,2,Content Illustration
bib-45,295,1,Content Illustration
bib-45,296,1,Content Illustration
bib-45,297,1,Content Illustration
bib-45,297,2,Content Illustration
bib-45,298,1,Content Illustration
bib-45,298,2,Content Illustration
bib-45,299,1,Content Illustration
bib-45,301,1,Content Illustration
bib-45,301,2,Content Illustration
bib-45,302,1,Content Illustration
bib-45,304,1,Content Illustration
bib-45,305,1,Content Illustration
bib-45,306,1,Content Illustration
bib-45,306,2,Content Illustration
bib-45,308,1,Content Illustration
bib-45,308,2,Content Illustration
bib-45,310,1,Content Illustration
bib-45,311,1,Content Illustration
bib-45,312,1,Content Illustration
bib-45,313,1,Content Illustration
bib-45,314,1,Content Illustration
bib-45,316,1,Content Illustration
bib-45,317,1,Content Illustration
bib-45,317,2,Content Illustration
bib-45,318,1,Content Illustration
bib-45,319,1,Content Illustration
bib-45,321,1,Content Illustration
bib-45,322,1,Content Illustration
bib-45,322,2,Content Illustration
bib-45,324,1,Content Illustration
bib-45,324,2,Content Illustration
bib-45,325,1,Content Illustration
bib-45,326,1,Content Illustration
bib-45,327,1,Content Illustration
bib-45,327,2,Content Illustration
bib-45,329,1,Content Illustration
bib-45,329,2,Content Illustration
bib-45,330,1,Content Illustration
bib-45,330,2,Content Illustration
bib-45,332,1,Content Illustration
bib-45,333,1,Content Illustration
bib-45,334,1,Content Illustration
bib-45,334,2,Content Illustration
bib-45,335,1,Content Illustration
bib-45,337,1,Content Illustration
bib-45,337,2,Content Illustration
bib-45,338,1,Content Illustration
bib-45,339,1,Content Illustration
bib-45,339,2,Content Illustration
bib-45,340,1,Content Illustration
bib-45,342,1,Content Illustration
bib-45,343,1,Content Illustration
bib-45,345,1,Content Illustration
bib-45,346,1,Content Illustration
bib-45,347,1,Content Illustration
bib-45,348,1,Content Illustration
bib-45,349,1,Content Illustration
bib-45,350,1,Content Illustration
bib-45,356,1,Content Illustration
bib-45,357,1,Content Illustration
bib-45,358,1,Content Illustration
bib-45,362,1,Content Illustration
bib-45,363,1,Content Illustration
bib-45,365,1,Content Illustration
bib-45,365,2,Content Illustration
bib-45,366,1,Content Illustration
bib-45,366,2,Content Illustration
bib-45,366,3,Content Illustration
bib-45,367,1,Content Illustration
bib-45,367,2,Content Illustration
bib-45,368,1,Content Illustration
bib-45,369,1,Content Illustration
bib-45,375,1,Content Illustration
bib-45,376,1,Content Illustration
bib-45,377,1,Content Illustration
bib-45,377,2,Content Illustration
bib-45,378,1,Content Illustration
bib-45,382,1,Content Illustration
bib-45,384,1,Content Illustration
bib-45,387,1,Content Illustration
bib-45,387,2,Content Illustration
bib-45,387,3,Content Illustration
bib-45,388,1,Content Illustration
bib-45,391,1,Content Illustration
bib-45,391,2,Content Illustration
bib-45,392,1,Content Illustration
bib-45,395,1,Content Illustration
bib-45,402,1,Content Illustration
bib-45,405,1,Content Illustration
bib-45,405,2,Content Illustration
bib-45,406,1,Content Illustration
bib-45,406,2,Content Illustration
bib-45,407,1,Content Illustration
bib-45,408,1,Content Illustration
bib-45,411,1,Content Illustration
bib-45,412,1,Content Illustration
bib-45,412,2,Content Illustration
bib-45,415,1,Content Illustration
bib-45,416,1,Content Illustration
bib-45,420,1,Content Illustration
bib-45,424,1,Content Illustration
bib-45,425,1,Content Illustration
bib-45,427,1,Content Illustration
bib-45,428,1,Content Illustration
bib-45,431,1,Content Illustration
bib-45,432,1,Content Illustration
bib-45,433,1,Content Illustration
bib-45,436,1,Content Illustration
bib-45,440,1,Content Illustration
bib-45,440,2,Content Illustration
bib-45,444,1,Content Illustration
bib-45,445,1,Content Illustration
bib-45,454,1,Content Illustration
bib-45,455,1,Content Illustration
bib-45,469,1,Content Illustration
bib-45,473,1,Content Illustration
bib-45,489,1,Content Illustration
bib-45,491,1,Content Illustration
bib-45,500,1,Content Illustration
bib-45,502,1,Content Illustration
bib-45,504,1,Content Illustration
bib-45,504,2,Content Illustration
bib-45,505,1,Content Illustration
bib-45,523,1,Content Illustration
bib-45,526,1,Content Illustration
bib-45,535,1,Content Illustration
bib-45,536,1,Content Illustration
bib-45,542,1,Content Illustration
bib-45,544,1,Content Illustration
bib-45,552,1,Content Illustration
bib-45,559,1,Content Illustration
bib-45,560,1,Content Illustration
bib-45,562,1,Content Illustration
bib-45,575,1,Content Illustration
bib-45,577,1,Content Illustration
bib-45,581,1,Content Illustration
bib-45,583,1,Content Illustration
bib-45,586,1,Content Illustration
bib-45,591,1,Content Illustration
bib-45,593,1,Content Illustration
bib-45,595,1,Content Illustration
bib-45,599,1,Content Illustration
bib-45,601,1,Content Illustration
bib-45,603,1,Content Illustration
bib-45,608,1,Content Illustration
bib-45,612,1,Content Illustration
bib-45,615,1,Content Illustration
bib-45,617,1,Content Illustration
bib-45,624,1,Content Illustration
bib-45,624,2,Content Illustration
bib-45,626,1,Content Illustration
bib-45,630,1,Content Illustration
bib-45,631,1,Content Illustration
bib-45,632,1,Content Illustration
bib-45,634,1,Content Illustration
bib-45,636,1,Content Illustration
bib-45,637,1,Content Illustration
bib-45,638,1,Content Illustration
bib-45,639,1,Content Illustration
bib-45,641,1,Content Illustration
bib-45,642,1,Content Illustration
bib-45,646,1,Content Illustration
bib-45,647,1,Content Illustration
bib-45,648,1,Content Illustration
bib-45,650,1,Content Illustration
bib-45,652,1,Content Illustration
bib-45,653,1,Content Illustration
bib-45,655,1,Content Illustration
bib-45,658,1,Content Illustration
bib-45,659,1,Content Illustration
bib-45,662,1,Content Illustration
bib-45,665,1,Content Illustration
bib-45,668,1,Content Illustration
bib-45,669,1,Content Illustration
bib-45,670,1,Content Illustration
bib-45,672,1,Content Illustration
bib-45,672,2,Content Illustration
bib-45,674,1,Content Illustration
bib-45,676,1,Content Illustration
bib-45,681,1,Content Illustration
bib-45,683,1,Content Illustration
bib-45,687,1,Content Illustration
bib-45,690,1,Content Illustration
bib-45,692,1,Content Illustration
bib-45,698,1,Content Illustration
bib-45,701,1,Content Illustration
bib-45,705,1,Content Illustration
bib-45,708,1,Content Illustration
bib-45,712,1,Content Illustration
bib-45,714,1,Content Illustration
bib-45,717,1,Content Illustration
bib-45,720,1,Content Illustration
bib-45,722,1,Content Illustration
bib-45,724,1,Content Illustration
bib-45,726,1,Content Illustration
bib-45,727,1,Content Illustration
bib-45,730,1,Content Illustration
bib-45,732,1,Content Illustration
bib-45,733,1,Content Illustration
bib-45,736,1,Content Illustration
bib-45,740,1,Content Illustration
bib-45,745,1,Content Illustration
bib-45,747,1,Content Illustration
bib-45,751,1,Content Illustration
bib-45,764,1,Content Illustration
bib-45,783,1,Content Illustration
bib-45,784,1,Content Illustration
bib-45,786,1,Content Illustration
bib-45,786,2,Content Illustration
bib-45,787,1,Content Illustration
bib-45,788,1,Content Illustration
bib-45,790,1,Content Illustration
bib-45,791,1,Content Illustration
bib-45,792,1,Content Illustration
bib-45,793,1,Content Illustration
bib-45,794,1,Content Illustration
bib-45,795,1,Content Illustration
bib-45,795,2,Content Illustration
bib-45,795,3,Content Illustration
bib-45,796,1,Content Illustration
bib-45,797,1,Content Illustration
bib-45,799,1,Content Illustration
bib-45,800,1,Content Illustration
bib-45,801,1,Content Illustration
bib-45,803,1,Content Illustration
bib-45,805,1,Content Illustration
bib-45,807,1,Content Illustration
bib-45,808,1,Content Illustration
bib-45,808,2,Content Illustration
bib-45,809,1,Content Illustration
bib-45,809,2,Content Illustration
bib-45,810,1,Content Illustration
bib-45,810,2,Content Illustration
bib-45,811,1,Content Illustration
bib-45,811,2,Content Illustration
bib-45,812,1,Content Illustration
bib-45,814,1,Content Illustration
bib-45,815,1,Content Illustration
bib-45,817,1,Content Illustration
bib-45,817,2,Content Illustration
bib-45,819,1,Content Illustration
bib-259,1,1,Printer's Mark
bib-259,3,1,Decoration
bib-259,3,1,Initial
bib-259,8,1,Decoration
bib-259,9,1,Decoration
bib-259,9,1,Initial
bib-259,13,1,Decoration
bib-259,13,1,Initial
bib-259,18,1,Content Illustration
bib-259,31,1,Table
bib-259,36,1,Content Illustration
bib-259,36,2,Content Illustration
bib-259,36,3,Content Illustration
bib-259,36,4,Content Illustration
bib-259,36,5,Content Illustration
bib-259,41,1,Decoration
bib-259,41,1,Initial
bib-259,44,1,Content Illustration
bib-259,46,1,Content Illustration
bib-259,55,1,Decoration
bib-259,55,1,Initial
bib-259,56,1,Content Illustration
bib-259,56,2,Content Illustration
bib-259,57,1,Content Illustration
bib-259,57,2,Content Illustration
bib-259,57,3,Content Illustration
bib-259,57,4,Content Illustration
bib-259,58,1,Content Illustration
bib-259,58,2,Content Illustration
bib-259,59,1,Content Illustration
bib-259,60,1,Content Illustration
bib-259,61,1,Content Illustration
bib-259,61,2,Content Illustration
bib-259,61,3,Content Illustration
bib-259,62,1,Content Illustration
bib-259,62,2,Content Illustration
bib-259,63,1,Content Illustration
bib-259,64,1,Content Illustration
bib-259,64,2,Content Illustration
bib-259,65,1,Content Illustration
bib-259,65,2,Content Illustration
bib-259,67,1,Content Illustration
bib-259,68,1,Content Illustration
bib-259,68,2,Content Illustration
bib-259,69,1,Content Illustration
bib-259,70,1,Content Illustration
bib-259,72,1,Content Illustration
bib-259,74,1,Content Illustration
bib-259,75,1,Content Illustration
bib-259,77,1,Content Illustration
bib-259,79,1,Content Illustration
bib-259,79,2,Content Illustration
bib-259,80,1,Content Illustration
bib-259,81,1,Content Illustration
bib-259,82,1,Content Illustration
bib-259,82,2,Content Illustration
bib-259,83,1,Content Illustration
bib-259,84,1,Content Illustration
bib-259,84,2,Content Illustration
bib-259,85,1,Content Illustration
bib-259,89,1,Content Illustration
bib-259,95,1,Content Illustration
bib-259,103,1,Content Illustration
bib-259,105,1,Content Illustration
bib-259,108,1,Content Illustration
bib-259,111,1,Content Illustration
bib-259,114,1,Content Illustration
bib-259,115,1,Content Illustration
bib-259,117,1,Content Illustration
bib-259,120,1,Decoration
bib-259,121,1,Content Illustration
bib-259,123,1,Decoration
bib-259,123,1,Initial
bib-52,1,1,Initial
bib-52,3,1,Printer's Mark
bib-52,4,1,Printer's Mark
bib-52,8,1,Decoration
bib-52,8,2,Decoration
bib-52,8,1,Initial
bib-52,11,1,Decoration
bib-52,12,1,Content Illustration
bib-52,13,1,Content Illustration
bib-52,14,1,Content Illustration
bib-52,16,1,Decoration
bib-52,16,1,Initial
bib-52,25,1,Content Illustration
bib-52,33,1,Table
bib-52,34,1,Content Illustration
bib-52,38,1,Content Illustration
bib-52,41,1,Content Illustration
bib-52,42,1,Content Illustration
bib-52,42,1,Initial
bib-52,43,1,Content Illustration
bib-52,43,2,Content Illustration
bib-52,45,1,Content Illustration
bib-52,46,1,Content Illustration
bib-52,47,1,Content Illustration
bib-52,49,1,Content Illustration
bib-52,50,1,Content Illustration
bib-52,50,2,Content Illustration
bib-52,52,1,Content Illustration
bib-52,53,1,Content Illustration
bib-52,54,1,Content Illustration
bib-52,54,2,Content Illustration
bib-52,55,1,Content Illustration
bib-52,56,1,Content Illustration
bib-52,56,2,Content Illustration
bib-52,58,1,Content Illustration
bib-52,59,1,Content Illustration
bib-52,60,1,Content Illustration
bib-52,61,1,Content Illustration
bib-52,62,1,Content Illustration
bib-52,63,1,Content Illustration
bib-52,63,2,Content Illustration
bib-52,64,1,Content Illustration
bib-52,65,1,Content Illustration
bib-52,67,1,Content Illustration
bib-52,70,1,Content Illustration
bib-52,71,1,Table
bib-52,72,1,Content Illustration
bib-52,75,1,Content Illustration
bib-52,76,1,Content Illustration
bib-52,76,2,Content Illustration
bib-52,76,1,Table
bib-52,77,1,Content Illustration
bib-52,80,1,Content Illustration
bib-52,83,1,Content Illustration
bib-52,85,1,Content Illustration
bib-52,86,1,Content Illustration
bib-52,87,1,Content Illustration
bib-52,88,1,Content Illustration
bib-52,90,1,Table
bib-52,91,1,Table
bib-52,93,1,Table
bib-52,94,1,Table
bib-52,95,1,Table
bib-52,96,1,Table
bib-52,97,1,Table
bib-52,98,1,Table
bib-52,99,1,Table
bib-52,100,1,Table
bib-52,101,1,Table
bib-52,102,1,Table
bib-52,103,1,Table
bib-52,104,1,Table
bib-52,105,1,Table
bib-52,106,1,Table
bib-52,107,1,Table
bib-52,108,1,Table
bib-52,109,1,Table
bib-52,110,1,Table
bib-52,111,1,Table
bib-52,113,1,Table
bib-52,114,1,Table
bib-52,116,1,Table
bib-52,117,1,Table
bib-52,119,1,Table
bib-52,120,1,Table
bib-52,121,1,Table
bib-52,122,1,Table
bib-52,123,1,Table
bib-52,124,1,Table
bib-52,125,1,Table
bib-52,126,1,Table
bib-52,128,1,Table
bib-52,129,1,Table
bib-52,130,1,Decoration
bib-52,131,1,Table
bib-52,132,1,Table
bib-52,133,1,Table
bib-52,134,1,Table
bib-52,135,1,Table
bib-52,136,1,Table
bib-52,137,1,Table
bib-52,139,1,Decoration
bib-52,139,1,Table
bib-52,140,1,Table
bib-52,141,1,Table
bib-52,142,1,Decoration
bib-52,142,1,Table
bib-52,143,1,Table
bib-52,144,1,Table
bib-52,145,1,Table
bib-52,146,1,Decoration
bib-52,146,1,Table
bib-52,147,1,Table
bib-52,148,1,Decoration
bib-52,148,1,Table
bib-52,151,1,Table
bib-52,152,1,Table
bib-52,153,1,Table
bib-52,154,1,Table
bib-52,155,1,Decoration
bib-52,155,1,Table
bib-52,156,1,Decoration
bib-52,156,2,Decoration
bib-52,156,1,Table
bib-52,157,1,Decoration
bib-52,157,1,Table
bib-52,158,1,Decoration
bib-52,158,1,Table
bib-52,159,1,Decoration
bib-52,159,2,Decoration
bib-52,160,1,Table
bib-52,161,1,Table
bib-52,162,1,Table
bib-52,163,1,Decoration
bib-52,163,1,Table
bib-52,164,1,Table
bib-52,165,1,Table
bib-52,166,1,Table
bib-52,167,1,Decoration
bib-52,167,1,Table
bib-52,168,1,Table
bib-52,170,1,Decoration
bib-52,171,1,Table
bib-52,172,1,Table
bib-52,173,1,Table
bib-52,174,1,Table
bib-52,175,1,Table
bib-52,176,1,Table
bib-52,179,1,Decoration
bib-52,179,2,Decoration
bib-52,183,1,Table
bib-52,186,1,Decoration
bib-52,186,2,Decoration
bib-52,187,1,Decoration
bib-52,189,1,Decoration
bib-52,192,1,Decoration
bib-52,193,1,Table
bib-52,194,1,Decoration
bib-52,197,1,Table
bib-52,198,1,Decoration
bib-52,199,1,Decoration
bib-52,199,1,Table
bib-52,200,1,Decoration
bib-52,202,1,Decoration
bib-52,203,1,Table
bib-52,204,1,Decoration
bib-52,205,1,Table
bib-52,206,1,Table
bib-52,207,1,Table
bib-52,208,1,Table
bib-52,209,1,Table
bib-52,210,1,Table
bib-52,217,1,Table
bib-52,222,1,Decoration
bib-52,227,1,Decoration
bib-52,228,1,Table
bib-52,230,1,Decoration
bib-52,231,1,Decoration
bib-52,232,1,Decoration
bib-52,233,1,Table
bib-52,235,1,Decoration
bib-52,238,1,Initial
bib-52,242,1,Decoration
bib-52,242,1,Initial
bib-52,245,1,Decoration
bib-52,246,1,Content Illustration
bib-52,246,1,Initial
bib-52,247,1,Content Illustration
bib-52,247,2,Content Illustration
bib-52,249,1,Content Illustration
bib-52,250,1,Content Illustration
bib-52,251,1,Content Illustration
bib-52,252,1,Content Illustration
bib-52,252,2,Content Illustration
bib-52,254,1,Content Illustration
bib-52,254,2,Content Illustration
bib-52,258,1,Content Illustration
bib-52,260,1,Content Illustration
bib-52,261,1,Content Illustration
bib-52,262,1,Content Illustration
bib-52,263,1,Content Illustration
bib-52,264,1,Content Illustration
bib-52,266,1,Content Illustration
bib-52,268,1,Content Illustration
bib-52,270,1,Content Illustration
bib-52,273,1,Content Illustration
bib-52,275,1,Content Illustration
bib-52,276,1,Content Illustration
bib-52,277,1,Content Illustration
bib-52,278,1,Content Illustration
bib-52,279,1,Content Illustration
bib-52,280,1,Content Illustration
bib-52,284,1,Content Illustration
bib-52,285,1,Content Illustration
bib-52,286,1,Content Illustration
bib-52,287,1,Content Illustration
bib-52,289,1,Content Illustration
bib-52,292,1,Content Illustration
bib-52,293,1,Content Illustration
bib-52,295,1,Content Illustration
bib-52,296,1,Content Illustration
bib-52,297,1,Content Illustration
bib-52,298,1,Content Illustration
bib-52,299,1,Content Illustration
bib-52,300,1,Content Illustration
bib-52,302,1,Content Illustration
bib-52,303,1,Content Illustration
bib-52,304,1,Content Illustration
bib-52,306,1,Content Illustration
bib-52,308,1,Content Illustration
bib-52,309,1,Content Illustration
bib-52,310,1,Content Illustration
bib-52,310,1,Decoration
bib-52,311,1,Content Illustration
bib-52,313,1,Content Illustration
bib-52,316,1,Content Illustration
bib-52,317,1,Content Illustration
bib-52,319,1,Content Illustration
bib-52,321,1,Content Illustration
bib-52,323,1,Content Illustration
bib-52,325,1,Content Illustration
bib-52,326,1,Content Illustration
bib-52,327,1,Content Illustration
bib-52,329,1,Content Illustration
bib-52,330,1,Content Illustration
bib-52,331,1,Content Illustration
bib-52,334,1,Content Illustration
bib-52,335,1,Content Illustration
bib-52,337,1,Content Illustration
bib-52,339,1,Content Illustration
bib-52,342,1,Content Illustration
bib-52,343,1,Content Illustration
bib-52,344,1,Content Illustration
bib-52,346,1,Content Illustration
bib-52,348,1,Content Illustration
bib-52,351,1,Content Illustration
bib-52,352,1,Content Illustration
bib-52,354,1,Content Illustration
bib-52,355,1,Content Illustration
bib-52,355,1,Decoration
bib-52,356,1,Decoration
bib-52,356,2,Decoration
bib-52,356,1,Initial
bib-52,358,1,Decoration
bib-52,359,1,Content Illustration
bib-52,359,1,Initial
bib-52,361,1,Content Illustration
bib-52,362,1,Content Illustration
bib-52,362,2,Content Illustration
bib-52,362,1,Decoration
bib-52,364,1,Content Illustration
bib-52,366,1,Content Illustration
bib-52,368,1,Content Illustration
bib-52,369,1,Content Illustration
bib-52,371,1,Content Illustration
bib-52,372,1,Content Illustration
bib-52,374,1,Content Illustration
bib-52,375,1,Content Illustration
bib-52,376,1,Content Illustration
bib-52,377,1,Content Illustration
bib-52,378,1,Content Illustration
bib-52,379,1,Content Illustration
bib-52,381,1,Content Illustration
bib-52,382,1,Content Illustration
bib-52,383,1,Content Illustration
bib-52,384,1,Content Illustration
bib-52,386,1,Content Illustration
bib-52,388,1,Content Illustration
bib-52,389,1,Content Illustration
bib-52,391,1,Content Illustration
bib-52,392,1,Content Illustration
bib-52,394,1,Content Illustration
bib-52,396,1,Content Illustration
bib-52,397,1,Content Illustration
bib-52,398,1,Content Illustration
bib-52,399,1,Content Illustration
bib-52,400,1,Content Illustration
bib-52,402,1,Content Illustration
bib-52,403,1,Content Illustration
bib-52,404,1,Content Illustration
bib-52,406,1,Content Illustration
bib-52,407,1,Content Illustration
bib-52,409,1,Content Illustration
bib-52,410,1,Content Illustration
bib-52,411,1,Content Illustration
bib-52,413,1,Content Illustration
bib-52,415,1,Content Illustration
bib-52,416,1,Content Illustration
bib-52,418,1,Content Illustration
bib-52,419,1,Content Illustration
bib-52,421,1,Content Illustration
bib-52,422,1,Content Illustration
bib-52,424,1,Content Illustration
bib-52,426,1,Content Illustration
bib-52,427,1,Decoration
bib-52,428,1,Initial
bib-52,429,1,Decoration
bib-52,430,1,Content Illustration
bib-52,431,1,Content Illustration
bib-52,432,1,Content Illustration
bib-52,435,1,Content Illustration
bib-52,436,1,Content Illustration
bib-52,437,1,Content Illustration
bib-52,438,1,Content Illustration
bib-52,440,1,Content Illustration
bib-52,441,1,Content Illustration
bib-52,442,1,Content Illustration
bib-52,442,2,Content Illustration
bib-52,444,1,Content Illustration
bib-52,444,2,Content Illustration
bib-52,445,1,Content Illustration
bib-52,447,1,Content Illustration
bib-52,448,1,Content Illustration
bib-52,449,1,Content Illustration
bib-52,451,1,Content Illustration
bib-52,452,1,Initial
bib-52,453,1,Content Illustration
bib-52,455,1,Content Illustration
bib-52,457,1,Content Illustration
bib-52,458,1,Content Illustration
bib-52,460,1,Content Illustration
bib-52,461,1,Content Illustration
bib-52,462,1,Content Illustration
bib-52,465,1,Content Illustration
bib-52,468,1,Content Illustration
bib-52,469,1,Table
bib-52,470,1,Initial
bib-52,472,1,Content Illustration
bib-52,474,1,Content Illustration
bib-52,476,1,Content Illustration
bib-52,478,1,Table
bib-52,479,1,Table
bib-52,480,1,Table
bib-52,481,1,Table
bib-52,482,1,Table
bib-52,483,1,Table
bib-52,484,1,Content Illustration
bib-52,486,1,Content Illustration
bib-52,490,1,Table
bib-52,491,1,Content Illustration
bib-52,494,1,Decoration
bib-52,495,1,Content Illustration
bib-52,497,1,Content Illustration
bib-52,498,1,Content Illustration
bib-52,499,1,Decoration
bib-52,500,1,Initial
XHZ2XV,2,1,Printer's Mark
XHZ2XV,5,1,Printer's Mark
XHZ2XV,6,1,Content Illustration
XHZ2XV,7,1,Decoration
XHZ2XV,7,1,Initial
XHZ2XV,12,1,Decoration
XHZ2XV,13,1,Decoration
XHZ2XV,13,1,Initial
XHZ2XV,17,1,Decoration
XHZ2XV,17,1,Initial
XHZ2XV,40,1,Content Illustration
XHZ2XV,40,2,Content Illustration
XHZ2XV,40,3,Content Illustration
XHZ2XV,40,4,Content Illustration
XHZ2XV,40,5,Content Illustration
XHZ2XV,40,1,Decoration
XHZ2XV,45,1,Decoration
XHZ2XV,45,1,Initial
XHZ2XV,48,1,Content Illustration
XHZ2XV,50,1,Content Illustration
XHZ2XV,53,1,Content Illustration
XHZ2XV,59,1,Decoration
XHZ2XV,59,1,Initial
XHZ2XV,60,1,Content Illustration
XHZ2XV,60,2,Content Illustration
XHZ2XV,61,1,Content Illustration
XHZ2XV,61,2,Content Illustration
XHZ2XV,61,3,Content Illustration
XHZ2XV,61,4,Content Illustration
XHZ2XV,62,1,Content Illustration
XHZ2XV,62,2,Content Illustration
XHZ2XV,63,1,Content Illustration
XHZ2XV,64,1,Content Illustration
XHZ2XV,65,1,Content Illustration
XHZ2XV,65,2,Content Illustration
XHZ2XV,65,3,Content Illustration
XHZ2XV,66,1,Content Illustration
XHZ2XV,66,2,Content Illustration
XHZ2XV,67,1,Content Illustration
XHZ2XV,68,1,Content Illustration
XHZ2XV,68,2,Content Illustration
XHZ2XV,69,1,Content Illustration
XHZ2XV,69,2,Content Illustration
XHZ2XV,71,1,Content Illustration
XHZ2XV,72,1,Content Illustration
XHZ2XV,72,2,Content Illustration
XHZ2XV,73,1,Content Illustration
XHZ2XV,74,1,Content Illustration
XHZ2XV,76,1,Content Illustration
XHZ2XV,78,1,Content Illustration
XHZ2XV,79,1,Content Illustration
XHZ2XV,81,1,Content Illustration
XHZ2XV,81,2,Content Illustration
XHZ2XV,83,1,Content Illustration
XHZ2XV,83,2,Content Illustration
XHZ2XV,84,1,Content Illustration
XHZ2XV,85,1,Content Illustration
XHZ2XV,86,1,Content Illustration
XHZ2XV,86,2,Content Illustration
XHZ2XV,87,1,Content Illustration
XHZ2XV,88,1,Content Illustration
XHZ2XV,88,2,Content Illustration
XHZ2XV,88,3,Content Illustration
XHZ2XV,89,1,Content Illustration
XHZ2XV,93,1,Content Illustration
XHZ2XV,99,1,Content Illustration
XHZ2XV,102,1,Content Illustration
XHZ2XV,107,1,Content Illustration
XHZ2XV,109,1,Content Illustration
XHZ2XV,112,1,Content Illustration
XHZ2XV,115,1,Content Illustration
XHZ2XV,118,1,Content Illustration
XHZ2XV,118,2,Content Illustration
XHZ2XV,118,1,Decoration
XHZ2XV,119,1,Content Illustration
XHZ2XV,121,1,Content Illustration
XHZ2XV,124,1,Decoration
XHZ2XV,125,1,Content Illustration
XHZ2XV,127,1,Decoration
XHZ2XV,127,1,Initial
XHZ2XV,133,1,Content Illustration
XHZ2XV,148,1,Decoration
Tours_1593,100,1,Content Illustration
Tours_1593,100,2,Content Illustration
Tours_1593,101,1,Content Illustration
Tours_1593,103,1,Content Illustration
Tours_1593,115,1,Content Illustration
Tours_1593,115,2,Content Illustration
Tours_1593,115,3,Content Illustration
Tours_1593,116,1,Content Illustration
Tours_1593,116,2,Content Illustration
Tours_1593,116,3,Content Illustration
Tours_1593,117,1,Content Illustration
Tours_1593,117,2,Content Illustration
Tours_1593,118,1,Content Illustration
Tours_1593,118,2,Content Illustration
Tours_1593,119,1,Content Illustration
Tours_1593,120,1,Content Illustration
Tours_1593,120,2,Content Illustration
Tours_1593,121,1,Content Illustration
Tours_1593,121,2,Content Illustration
Tours_1593,121,3,Content Illustration
Tours_1593,122,1,Content Illustration
Tours_1593,122,2,Content Illustration
Tours_1593,123,1,Content Illustration
Tours_1593,124,1,Content Illustration
Tours_1593,124,2,Content Illustration
Tours_1593,124,3,Content Illustration
Tours_1593,124,4,Content Illustration
Tours_1593,124,5,Content Illustration
Tours_1593,125,1,Content Illustration
Tours_1593,125,2,Content Illustration
Tours_1593,126,1,Content Illustration
Tours_1593,156,1,Content Illustration
Tours_1593,156,2,Content Illustration
Tours_1593,157,1,Content Illustration
Tours_1593,157,2,Content Illustration
Tours_1593,157,3,Content Illustration
Tours_1593,157,4,Content Illustration
Tours_1593,157,5,Content Illustration
Tours_1593,157,6,Content Illustration
Tours_1593,157,7,Content Illustration
Tours_1593,158,1,Content Illustration
Tours_1593,159,1,Content Illustration
Tours_1593,159,2,Content Illustration
Tours_1593,159,3,Content Illustration
Tours_1593,159,4,Content Illustration
Tours_1593,159,5,Content Illustration
Tours_1593,159,6,Content Illustration
Tours_1593,159,7,Content Illustration
Tours_1593,163,1,Content Illustration
Tours_1593,163,2,Content Illustration
Tours_1593,163,3,Content Illustration
Tours_1593,163,4,Content Illustration
Tours_1593,163,5,Content Illustration
Tours_1593,163,6,Content Illustration
Tours_1593,164,1,Content Illustration
Tours_1593,164,2,Content Illustration
Tours_1593,164,3,Content Illustration
Tours_1593,164,4,Content Illustration
Tours_1593,165,1,Content Illustration
Tours_1593,165,2,Content Illustration
Tours_1593,165,3,Content Illustration
Tours_1593,166,1,Content Illustration
Tours_1593,166,2,Content Illustration
Tours_1593,166,3,Content Illustration
Tours_1593,166,4,Content Illustration
Tours_1593,166,5,Content Illustration
Tours_1593,166,6,Content Illustration
Tours_1593,166,7,Content Illustration
Tours_1593,16,1,Content Illustration
Tours_1593,16,2,Content Illustration
Tours_1593,173,1,Content Illustration
Tours_1593,173,2,Content Illustration
Tours_1593,173,3,Content Illustration
Tours_1593,18,1,Content Illustration
Tours_1593,20,1,Content Illustration
Tours_1593,21,1,Content Illustration
Tours_1593,21,2,Content Illustration
Tours_1593,22,1,Content Illustration
Tours_1593,22,2,Content Illustration
Tours_1593,23,1,Content Illustration
Tours_1593,24,1,Content Illustration
Tours_1593,25,1,Content Illustration
Tours_1593,27,1,Content Illustration
Tours_1593,28,1,Content Illustration
Tours_1593,30,1,Content Illustration
Tours_1593,30,2,Content Illustration
Tours_1593,30,3,Content Illustration
Tours_1593,31,1,Content Illustration
Tours_1593,31,2,Content Illustration
Tours_1593,32,1,Content Illustration
Tours_1593,40,1,Content Illustration
Tours_1593,41,1,Content Illustration
Tours_1593,42,1,Content Illustration
Tours_1593,42,2,Content Illustration
Tours_1593,44,1,Content Illustration
Tours_1593,44,2,Content Illustration
Tours_1593,45,1,Content Illustration
Tours_1593,46,1,Content Illustration
Tours_1593,46,2,Content Illustration
Tours_1593,46,3,Content Illustration
Tours_1593,47,1,Content Illustration
Tours_1593,48,1,Content Illustration
Tours_1593,48,2,Content Illustration
Tours_1593,49,1,Content Illustration
Tours_1593,49,2,Content Illustration
Tours_1593,50,1,Content Illustration
Tours_1593,50,2,Content Illustration
Tours_1593,52,1,Content Illustration
Tours_1593,54,1,Content Illustration
Tours_1593,55,1,Content Illustration
Tours_1593,55,2,Content Illustration
Tours_1593,56,1,Content Illustration
Tours_1593,57,1,Content Illustration
Tours_1593,59,1,Content Illustration
Tours_1593,60,1,Content Illustration
Tours_1593,61,1,Content Illustration
Tours_1593,62,1,Content Illustration
Tours_1593,63,1,Content Illustration
Tours_1593,64,1,Content Illustration
Tours_1593,66,1,Content Illustration
Tours_1593,91,1,Content Illustration
Tours_1593,94,1,Content Illustration
Tours_1593,94,2,Content Illustration
Tours_1593,94,3,Content Illustration
Tours_1593,94,4,Content Illustration
Tours_1593,95,1,Content Illustration
Tours_1593,95,2,Content Illustration
Tours_1593,95,3,Content Illustration
Tours_1593,95,4,Content Illustration
Tours_1593,96,1,Content Illustration
Tours_1593,96,2,Content Illustration
Tours_1593,97,1,Content Illustration
Tours_1593,98,1,Content Illustration
Tours_1593,98,2,Content Illustration
Tours_1593,99,1,Content Illustration
bib-105,3,1,Content Illustration
bib-105,3,1,Initial
bib-105,3,1,Printer's Mark
bib-105,5,1,Initial
bib-105,7,1,Initial
bib-105,7,1,Printer's Mark
bib-105,9,1,Initial
bib-105,9,2,Initial
bib-105,10,1,Initial
bib-105,11,1,Content Illustration
bib-105,12,1,Initial
bib-105,13,1,Content Illustration
bib-105,13,1,Initial
bib-105,15,1,Content Illustration
bib-105,16,1,Content Illustration
bib-105,17,1,Content Illustration
bib-105,17,1,Table
bib-105,18,1,Decoration
bib-105,18,2,Decoration
bib-105,18,1,Table
bib-105,19,1,Initial
bib-105,20,1,Initial
bib-105,21,1,Content Illustration
bib-105,22,1,Content Illustration
bib-105,23,1,Initial
bib-105,24,1,Content Illustration
bib-105,25,1,Initial
bib-105,26,1,Content Illustration
bib-105,27,1,Initial
bib-105,28,1,Content Illustration
bib-105,28,1,Decoration
bib-105,29,1,Initial
bib-105,30,1,Table
bib-105,31,1,Content Illustration
bib-105,32,1,Content Illustration
bib-105,32,1,Initial
bib-105,34,1,Content Illustration
bib-105,35,1,Initial
bib-105,36,1,Content Illustration
bib-105,37,1,Initial
bib-105,38,1,Content Illustration
bib-105,39,1,Initial
bib-105,40,1,Content Illustration
bib-105,40,1,Initial
bib-105,42,1,Content Illustration
bib-105,43,1,Initial
bib-105,43,2,Initial
bib-105,44,1,Content Illustration
bib-105,45,1,Content Illustration
bib-105,45,1,Initial
bib-105,46,1,Initial
bib-105,47,1,Content Illustration
bib-105,48,1,Content Illustration
bib-105,48,1,Initial
bib-105,49,1,Initial
bib-105,50,1,Content Illustration
bib-105,51,1,Content Illustration
bib-105,51,1,Initial
bib-105,53,1,Content Illustration
bib-105,53,1,Initial
bib-105,54,1,Initial
bib-105,55,1,Initial
bib-105,56,1,Content Illustration
bib-105,56,1,Initial
bib-105,58,1,Initial
bib-105,59,1,Initial
bib-105,60,1,Content Illustration
bib-105,61,1,Content Illustration
bib-105,61,1,Initial
bib-105,62,1,Initial
bib-105,63,1,Content Illustration
bib-105,65,1,Content Illustration
bib-105,66,1,Initial
bib-105,67,1,Content Illustration
bib-105,68,1,Initial
bib-105,68,2,Initial
bib-105,69,1,Content Illustration
bib-40,3,1,Content Illustration
bib-40,4,1,Content Illustration
bib-40,19,1,Content Illustration
bib-40,20,1,Content Illustration
bib-40,21,1,Content Illustration
bib-40,21,2,Content Illustration
bib-40,31,1,Content Illustration
bib-40,33,1,Content Illustration
bib-40,34,1,Content Illustration
bib-40,45,1,Content Illustration
bib-40,46,1,Content Illustration
bib-40,46,2,Content Illustration
bib-40,49,1,Content Illustration
bib-40,51,1,Content Illustration
bib-40,52,1,Content Illustration
bib-40,53,1,Content Illustration
bib-40,53,2,Content Illustration
bib-40,57,1,Content Illustration
bib-40,57,2,Content Illustration
bib-40,59,1,Content Illustration
bib-40,64,1,Content Illustration
bib-40,65,1,Content Illustration
bib-40,67,1,Content Illustration
bib-40,115,1,Content Illustration
bib-40,115,2,Content Illustration
bib-40,116,1,Content Illustration
bib-40,117,1,Content Illustration
bib-40,118,1,Content Illustration
bib-40,118,2,Content Illustration
bib-40,119,1,Content Illustration
bib-40,120,1,Content Illustration
bib-40,120,2,Content Illustration
bib-40,121,1,Content Illustration
bib-40,121,2,Content Illustration
bib-40,122,1,Content Illustration
bib-40,123,1,Content Illustration
bib-40,123,2,Content Illustration
bib-40,124,1,Content Illustration
bib-40,125,1,Content Illustration
bib-40,125,2,Content Illustration
bib-40,125,3,Content Illustration
bib-40,126,1,Content Illustration
bib-40,127,1,Content Illustration
bib-40,128,1,Content Illustration
bib-40,128,2,Content Illustration
bib-40,129,1,Content Illustration
bib-40,129,2,Content Illustration
bib-40,129,3,Content Illustration
bib-40,130,1,Content Illustration
bib-40,134,1,Content Illustration
bib-40,134,2,Content Illustration
bib-40,136,1,Content Illustration
bib-40,137,1,Content Illustration
bib-40,137,2,Content Illustration
bib-40,138,1,Content Illustration
bib-40,142,1,Content Illustration
bib-40,143,1,Content Illustration
bib-40,145,1,Content Illustration
bib-40,147,1,Content Illustration
bib-40,149,1,Content Illustration
bib-40,149,2,Content Illustration
bib-40,149,3,Content Illustration
bib-40,149,4,Content Illustration
bib-40,150,1,Content Illustration
bib-40,151,1,Content Illustration
bib-40,151,2,Content Illustration
bib-40,151,3,Content Illustration
bib-40,151,4,Content Illustration
bib-40,152,1,Content Illustration
bib-40,152,2,Content Illustration
bib-40,153,1,Content Illustration
bib-40,153,2,Content Illustration
bib-40,153,3,Content Illustration
bib-40,153,4,Content Illustration
bib-40,153,5,Content Illustration
bib-40,162,1,Content Illustration
bib-40,183,1,Content Illustration
GGD02E,5,1,Decoration
GGD02E,7,1,Decoration
GGD02E,7,1,Initial
GGD02E,8,1,Decoration
GGD02E,8,2,Decoration
GGD02E,8,1,Initial
GGD02E,10,1,Decoration
GGD02E,10,1,Initial
GGD02E,13,1,Content Illustration
GGD02E,13,2,Content Illustration
GGD02E,13,3,Content Illustration
GGD02E,13,4,Content Illustration
GGD02E,13,5,Content Illustration
GGD02E,14,1,Initial
GGD02E,14,2,Initial
GGD02E,14,3,Initial
GGD02E,15,1,Content Illustration
GGD02E,16,1,Initial
GGD02E,16,2,Initial
GGD02E,17,1,Content Illustration
GGD02E,18,1,Initial
GGD02E,19,1,Content Illustration
GGD02E,20,1,Initial
GGD02E,20,2,Initial
GGD02E,21,1,Content Illustration
GGD02E,21,2,Content Illustration
GGD02E,22,1,Initial
GGD02E,22,2,Initial
GGD02E,23,1,Content Illustration
GGD02E,24,1,Initial
GGD02E,24,2,Initial
GGD02E,25,1,Content Illustration
GGD02E,26,1,Initial
GGD02E,26,2,Initial
GGD02E,27,1,Content Illustration
GGD02E,28,1,Initial
GGD02E,28,2,Initial
GGD02E,29,1,Content Illustration
GGD02E,30,1,Initial
GGD02E,30,2,Initial
GGD02E,31,1,Content Illustration
GGD02E,32,1,Initial
GGD02E,32,2,Initial
GGD02E,33,1,Content Illustration
GGD02E,34,1,Initial
GGD02E,34,2,Initial
GGD02E,35,1,Content Illustration
GGD02E,35,2,Content Illustration
GGD02E,36,1,Initial
GGD02E,37,1,Content Illustration
GGD02E,38,1,Initial
GGD02E,39,1,Content Illustration
GGD02E,40,1,Initial
GGD02E,42,1,Initial
GGD02E,43,1,Content Illustration
GGD02E,44,1,Initial
GGD02E,45,1,Content Illustration
GGD02E,46,1,Initial
GGD02E,47,1,Content Illustration
GGD02E,48,1,Initial
GGD02E,49,1,Content Illustration
GGD02E,50,1,Initial
GGD02E,51,1,Content Illustration
GGD02E,53,1,Content Illustration
GGD02E,54,1,Initial
GGD02E,55,1,Content Illustration
GGD02E,57,1,Content Illustration
GGD02E,58,1,Initial
GGD02E,59,1,Content Illustration
GGD02E,61,1,Content Illustration
GGD02E,62,1,Initial
GGD02E,63,1,Content Illustration
GGD02E,65,1,Content Illustration
GGD02E,66,1,Initial
GGD02E,67,1,Content Illustration
GGD02E,69,1,Content Illustration
GGD02E,70,1,Initial
GGD02E,71,1,Content Illustration
GGD02E,72,1,Initial
GGD02E,73,1,Content Illustration
GGD02E,73,2,Content Illustration
GGD02E,74,1,Initial
GGD02E,75,1,Content Illustration
GGD02E,75,2,Content Illustration
GGD02E,76,1,Initial
GGD02E,77,1,Content Illustration
GGD02E,78,1,Initial
GGD02E,79,1,Content Illustration
GGD02E,82,1,Initial
GGD02E,83,1,Content Illustration
GGD02E,83,2,Content Illustration
GGD02E,84,1,Initial
GGD02E,85,1,Content Illustration
GGD02E,86,1,Initial
GGD02E,87,1,Content Illustration
GGD02E,88,1,Initial
GGD02E,89,1,Content Illustration
GGD02E,90,1,Initial
GGD02E,91,1,Content Illustration
GGD02E,92,1,Initial
GGD02E,93,1,Content Illustration
GGD02E,94,1,Initial
GGD02E,95,1,Content Illustration
GGD02E,96,1,Initial
GGD02E,97,1,Content Illustration
GGD02E,99,1,Printer's Mark
GGD02E,101,1,Content Illustration
GGD02E,101,1,Decoration
GGD02E,107,1,Decoration
GGD02E,109,1,Decoration
GGD02E,111,1,Content Illustration
GGD02E,113,1,Content Illustration
GGD02E,115,1,Decoration
GGD02E,117,1,Content Illustration
GGD02E,119,1,Content Illustration
GGD02E,119,2,Content Illustration
GGD02E,119,3,Content Illustration
GGD02E,121,1,Content Illustration
GGD02E,123,1,Content Illustration
GGD02E,123,1,Decoration
GGD02E,125,1,Printer's Mark
GGD02E,125,2,Printer's Mark
GGD02E,127,1,Content Illustration
GGD02E,129,1,Content Illustration
GGD02E,131,1,Content Illustration
GGD02E,133,1,Content Illustration
GGD02E,133,2,Content Illustration
GGD02E,135,1,Content Illustration
GGD02E,137,1,Decoration
GGD02E,139,1,Printer's Mark
GGD02E,139,2,Printer's Mark
GGD02E,141,1,Content Illustration
GGD02E,143,1,Content Illustration
GGD02E,145,1,Content Illustration
GGD02E,147,1,Content Illustration
GGD02E,147,2,Content Illustration
GGD02E,149,1,Content Illustration
GGD02E,150,1,Content Illustration
GGD02E,151,1,Content Illustration
GGD02E,153,1,Content Illustration
GGD02E,153,2,Content Illustration
bib-76,5,1,Printer's Mark
bib-76,7,1,Initial
bib-76,21,1,Initial
bib-76,22,1,Table
bib-76,23,1,Initial
bib-76,33,1,Initial
bib-76,85,1,Initial
bib-76,85,2,Initial
bib-76,87,1,Initial
bib-76,91,1,Initial
bib-76,94,1,Content Illustration
bib-76,94,2,Content Illustration
bib-76,95,1,Content Illustration
bib-76,96,1,Content Illustration
bib-76,96,2,Content Illustration
bib-76,96,3,Content Illustration
bib-76,97,1,Content Illustration
bib-76,97,2,Content Illustration
bib-76,97,3,Content Illustration
bib-76,98,1,Content Illustration
bib-76,98,2,Content Illustration
bib-76,99,1,Content Illustration
bib-76,99,2,Content Illustration
bib-76,99,3,Content Illustration
bib-76,101,1,Content Illustration
bib-76,102,1,Content Illustration
bib-76,102,2,Content Illustration
bib-76,103,1,Content Illustration
bib-76,103,2,Content Illustration
bib-76,103,3,Content Illustration
bib-76,103,4,Content Illustration
bib-76,103,5,Content Illustration
bib-76,104,1,Content Illustration
bib-76,105,1,Content Illustration
bib-76,106,1,Content Illustration
bib-76,106,2,Content Illustration
bib-76,106,3,Content Illustration
bib-76,106,4,Content Illustration
bib-76,107,1,Content Illustration
bib-76,107,2,Content Illustration
bib-76,107,3,Content Illustration
bib-76,108,1,Content Illustration
bib-76,108,2,Content Illustration
bib-76,109,1,Content Illustration
bib-76,110,1,Content Illustration
bib-76,110,2,Content Illustration
bib-76,115,1,Content Illustration
bib-76,115,2,Content Illustration
bib-76,116,1,Content Illustration
bib-76,119,1,Content Illustration
bib-76,119,2,Content Illustration
bib-76,121,1,Content Illustration
bib-76,122,1,Content Illustration
bib-76,123,1,Content Illustration
bib-76,124,1,Content Illustration
bib-76,124,2,Content Illustration
bib-76,125,1,Content Illustration
bib-76,125,2,Content Illustration
bib-76,127,1,Content Illustration
bib-76,127,2,Content Illustration
bib-76,127,3,Content Illustration
bib-76,128,1,Content Illustration
bib-76,129,1,Content Illustration
bib-76,132,1,Initial
bib-76,136,1,Initial
bib-76,138,1,Initial
bib-76,141,1,Content Illustration
bib-76,143,1,Initial
bib-76,144,1,Initial
bib-76,145,1,Initial
bib-76,147,1,Content Illustration
bib-76,152,1,Content Illustration
bib-76,155,1,Content Illustration
bib-76,157,1,Content Illustration
bib-76,158,1,Content Illustration
bib-76,158,2,Content Illustration
bib-76,159,1,Content Illustration
bib-76,160,1,Content Illustration
bib-76,163,1,Content Illustration
bib-76,164,1,Content Illustration
bib-76,164,2,Content Illustration
bib-76,166,1,Content Illustration
bib-76,167,1,Content Illustration
bib-76,168,1,Content Illustration
bib-76,170,1,Content Illustration
bib-76,170,2,Content Illustration
bib-76,172,1,Content Illustration
bib-76,173,1,Content Illustration
bib-76,190,1,Table
bib-76,192,1,Table
bib-76,193,1,Initial
bib-76,194,1,Initial
bib-76,196,1,Initial
bib-76,199,1,Content Illustration
bib-76,204,1,Content Illustration
bib-76,207,1,Content Illustration
bib-76,207,1,Initial
bib-76,212,1,Table
bib-76,215,1,Initial
bib-76,221,1,Content Illustration
bib-76,221,2,Content Illustration
bib-76,225,1,Content Illustration
bib-76,225,1,Initial
bib-76,227,1,Initial
bib-76,233,1,Content Illustration
bib-76,233,1,Initial
bib-76,237,1,Content Illustration
bib-76,240,1,Content Illustration
bib-76,243,1,Initial
bib-76,254,1,Content Illustration
bib-76,255,1,Content Illustration
bib-76,257,1,Content Illustration
bib-76,270,1,Content Illustration
bib-76,271,1,Content Illustration
bib-76,273,1,Initial
bib-76,274,1,Table
bib-76,296,1,Initial
bib-76,311,1,Table
bib-76,339,1,Content Illustration
bib-76,339,1,Initial
bib-76,346,1,Table
bib-76,349,1,Table
bib-76,351,1,Table
bib-76,352,1,Table
bib-76,356,1,Table
bib-76,357,1,Table
bib-76,359,1,Table
bib-76,360,1,Table
bib-76,362,1,Table
bib-76,363,1,Table
bib-76,364,1,Table
bib-76,365,1,Table
bib-76,367,1,Table
bib-76,368,1,Table
bib-76,369,1,Table
bib-76,370,1,Table
bib-76,373,1,Content Illustration
bib-76,375,1,Initial
bib-76,376,1,Initial
bib-76,381,1,Content Illustration
bib-76,381,2,Content Illustration
bib-76,382,1,Content Illustration
bib-76,384,1,Content Illustration
bib-76,385,1,Initial
bib-76,389,1,Content Illustration
bib-76,393,1,Content Illustration
bib-76,393,1,Initial
bib-76,396,1,Content Illustration
bib-76,400,1,Content Illustration
bib-76,404,1,Content Illustration
bib-76,407,1,Table
bib-76,409,1,Table
bib-76,415,1,Content Illustration
bib-76,429,1,Table
bib-76,430,1,Initial
bib-76,439,1,Content Illustration
bib-76,442,1,Content Illustration
bib-76,443,1,Content Illustration
bib-76,444,1,Content Illustration
bib-76,445,1,Content Illustration
bib-76,447,1,Content Illustration
bib-76,449,1,Content Illustration
bib-76,457,1,Initial
bib-76,459,1,Content Illustration
bib-76,463,1,Content Illustration
bib-76,470,1,Content Illustration
bib-76,477,1,Content Illustration
bib-76,483,1,Table
bib-76,484,1,Table
bib-76,497,1,Initial
bib-148,1,1,Initial
bib-148,4,1,Printer's Mark
bib-148,5,1,Printer's Mark
bib-148,11,1,Decoration
bib-148,13,1,Decoration
bib-148,13,1,Initial
bib-148,15,1,Printer's Mark
bib-148,16,1,Decoration
bib-148,17,1,Decoration
bib-148,17,1,Initial
bib-148,19,1,Initial
bib-148,21,1,Content Illustration
bib-148,21,2,Content Illustration
bib-148,21,3,Content Illustration
bib-148,21,1,Initial
bib-148,21,2,Initial
bib-148,21,3,Initial
bib-148,22,1,Content Illustration
bib-148,22,2,Content Illustration
bib-148,22,3,Content Illustration
bib-148,22,1,Initial
bib-148,22,2,Initial
bib-148,22,3,Initial
bib-148,23,1,Content Illustration
bib-148,23,2,Content Illustration
bib-148,23,1,Initial
bib-148,23,2,Initial
bib-148,24,1,Content Illustration
bib-148,24,2,Content Illustration
bib-148,24,3,Content Illustration
bib-148,24,1,Initial
bib-148,24,2,Initial
bib-148,24,3,Initial
bib-148,25,1,Content Illustration
bib-148,25,2,Content Illustration
bib-148,25,3,Content Illustration
bib-148,25,1,Initial
bib-148,25,2,Initial
bib-148,25,3,Initial
bib-148,26,1,Content Illustration
bib-148,26,2,Content Illustration
bib-148,26,3,Content Illustration
bib-148,26,1,Initial
bib-148,26,2,Initial
bib-148,26,3,Initial
bib-148,27,1,Content Illustration
bib-148,27,2,Content Illustration
bib-148,27,1,Initial
bib-148,27,2,Initial
bib-148,27,3,Initial
bib-148,28,1,Content Illustration
bib-148,28,1,Initial
bib-148,29,1,Content Illustration
bib-148,29,1,Initial
bib-148,30,1,Content Illustration
bib-148,30,2,Content Illustration
bib-148,30,1,Initial
bib-148,31,1,Content Illustration
bib-148,31,1,Initial
bib-148,31,2,Initial
bib-148,32,1,Content Illustration
bib-148,32,2,Content Illustration
bib-148,32,1,Initial
bib-148,33,1,Content Illustration
bib-148,33,1,Initial
bib-148,34,1,Content Illustration
bib-148,34,1,Initial
bib-148,35,1,Content Illustration
bib-148,35,1,Initial
bib-148,36,1,Content Illustration
bib-148,36,1,Initial
bib-148,37,1,Content Illustration
bib-148,37,1,Initial
bib-148,38,1,Decoration
bib-148,38,2,Decoration
bib-148,38,1,Initial
bib-148,39,1,Content Illustration
bib-148,39,1,Initial
bib-148,40,1,Content Illustration
bib-148,41,1,Content Illustration
bib-148,41,1,Initial
bib-148,42,1,Content Illustration
bib-148,42,1,Initial
bib-148,44,1,Content Illustration
bib-148,44,1,Initial
bib-148,45,1,Content Illustration
bib-148,45,1,Initial
bib-148,46,1,Content Illustration
bib-148,46,1,Initial
bib-148,47,1,Content Illustration
bib-148,47,1,Initial
bib-148,48,1,Content Illustration
bib-148,48,1,Initial
bib-148,49,1,Content Illustration
bib-148,49,1,Initial
bib-148,50,1,Content Illustration
bib-148,50,1,Initial
bib-148,51,1,Initial
bib-148,53,1,Content Illustration
bib-148,53,2,Content Illustration
bib-148,53,3,Content Illustration
bib-148,53,4,Content Illustration
bib-148,54,1,Initial
bib-148,55,1,Content Illustration
bib-148,56,1,Initial
bib-148,57,1,Content Illustration
bib-148,58,1,Initial
bib-148,59,1,Content Illustration
bib-148,60,1,Initial
bib-148,61,1,Content Illustration
bib-148,63,1,Content Illustration
bib-148,63,1,Decoration
bib-148,63,1,Initial
bib-148,63,1,Printer's Mark
bib-148,65,1,Printer's Mark
bib-148,65,2,Printer's Mark
bib-148,65,3,Printer's Mark
bib-148,67,1,Content Illustration
bib-148,67,2,Content Illustration
bib-148,69,1,Content Illustration
bib-148,69,1,Decoration
bib-148,72,1,Content Illustration
bib-148,73,1,Content Illustration
bib-148,76,1,Content Illustration
bib-148,76,1,Printer's Mark
bib-148,77,1,Content Illustration
bib-148,80,1,Content Illustration
bib-148,81,1,Content Illustration
bib-148,84,1,Content Illustration
bib-148,85,1,Content Illustration
bib-148,91,1,Content Illustration
bib-148,93,1,Content Illustration
bib-148,95,1,Content Illustration
bib-148,97,1,Content Illustration
bib-148,99,1,Content Illustration
bib-148,99,1,Decoration
bib-148,101,1,Content Illustration
bib-148,103,1,Content Illustration
bib-148,105,1,Decoration
bib-148,107,1,Content Illustration
bib-148,107,1,Decoration
bib-148,108,1,Printer's Mark
bib-148,109,1,Printer's Mark
bib-148,110,1,Content Illustration
bib-148,111,1,Content Illustration
bib-148,111,2,Content Illustration
bib-148,111,3,Content Illustration
bib-148,111,4,Content Illustration
bib-148,112,1,Content Illustration
bib-148,112,2,Content Illustration
bib-148,113,1,Content Illustration
bib-148,113,2,Content Illustration
bib-148,113,3,Content Illustration
bib-148,113,4,Content Illustration
bib-148,115,1,Content Illustration
bib-148,115,2,Content Illustration
bib-148,115,3,Content Illustration
bib-148,115,4,Content Illustration
bib-148,116,1,Content Illustration
bib-148,116,2,Content Illustration
bib-148,116,3,Content Illustration
bib-148,116,4,Content Illustration
bib-148,117,1,Content Illustration
bib-148,117,2,Content Illustration
bib-148,117,3,Content Illustration
bib-148,117,4,Content Illustration
bib-148,118,1,Content Illustration
bib-148,118,2,Content Illustration
bib-148,118,3,Content Illustration
bib-148,118,4,Content Illustration
bib-148,120,1,Content Illustration
bib-148,120,2,Content Illustration
bib-148,120,3,Content Illustration
bib-148,120,4,Content Illustration
bib-148,121,1,Content Illustration
bib-148,121,2,Content Illustration
bib-148,121,3,Content Illustration
bib-148,121,4,Content Illustration
bib-148,123,1,Content Illustration
bib-148,123,2,Content Illustration
bib-148,123,3,Content Illustration
bib-148,123,4,Content Illustration
bib-148,124,1,Content Illustration
bib-148,124,2,Content Illustration
bib-148,124,3,Content Illustration
bib-148,124,4,Content Illustration
bib-148,125,1,Content Illustration
bib-148,125,2,Content Illustration
bib-148,126,1,Content Illustration
bib-148,126,2,Content Illustration
bib-148,127,1,Content Illustration
bib-148,127,2,Content Illustration
bib-148,127,1,Decoration
bib-148,128,1,Content Illustration
bib-148,128,2,Content Illustration
bib-148,128,3,Content Illustration
bib-148,131,1,Content Illustration
bib-148,133,1,Content Illustration
bib-148,134,1,Initial
bib-148,134,2,Initial
bib-148,135,1,Content Illustration
bib-148,135,1,Initial
bib-148,135,2,Initial
bib-148,137,1,Content Illustration
bib-148,139,1,Content Illustration
bib-148,141,1,Content Illustration
bib-148,141,2,Content Illustration
bib-148,141,1,Printer's Mark
bib-148,141,2,Printer's Mark
bib-148,142,1,Content Illustration
bib-148,142,2,Content Illustration
bib-148,142,3,Content Illustration
bib-148,142,4,Content Illustration
bib-148,142,1,Initial
bib-148,143,1,Content Illustration
bib-148,143,2,Content Illustration
bib-148,143,1,Printer's Mark
bib-148,144,1,Content Illustration
bib-148,144,2,Content Illustration
bib-148,144,3,Content Illustration
bib-148,144,4,Content Illustration
bib-148,144,5,Content Illustration
bib-148,144,6,Content Illustration
bib-148,145,1,Content Illustration
bib-148,147,1,Content Illustration
bib-148,149,1,Content Illustration
bib-148,149,1,Printer's Mark
bib-148,151,1,Content Illustration
bib-148,153,1,Content Illustration
bib-148,155,1,Printer's Mark
bib-148,157,1,Content Illustration
bib-148,159,1,Content Illustration
bib-148,161,1,Content Illustration
bib-148,163,1,Content Illustration
bib-148,163,1,Printer's Mark
bib-148,165,1,Content Illustration
bib-148,167,1,Printer's Mark
bib-148,169,1,Initial
bib-148,169,1,Printer's Mark
bib-148,171,1,Initial
bib-148,171,2,Initial
bib-148,171,3,Initial
bib-148,171,4,Initial
bib-148,171,1,Printer's Mark
bib-148,173,1,Content Illustration
bib-148,175,1,Content Illustration
bib-148,177,1,Content Illustration
bib-148,179,1,Content Illustration
bib-148,180,1,Decoration
bib-148,181,1,Content Illustration
bib-148,183,1,Decoration
bib-148,183,2,Decoration
bib-148,185,1,Content Illustration
bib-148,187,1,Content Illustration
bib-148,189,1,Content Illustration
bib-148,194,1,Printer's Mark
bib-148,195,1,Printer's Mark
bib-150,1,1,Content Illustration
bib-150,2,1,Content Illustration
bib-150,2,1,Decoration
bib-150,2,1,Initial
bib-150,3,1,Decoration
bib-150,3,2,Decoration
bib-150,3,1,Initial
bib-150,4,1,Initial
bib-150,4,2,Initial
bib-150,5,1,Decoration
bib-150,5,1,Initial
bib-150,9,1,Initial
bib-150,12,1,Decoration
bib-150,12,2,Decoration
bib-150,12,1,Initial
bib-150,20,1,Decoration
bib-150,20,1,Initial
bib-150,26,1,Content Illustration
bib-150,27,1,Initial
bib-150,29,1,Content Illustration
bib-150,30,1,Content Illustration
bib-150,30,2,Content Illustration
bib-150,31,1,Content Illustration
bib-150,31,2,Content Illustration
bib-150,31,3,Content Illustration
bib-150,32,1,Content Illustration
bib-150,33,1,Content Illustration
bib-150,33,2,Content Illustration
bib-150,34,1,Content Illustration
bib-150,34,2,Content Illustration
bib-150,35,1,Content Illustration
bib-150,36,1,Content Illustration
bib-150,36,2,Content Illustration
bib-150,36,3,Content Illustration
bib-150,37,1,Content Illustration
bib-150,37,2,Content Illustration
bib-150,38,1,Content Illustration
bib-150,38,2,Content Illustration
bib-150,39,1,Content Illustration
bib-150,39,2,Content Illustration
bib-150,40,1,Content Illustration
bib-150,40,2,Content Illustration
bib-150,41,1,Content Illustration
bib-150,41,2,Content Illustration
bib-150,41,3,Content Illustration
bib-150,41,4,Content Illustration
bib-150,41,5,Content Illustration
bib-150,44,1,Content Illustration
bib-150,44,2,Content Illustration
bib-150,44,3,Content Illustration
bib-150,44,4,Content Illustration
bib-150,44,5,Content Illustration
bib-150,44,6,Content Illustration
bib-150,45,1,Content Illustration
bib-150,45,2,Content Illustration
bib-150,45,3,Content Illustration
bib-150,45,4,Content Illustration
bib-150,46,1,Content Illustration
bib-150,46,2,Content Illustration
bib-150,47,1,Content Illustration
bib-150,50,1,Content Illustration
bib-150,50,2,Content Illustration
bib-150,50,3,Content Illustration
bib-150,51,1,Decoration
bib-150,51,1,Initial
bib-150,53,1,Content Illustration
bib-150,56,1,Initial
bib-150,59,1,Initial
bib-150,60,1,Initial
bib-150,63,1,Initial
bib-150,65,1,Decoration
bib-150,65,1,Initial
bib-150,69,1,Initial
bib-150,69,2,Initial
bib-150,71,1,Initial
bib-150,73,1,Initial
bib-150,73,2,Initial
bib-150,74,1,Initial
bib-150,75,1,Initial
bib-150,77,1,Initial
bib-150,81,1,Content Illustration
bib-150,81,2,Content Illustration
bib-150,81,1,Initial
bib-150,82,1,Content Illustration
bib-150,83,1,Content Illustration
bib-150,84,1,Content Illustration
bib-150,85,1,Content Illustration
bib-150,87,1,Initial
bib-150,88,1,Initial
bib-150,90,1,Initial
bib-150,91,1,Initial
bib-150,94,1,Initial
bib-150,96,1,Decoration
bib-150,96,1,Initial
bib-150,99,1,Content Illustration
bib-150,99,2,Content Illustration
bib-150,99,3,Content Illustration
bib-150,99,4,Content Illustration
bib-150,99,1,Decoration
bib-150,100,1,Content Illustration
bib-150,100,2,Content Illustration
bib-150,100,3,Content Illustration
bib-150,100,4,Content Illustration
bib-150,100,5,Content Illustration
bib-150,101,1,Table
bib-150,102,1,Decoration
bib-150,102,1,Table
bib-150,103,1,Table
bib-150,103,2,Table
bib-150,104,1,Table
bib-150,104,2,Table
bib-150,105,1,Table
bib-150,106,1,Table
bib-150,106,2,Table
bib-150,107,1,Table
bib-150,107,2,Table
bib-150,108,1,Table
bib-150,108,2,Table
bib-150,109,1,Table
bib-150,109,2,Table
bib-150,109,3,Table
bib-150,111,1,Content Illustration
bib-150,111,1,Initial
bib-150,112,1,Content Illustration
bib-150,112,2,Content Illustration
bib-150,112,3,Content Illustration
bib-150,112,4,Content Illustration
bib-150,112,5,Content Illustration
bib-150,112,6,Content Illustration
bib-150,112,7,Content Illustration
bib-150,112,8,Content Illustration
bib-150,113,1,Table
bib-150,113,2,Table
bib-150,114,1,Table
bib-150,114,2,Table
bib-150,115,1,Table
bib-150,116,1,Table
bib-150,116,2,Table
bib-150,117,1,Table
bib-150,117,2,Table
bib-150,118,1,Content Illustration
bib-150,118,2,Content Illustration
bib-150,118,3,Content Illustration
bib-150,118,4,Content Illustration
bib-150,118,1,Initial
bib-150,118,1,Table
bib-150,119,1,Content Illustration
bib-150,119,1,Table
bib-150,120,1,Content Illustration
bib-150,120,1,Table
bib-150,121,1,Content Illustration
bib-150,122,1,Content Illustration
bib-150,122,1,Decoration
bib-150,122,1,Initial
bib-150,122,1,Table
bib-150,123,1,Content Illustration
bib-150,123,2,Content Illustration
bib-150,124,1,Content Illustration
bib-150,124,2,Content Illustration
bib-150,124,3,Content Illustration
bib-150,124,4,Content Illustration
bib-150,125,1,Content Illustration
bib-150,125,2,Content Illustration
bib-150,126,1,Initial
bib-150,128,1,Initial
bib-150,130,1,Initial
bib-150,132,1,Decoration
bib-150,133,1,Printer's Mark
2BRI1Z,1,1,Printer's Mark
2BRI1Z,2,1,Decoration
2BRI1Z,2,1,Initial
2BRI1Z,3,1,Decoration
2BRI1Z,3,2,Decoration
2BRI1Z,3,3,Decoration
2BRI1Z,3,1,Initial
2BRI1Z,7,1,Decoration
2BRI1Z,7,2,Decoration
2BRI1Z,7,3,Decoration
2BRI1Z,7,1,Initial
2BRI1Z,8,1,Decoration
2BRI1Z,8,2,Decoration
2BRI1Z,8,3,Decoration
2BRI1Z,8,4,Decoration
2BRI1Z,9,1,Decoration
2BRI1Z,9,1,Initial
2BRI1Z,12,1,Decoration
2BRI1Z,12,2,Decoration
2BRI1Z,13,1,Decoration
2BRI1Z,13,1,Initial
2BRI1Z,17,1,Decoration
2BRI1Z,17,1,Initial
2BRI1Z,18,1,Decoration
2BRI1Z,19,1,Decoration
2BRI1Z,19,1,Initial
2BRI1Z,23,1,Decoration
2BRI1Z,23,1,Initial
2BRI1Z,25,1,Decoration
2BRI1Z,25,1,Initial
2BRI1Z,26,1,Decoration
2BRI1Z,26,2,Decoration
2BRI1Z,26,1,Initial
2BRI1Z,27,1,Decoration
2BRI1Z,27,2,Decoration
2BRI1Z,27,1,Initial
2BRI1Z,29,1,Decoration
2BRI1Z,29,2,Decoration
2BRI1Z,29,1,Initial
2BRI1Z,30,1,Decoration
2BRI1Z,31,1,Content Illustration
2BRI1Z,31,1,Decoration
2BRI1Z,31,1,Initial
2BRI1Z,32,1,Decoration
2BRI1Z,32,1,Initial
2BRI1Z,32,1,Table
2BRI1Z,33,1,Decoration
2BRI1Z,33,1,Initial
2BRI1Z,34,1,Decoration
2BRI1Z,35,1,Decoration
2BRI1Z,35,1,Initial
2BRI1Z,35,1,Table
2BRI1Z,36,1,Content Illustration
2BRI1Z,36,1,Decoration
2BRI1Z,37,1,Content Illustration
2BRI1Z,37,1,Decoration
2BRI1Z,37,1,Initial
2BRI1Z,38,1,Decoration
2BRI1Z,38,1,Initial
2BRI1Z,39,1,Decoration
2BRI1Z,39,2,Decoration
2BRI1Z,40,1,Decoration
2BRI1Z,40,2,Decoration
2BRI1Z,40,1,Initial
2BRI1Z,41,1,Decoration
2BRI1Z,41,1,Initial
2BRI1Z,41,1,Table
2BRI1Z,42,1,Decoration
2BRI1Z,42,1,Initial
2BRI1Z,43,1,Content Illustration
2BRI1Z,43,1,Decoration
2BRI1Z,43,1,Initial
2BRI1Z,44,1,Decoration
2BRI1Z,44,1,Table
2BRI1Z,45,1,Content Illustration
2BRI1Z,45,1,Decoration
2BRI1Z,45,2,Decoration
2BRI1Z,46,1,Decoration
2BRI1Z,46,2,Decoration
2BRI1Z,47,1,Decoration
2BRI1Z,47,1,Initial
2BRI1Z,48,1,Decoration
2BRI1Z,49,1,Content Illustration
2BRI1Z,49,1,Decoration
2BRI1Z,51,1,Content Illustration
2BRI1Z,51,1,Decoration
2BRI1Z,52,1,Content Illustration
2BRI1Z,52,1,Decoration
2BRI1Z,52,2,Decoration
2BRI1Z,53,1,Decoration
2BRI1Z,53,2,Decoration
2BRI1Z,53,1,Initial
2BRI1Z,55,1,Decoration
2BRI1Z,55,1,Initial
2BRI1Z,56,1,Decoration
2BRI1Z,56,2,Decoration
2BRI1Z,57,1,Content Illustration
2BRI1Z,57,1,Decoration
2BRI1Z,57,1,Initial
2BRI1Z,58,1,Decoration
2BRI1Z,58,2,Decoration
2BRI1Z,59,1,Decoration
2BRI1Z,59,1,Initial
2BRI1Z,60,1,Decoration
2BRI1Z,61,1,Content Illustration
2BRI1Z,61,1,Decoration
2BRI1Z,61,1,Initial
2BRI1Z,62,1,Decoration
2BRI1Z,62,2,Decoration
2BRI1Z,63,1,Decoration
2BRI1Z,63,1,Initial
2BRI1Z,64,1,Content Illustration
2BRI1Z,64,1,Decoration
2BRI1Z,64,2,Decoration
2BRI1Z,65,1,Decoration
2BRI1Z,65,1,Initial
2BRI1Z,66,1,Decoration
2BRI1Z,67,1,Decoration
2BRI1Z,67,1,Initial
2BRI1Z,69,1,Decoration
2BRI1Z,69,2,Decoration
2BRI1Z,70,1,Content Illustration
2BRI1Z,70,1,Decoration
2BRI1Z,70,1,Initial
2BRI1Z,71,1,Decoration
2BRI1Z,71,1,Initial
2BRI1Z,73,1,Content Illustration
2BRI1Z,73,1,Decoration
2BRI1Z,73,2,Decoration
2BRI1Z,73,3,Decoration
2BRI1Z,73,4,Decoration
2BRI1Z,73,5,Decoration
2BRI1Z,73,6,Decoration
2BRI1Z,73,1,Initial
2BRI1Z,74,1,Decoration
2BRI1Z,75,1,Decoration
2BRI1Z,75,1,Initial
2BRI1Z,77,1,Decoration
2BRI1Z,77,2,Decoration
2BRI1Z,77,3,Decoration
2BRI1Z,77,1,Initial
2BRI1Z,78,1,Decoration
2BRI1Z,78,2,Decoration
2BRI1Z,78,1,Initial
2BRI1Z,79,1,Decoration
2BRI1Z,79,1,Initial
2BRI1Z,80,1,Decoration
2BRI1Z,80,2,Decoration
2BRI1Z,80,1,Initial
2BRI1Z,81,1,Decoration
2BRI1Z,81,1,Initial
2BRI1Z,84,1,Decoration
2BRI1Z,84,1,Initial
2BRI1Z,85,1,Decoration
2BRI1Z,85,2,Decoration
2BRI1Z,85,3,Decoration
2BRI1Z,85,1,Initial
2BRI1Z,87,1,Decoration
2BRI1Z,87,1,Initial
2BRI1Z,89,1,Decoration
2BRI1Z,89,2,Decoration
2BRI1Z,89,1,Initial
2BRI1Z,93,1,Decoration
2BRI1Z,93,2,Decoration
2BRI1Z,93,3,Decoration
2BRI1Z,93,1,Initial
2BRI1Z,95,1,Decoration
2BRI1Z,95,2,Decoration
2BRI1Z,96,1,Decoration
2BRI1Z,96,1,Initial
2BRI1Z,101,1,Decoration
2BRI1Z,101,1,Initial
2BRI1Z,104,1,Decoration
2BRI1Z,104,1,Initial
2BRI1Z,106,1,Decoration
2BRI1Z,107,1,Decoration
2BRI1Z,107,1,Initial
2BRI1Z,109,1,Decoration
2BRI1Z,109,2,Decoration
2BRI1Z,110,1,Decoration
2BRI1Z,110,1,Initial
2BRI1Z,111,1,Decoration
2BRI1Z,111,2,Decoration
2BRI1Z,111,3,Decoration
2BRI1Z,111,1,Initial
2BRI1Z,112,1,Decoration
2BRI1Z,112,2,Decoration
2BRI1Z,113,1,Decoration
2BRI1Z,113,1,Initial
2BRI1Z,114,1,Decoration
2BRI1Z,114,2,Decoration
2BRI1Z,114,3,Decoration
2BRI1Z,114,1,Initial
2BRI1Z,115,1,Decoration
2BRI1Z,116,1,Decoration
2BRI1Z,116,1,Initial
2BRI1Z,117,1,Decoration
2BRI1Z,117,1,Initial
2BRI1Z,118,1,Decoration
2BRI1Z,118,1,Initial
2BRI1Z,119,1,Decoration
2BRI1Z,119,2,Decoration
2BRI1Z,119,3,Decoration
2BRI1Z,119,1,Initial
2BRI1Z,120,1,Decoration
2BRI1Z,120,2,Decoration
2BRI1Z,121,1,Decoration
2BRI1Z,121,2,Decoration
2BRI1Z,121,3,Decoration
2BRI1Z,121,1,Initial
2BRI1Z,122,1,Decoration
2BRI1Z,122,2,Decoration
2BRI1Z,122,1,Initial
2BRI1Z,122,2,Initial
2BRI1Z,123,1,Decoration
2BRI1Z,123,2,Decoration
2BRI1Z,123,1,Initial
2BRI1Z,124,1,Decoration
2BRI1Z,124,2,Decoration
2BRI1Z,124,1,Initial
2BRI1Z,124,2,Initial
2BRI1Z,125,1,Decoration
2BRI1Z,125,1,Initial
2BRI1Z,126,1,Decoration
2BRI1Z,126,2,Decoration
2BRI1Z,126,1,Initial
2BRI1Z,127,1,Decoration
2BRI1Z,127,2,Decoration
2BRI1Z,127,1,Initial
2BRI1Z,128,1,Decoration
2BRI1Z,128,2,Decoration
2BRI1Z,129,1,Decoration
2BRI1Z,129,2,Decoration
2BRI1Z,129,1,Initial
2BRI1Z,129,2,Initial
2BRI1Z,130,1,Decoration
2BRI1Z,130,1,Initial
2BRI1Z,131,1,Decoration
2BRI1Z,131,2,Decoration
2BRI1Z,131,3,Decoration
2BRI1Z,131,1,Initial
2BRI1Z,132,1,Decoration
2BRI1Z,132,2,Decoration
2BRI1Z,132,3,Decoration
2BRI1Z,132,4,Decoration
2BRI1Z,132,1,Initial
2BRI1Z,133,1,Decoration
2BRI1Z,133,2,Decoration
2BRI1Z,133,1,Initial
2BRI1Z,133,2,Initial
2BRI1Z,134,1,Decoration
2BRI1Z,134,2,Decoration
2BRI1Z,134,1,Initial
2BRI1Z,134,2,Initial
2BRI1Z,135,1,Decoration
2BRI1Z,135,2,Decoration
2BRI1Z,135,3,Decoration
2BRI1Z,135,1,Initial
2BRI1Z,136,1,Decoration
2BRI1Z,136,2,Decoration
2BRI1Z,137,1,Decoration
2BRI1Z,138,1,Decoration
2BRI1Z,138,2,Decoration
2BRI1Z,138,3,Decoration
2BRI1Z,138,4,Decoration
2BRI1Z,138,5,Decoration
2BRI1Z,139,1,Decoration
2BRI1Z,139,2,Decoration
2BRI1Z,139,3,Decoration
2BRI1Z,139,4,Decoration
2BRI1Z,139,5,Decoration
2BRI1Z,139,6,Decoration
2BRI1Z,139,7,Decoration
2BRI1Z,140,1,Decoration
2BRI1Z,140,1,Initial
2BRI1Z,141,1,Decoration
2BRI1Z,141,1,Initial
2BRI1Z,142,1,Decoration
2BRI1Z,142,2,Decoration
2BRI1Z,142,3,Decoration
2BRI1Z,142,1,Initial
2BRI1Z,144,1,Decoration
2BRI1Z,144,2,Decoration
2BRI1Z,144,1,Initial
2BRI1Z,144,2,Initial
2BRI1Z,145,1,Decoration
2BRI1Z,145,2,Decoration
2BRI1Z,145,1,Initial
2BRI1Z,145,2,Initial
2BRI1Z,146,1,Decoration
2BRI1Z,146,1,Initial
2BRI1Z,147,1,Decoration
2BRI1Z,147,2,Decoration
2BRI1Z,147,3,Decoration
2BRI1Z,147,4,Decoration
2BRI1Z,147,1,Initial
2BRI1Z,147,2,Initial
2BRI1Z,147,3,Initial
2BRI1Z,148,1,Decoration
2BRI1Z,148,1,Initial
2BRI1Z,149,1,Decoration
2BRI1Z,149,2,Decoration
2BRI1Z,149,3,Decoration
2BRI1Z,149,1,Initial
2BRI1Z,150,1,Decoration
2BRI1Z,150,1,Initial
2BRI1Z,151,1,Decoration
2BRI1Z,151,2,Decoration
2BRI1Z,151,1,Initial
2BRI1Z,152,1,Decoration
2BRI1Z,152,1,Initial
2BRI1Z,153,1,Decoration
2BRI1Z,153,2,Decoration
2BRI1Z,153,1,Initial
2BRI1Z,154,1,Decoration
2BRI1Z,154,2,Decoration
2BRI1Z,154,3,Decoration
2BRI1Z,154,1,Initial
2BRI1Z,155,1,Decoration
2BRI1Z,155,2,Decoration
2BRI1Z,155,3,Decoration
2BRI1Z,155,1,Initial
2BRI1Z,156,1,Decoration
2BRI1Z,156,1,Initial
2BRI1Z,157,1,Decoration
2BRI1Z,157,2,Decoration
2BRI1Z,157,1,Initial
2BRI1Z,159,1,Decoration
2BRI1Z,159,2,Decoration
2BRI1Z,159,3,Decoration
2BRI1Z,159,4,Decoration
2BRI1Z,159,5,Decoration
2BRI1Z,159,1,Initial
2BRI1Z,160,1,Decoration
2BRI1Z,160,2,Decoration
2BRI1Z,160,3,Decoration
2BRI1Z,160,1,Initial
2BRI1Z,160,2,Initial
2BRI1Z,161,1,Decoration
2BRI1Z,161,2,Decoration
2BRI1Z,161,3,Decoration
2BRI1Z,161,1,Initial
2BRI1Z,162,1,Decoration
2BRI1Z,162,1,Initial
2BRI1Z,165,1,Decoration
2BRI1Z,165,2,Decoration
2BRI1Z,165,3,Decoration
2BRI1Z,165,1,Initial
2BRI1Z,166,1,Decoration
2BRI1Z,166,2,Decoration
2BRI1Z,167,1,Decoration
2BRI1Z,167,1,Initial
2BRI1Z,168,1,Decoration
2BRI1Z,168,2,Decoration
2BRI1Z,168,3,Decoration
2BRI1Z,168,1,Initial
2BRI1Z,169,1,Decoration
2BRI1Z,169,1,Initial
2BRI1Z,170,1,Decoration
2BRI1Z,170,2,Decoration
2BRI1Z,170,1,Initial
2BRI1Z,171,1,Decoration
2BRI1Z,171,2,Decoration
2BRI1Z,171,3,Decoration
2BRI1Z,171,1,Initial
2BRI1Z,172,1,Decoration
2BRI1Z,172,1,Initial
2BRI1Z,173,1,Decoration
2BRI1Z,173,1,Initial
2BRI1Z,174,1,Decoration
2BRI1Z,174,2,Decoration
2BRI1Z,174,3,Decoration
2BRI1Z,174,4,Decoration
2BRI1Z,174,1,Initial
2BRI1Z,175,1,Content Illustration
2BRI1Z,175,1,Decoration
2BRI1Z,175,1,Initial
2BRI1Z,176,1,Decoration
2BRI1Z,176,2,Decoration
2BRI1Z,176,1,Initial
2BRI1Z,176,2,Initial
2BRI1Z,177,1,Decoration
2BRI1Z,177,2,Decoration
2BRI1Z,177,1,Initial
2BRI1Z,177,2,Initial
2BRI1Z,178,1,Decoration
2BRI1Z,178,2,Decoration
2BRI1Z,178,3,Decoration
2BRI1Z,178,4,Decoration
2BRI1Z,178,1,Initial
2BRI1Z,178,2,Initial
2BRI1Z,179,1,Decoration
2BRI1Z,179,2,Decoration
2BRI1Z,179,3,Decoration
2BRI1Z,179,1,Initial
2BRI1Z,179,2,Initial
2BRI1Z,180,1,Decoration
2BRI1Z,180,2,Decoration
2BRI1Z,180,1,Initial
2BRI1Z,180,2,Initial
2BRI1Z,181,1,Decoration
2BRI1Z,181,2,Decoration
2BRI1Z,181,3,Decoration
2BRI1Z,181,1,Initial
2BRI1Z,181,2,Initial
2BRI1Z,181,3,Initial
2BRI1Z,182,1,Decoration
2BRI1Z,182,2,Decoration
2BRI1Z,182,3,Decoration
2BRI1Z,182,4,Decoration
2BRI1Z,182,5,Decoration
2BRI1Z,182,6,Decoration
2BRI1Z,182,7,Decoration
2BRI1Z,182,8,Decoration
2BRI1Z,182,1,Printer's Mark
bib-20,3,1,Content Illustration
bib-20,4,1,Content Illustration
bib-20,8,1,Content Illustration
bib-20,10,1,Content Illustration
bib-20,10,2,Content Illustration
bib-20,10,3,Content Illustration
bib-20,10,4,Content Illustration
bib-20,11,1,Content Illustration
bib-20,13,1,Content Illustration
bib-20,16,1,Content Illustration
bib-20,19,1,Content Illustration
bib-20,19,2,Content Illustration
bib-20,22,1,Content Illustration
bib-20,22,2,Content Illustration
bib-20,25,1,Content Illustration
bib-20,25,2,Content Illustration
bib-20,25,3,Content Illustration
bib-20,25,4,Content Illustration
bib-20,25,5,Content Illustration
bib-20,25,6,Content Illustration
bib-20,25,7,Content Illustration
bib-20,25,8,Content Illustration
bib-20,25,9,Content Illustration
bib-20,27,1,Content Illustration
bib-20,27,2,Content Illustration
bib-20,27,3,Content Illustration
bib-20,27,4,Content Illustration
bib-20,31,1,Content Illustration
bib-20,33,1,Content Illustration
bib-20,33,2,Content Illustration
bib-20,34,1,Content Illustration
bib-20,35,1,Content Illustration
bib-20,37,1,Content Illustration
bib-20,37,2,Content Illustration
bib-20,37,3,Content Illustration
bib-20,37,4,Content Illustration
bib-20,37,5,Content Illustration
bib-20,37,6,Content Illustration
bib-20,39,1,Content Illustration
bib-20,41,1,Content Illustration
bib-20,41,2,Content Illustration
bib-20,41,3,Content Illustration
bib-20,41,4,Content Illustration
bib-20,41,5,Content Illustration
bib-20,41,6,Content Illustration
bib-20,41,7,Content Illustration
bib-20,41,8,Content Illustration
bib-20,42,1,Content Illustration
bib-20,43,1,Content Illustration
bib-20,43,2,Content Illustration
bib-20,43,3,Content Illustration
bib-20,45,1,Content Illustration
bib-20,47,1,Content Illustration
bib-20,49,1,Content Illustration
bib-20,49,2,Content Illustration
bib-20,49,3,Content Illustration
bib-20,51,1,Content Illustration
bib-20,51,2,Content Illustration
bib-20,53,1,Content Illustration
bib-20,53,2,Content Illustration
bib-20,55,1,Content Illustration
bib-20,57,1,Content Illustration
bib-20,59,1,Content Illustration
bib-20,59,2,Content Illustration
bib-20,59,3,Content Illustration
bib-20,59,4,Content Illustration
bib-20,59,5,Content Illustration
bib-20,59,6,Content Illustration
bib-20,61,1,Content Illustration
bib-20,63,1,Content Illustration
bib-20,63,2,Content Illustration
bib-20,65,1,Content Illustration
bib-20,65,2,Content Illustration
bib-20,65,3,Content Illustration
bib-20,65,4,Content Illustration
bib-20,65,5,Content Illustration
bib-20,65,6,Content Illustration
bib-20,67,1,Content Illustration
bib-20,67,2,Content Illustration
bib-20,67,3,Content Illustration
bib-20,67,4,Content Illustration
bib-20,67,5,Content Illustration
bib-20,67,6,Content Illustration
bib-20,67,7,Content Illustration
bib-20,69,1,Content Illustration
bib-20,71,1,Content Illustration
bib-20,71,2,Content Illustration
bib-20,71,3,Content Illustration
bib-20,73,1,Content Illustration
bib-20,73,2,Content Illustration
bib-20,75,1,Content Illustration
bib-20,75,2,Content Illustration
bib-20,77,1,Content Illustration
bib-20,77,2,Content Illustration
bib-20,78,1,Content Illustration
bib-20,79,1,Content Illustration
bib-20,81,1,Content Illustration
bib-20,81,2,Content Illustration
bib-20,81,3,Content Illustration
bib-20,83,1,Content Illustration
bib-20,85,1,Content Illustration
bib-20,85,2,Content Illustration
bib-20,87,1,Content Illustration
bib-20,89,1,Content Illustration
bib-20,91,1,Content Illustration
bib-20,91,2,Content Illustration
bib-20,93,1,Content Illustration
bib-20,93,2,Content Illustration
bib-20,95,1,Content Illustration
bib-20,97,1,Content Illustration
bib-20,99,1,Content Illustration
bib-20,99,2,Content Illustration
bib-20,102,1,Content Illustration
bib-20,105,1,Content Illustration
bib-20,107,1,Content Illustration
bib-20,107,2,Content Illustration
bib-20,109,1,Content Illustration
bib-20,109,2,Content Illustration
bib-20,109,3,Content Illustration
bib-20,109,4,Content Illustration
bib-20,111,1,Content Illustration
bib-20,113,1,Content Illustration
bib-209,1,1,Content Illustration
bib-209,1,2,Content Illustration
bib-209,3,1,Initial
bib-209,7,1,Initial
bib-209,9,1,Initial
bib-209,13,1,Content Illustration
bib-209,15,1,Content Illustration
bib-209,16,1,Content Illustration
bib-209,16,2,Content Illustration
bib-209,16,3,Content Illustration
bib-209,16,4,Content Illustration
bib-209,17,1,Content Illustration
bib-209,17,2,Content Illustration
bib-209,18,1,Content Illustration
bib-209,18,2,Content Illustration
bib-209,18,3,Content Illustration
bib-209,19,1,Content Illustration
bib-209,19,2,Content Illustration
bib-209,32,1,Table
bib-209,33,1,Table
bib-209,34,1,Table
bib-209,36,1,Content Illustration
bib-209,46,1,Content Illustration
bib-209,55,1,Content Illustration
bib-209,57,1,Content Illustration
bib-209,57,2,Content Illustration
bib-209,58,1,Content Illustration
bib-209,58,2,Content Illustration
bib-209,59,1,Content Illustration
bib-209,63,1,Content Illustration
bib-209,64,1,Content Illustration
bib-209,66,1,Content Illustration
bib-209,68,1,Content Illustration
bib-209,69,1,Content Illustration
bib-209,70,1,Content Illustration
bib-209,71,1,Content Illustration
bib-209,73,1,Content Illustration
bib-209,74,1,Content Illustration
bib-209,77,1,Content Illustration
bib-209,80,1,Content Illustration
bib-209,85,1,Initial
bib-209,87,1,Content Illustration
bib-209,89,1,Content Illustration
bib-209,91,1,Content Illustration
bib-209,93,1,Content Illustration
bib-209,94,1,Content Illustration
bib-209,95,1,Content Illustration
bib-209,97,1,Content Illustration
bib-209,98,1,Content Illustration
bib-209,99,1,Content Illustration
bib-209,102,1,Content Illustration
bib-209,106,1,Content Illustration
bib-209,107,1,Content Illustration
bib-209,108,1,Content Illustration
bib-209,109,1,Content Illustration
bib-209,110,1,Content Illustration
bib-209,115,1,Content Illustration
bib-209,115,2,Content Illustration
bib-209,118,1,Content Illustration
bib-209,119,1,Content Illustration
bib-209,120,1,Content Illustration
bib-209,126,1,Content Illustration
bib-209,130,1,Content Illustration
bib-209,134,1,Content Illustration
bib-209,136,1,Table
bib-209,137,1,Table
bib-209,138,1,Table
bib-209,139,1,Table
bib-209,140,1,Table
bib-209,141,1,Table
bib-209,142,1,Table
bib-209,143,1,Table
bib-209,144,1,Table
bib-209,145,1,Table
bib-209,146,1,Table
bib-209,147,1,Table
bib-209,148,1,Table
bib-209,149,1,Table
bib-209,150,1,Table
bib-209,151,1,Table
bib-209,152,1,Table
bib-209,153,1,Table
bib-209,154,1,Table
bib-209,155,1,Table
bib-209,156,1,Table
bib-209,157,1,Table
bib-209,158,1,Table
bib-209,159,1,Table
bib-209,161,1,Table
bib-209,162,1,Table
bib-209,163,1,Table
bib-209,164,1,Table
bib-209,165,1,Table
bib-209,166,1,Table
bib-209,167,1,Table
bib-209,168,1,Table
bib-209,169,1,Table
bib-209,171,1,Table
bib-209,173,1,Table
bib-209,175,1,Table
bib-209,177,1,Table
bib-209,179,1,Table
bib-209,181,1,Table
bib-209,183,1,Table
bib-209,185,1,Table
bib-209,187,1,Table
bib-209,189,1,Table
bib-209,190,1,Table
bib-209,191,1,Table
bib-209,193,1,Table
bib-209,195,1,Table
bib-209,196,1,Content Illustration
bib-209,198,1,Content Illustration
bib-209,199,1,Content Illustration
bib-209,200,1,Content Illustration
bib-209,201,1,Content Illustration
bib-209,202,1,Content Illustration
bib-209,203,1,Content Illustration
bib-209,204,1,Content Illustration
bib-209,204,2,Content Illustration
bib-209,205,1,Content Illustration
bib-209,207,1,Content Illustration
bib-209,208,1,Content Illustration
bib-209,209,1,Content Illustration
bib-209,209,2,Content Illustration
bib-209,212,1,Content Illustration
bib-209,213,1,Content Illustration
bib-209,216,1,Content Illustration
bib-209,218,1,Content Illustration
bib-209,219,1,Table
bib-209,222,1,Content Illustration
bib-209,223,1,Content Illustration
bib-209,224,1,Content Illustration
bib-209,227,1,Content Illustration
bib-209,231,1,Content Illustration
bib-209,233,1,Content Illustration
bib-209,239,1,Content Illustration
bib-209,240,1,Content Illustration
bib-209,241,1,Content Illustration
bib-209,243,1,Content Illustration
bib-209,244,1,Content Illustration
bib-209,245,1,Content Illustration
bib-209,246,1,Content Illustration
bib-209,247,1,Content Illustration
bib-209,249,1,Initial
bib-209,250,1,Content Illustration
bib-209,250,2,Content Illustration
bib-209,251,1,Content Illustration
bib-209,252,1,Content Illustration
bib-209,253,1,Content Illustration
bib-209,254,1,Content Illustration
bib-209,255,1,Content Illustration
bib-209,257,1,Content Illustration
bib-209,258,1,Content Illustration
bib-209,259,1,Content Illustration
bib-209,260,1,Content Illustration
bib-209,260,2,Content Illustration
bib-209,262,1,Content Illustration
bib-209,263,1,Content Illustration
bib-209,264,1,Content Illustration
bib-209,264,2,Content Illustration
bib-209,267,1,Content Illustration
bib-209,268,1,Content Illustration
bib-209,270,1,Content Illustration
bib-209,272,1,Content Illustration
bib-209,273,1,Content Illustration
bib-209,275,1,Content Illustration
bib-209,277,1,Content Illustration
bib-209,278,1,Content Illustration
bib-209,279,1,Content Illustration
bib-209,280,1,Content Illustration
bib-209,282,1,Content Illustration
bib-209,284,1,Content Illustration
bib-209,287,1,Content Illustration
bib-209,291,1,Content Illustration
bib-209,294,1,Content Illustration
bib-209,296,1,Content Illustration
bib-209,297,1,Content Illustration
bib-209,297,2,Content Illustration
bib-209,299,1,Content Illustration
bib-209,300,1,Content Illustration
bib-209,301,1,Content Illustration
bib-209,302,1,Content Illustration
bib-209,303,1,Content Illustration
bib-209,313,1,Initial
bib-210,2,1,Content Illustration
bib-210,2,2,Content Illustration
bib-210,4,1,Initial
bib-210,8,1,Initial
bib-210,10,1,Initial
bib-210,16,1,Content Illustration
bib-210,18,1,Table
bib-210,19,1,Table
bib-210,20,1,Table
bib-210,21,1,Table
bib-210,22,1,Table
bib-210,40,1,Content Illustration
bib-210,64,1,Content Illustration
bib-210,72,1,Initial
bib-210,80,1,Content Illustration
bib-210,94,1,Content Illustration
bib-210,102,1,Content Illustration
bib-210,108,1,Initial
bib-210,109,1,Content Illustration
bib-210,110,1,Content Illustration
bib-210,113,1,Content Illustration
bib-210,113,2,Content Illustration
bib-210,115,1,Content Illustration
bib-210,117,1,Content Illustration
bib-210,117,2,Content Illustration
bib-210,119,1,Content Illustration
bib-210,121,1,Content Illustration
bib-210,123,1,Content Illustration
bib-210,125,1,Content Illustration
bib-210,126,1,Content Illustration
bib-210,127,1,Content Illustration
bib-210,129,1,Content Illustration
bib-210,133,1,Content Illustration
bib-210,137,1,Content Illustration
bib-210,141,1,Content Illustration
bib-210,145,1,Content Illustration
bib-210,149,1,Initial
bib-280,9,1,Content Illustration
bib-280,11,1,Decoration
bib-280,11,1,Initial
bib-280,13,1,Decoration
bib-280,13,1,Initial
bib-280,14,1,Decoration
bib-280,15,1,Decoration
bib-280,15,1,Initial
bib-280,16,1,Decoration
bib-280,16,1,Initial
bib-280,17,1,Decoration
bib-280,17,1,Initial
bib-280,18,1,Decoration
bib-280,19,1,Decoration
bib-280,19,1,Initial
bib-280,21,1,Decoration
bib-280,21,1,Initial
bib-280,22,1,Decoration
bib-280,22,1,Initial
bib-280,23,1,Decoration
bib-280,23,1,Initial
bib-280,24,1,Decoration
bib-280,24,1,Initial
bib-280,25,1,Decoration
bib-280,26,1,Decoration
bib-280,26,1,Initial
bib-280,27,1,Decoration
bib-280,27,1,Initial
bib-280,28,1,Content Illustration
bib-280,28,2,Content Illustration
bib-280,29,1,Decoration
bib-280,29,1,Initial
bib-280,30,1,Content Illustration
bib-280,32,1,Decoration
bib-280,32,1,Initial
bib-280,33,1,Decoration
bib-280,33,1,Initial
bib-280,35,1,Decoration
bib-280,35,1,Initial
bib-280,36,1,Decoration
bib-280,36,1,Initial
bib-280,37,1,Content Illustration
bib-280,38,1,Content Illustration
bib-280,42,1,Content Illustration
bib-280,44,1,Content Illustration
bib-280,44,1,Decoration
bib-280,44,1,Initial
bib-280,46,1,Content Illustration
bib-280,47,1,Content Illustration
bib-280,47,1,Decoration
bib-280,47,1,Initial
bib-280,48,1,Content Illustration
bib-280,49,1,Content Illustration
bib-280,49,1,Decoration
bib-280,49,1,Initial
bib-280,50,1,Content Illustration
bib-280,51,1,Content Illustration
bib-280,51,1,Decoration
bib-280,51,2,Decoration
bib-280,51,1,Initial
bib-280,52,1,Content Illustration
bib-280,53,1,Content Illustration
bib-280,53,1,Decoration
bib-280,53,2,Decoration
bib-280,53,1,Initial
bib-280,54,1,Content Illustration
bib-280,55,1,Content Illustration
bib-280,55,1,Decoration
bib-280,55,2,Decoration
bib-280,55,1,Initial
bib-280,56,1,Decoration
bib-280,57,1,Decoration
bib-280,57,1,Initial
bib-280,58,1,Content Illustration
bib-280,59,1,Content Illustration
bib-280,60,1,Decoration
bib-280,61,1,Content Illustration
bib-280,61,1,Decoration
bib-280,62,1,Content Illustration
bib-280,62,1,Decoration
bib-280,62,1,Initial
bib-280,63,1,Decoration
bib-280,63,1,Initial
bib-280,64,1,Content Illustration
bib-280,65,1,Content Illustration
bib-280,66,1,Content Illustration
bib-280,67,1,Decoration
bib-280,69,1,Decoration
bib-280,69,1,Initial
bib-280,70,1,Content Illustration
bib-280,70,1,Decoration
bib-280,70,1,Initial
bib-280,71,1,Content Illustration
bib-280,72,1,Content Illustration
bib-280,72,1,Decoration
bib-280,72,1,Initial
bib-280,73,1,Content Illustration
bib-280,74,1,Decoration
bib-280,75,1,Content Illustration
bib-280,75,1,Decoration
bib-280,75,1,Initial
bib-280,76,1,Content Illustration
bib-280,77,1,Decoration
bib-280,77,1,Initial
bib-280,79,1,Content Illustration
bib-280,80,1,Decoration
bib-280,80,1,Initial
bib-280,81,1,Content Illustration
bib-280,82,1,Decoration
bib-280,83,1,Decoration
bib-280,83,2,Decoration
bib-280,83,1,Initial
bib-280,84,1,Content Illustration
bib-280,85,1,Decoration
bib-280,85,1,Initial
bib-280,86,1,Content Illustration
bib-280,87,1,Decoration
bib-280,87,2,Decoration
bib-280,87,1,Initial
bib-280,88,1,Content Illustration
bib-280,89,1,Decoration
bib-280,89,1,Initial
bib-280,90,1,Content Illustration
bib-280,91,1,Decoration
bib-280,91,1,Initial
bib-280,92,1,Content Illustration
bib-280,93,1,Content Illustration
bib-280,94,1,Decoration
bib-280,94,1,Initial
bib-280,95,1,Content Illustration
bib-280,97,1,Decoration
bib-280,97,1,Initial
bib-280,98,1,Decoration
bib-280,98,1,Initial
bib-280,99,1,Content Illustration
bib-280,100,1,Decoration
bib-280,100,1,Initial
bib-280,101,1,Content Illustration
bib-280,102,1,Decoration
bib-280,102,1,Initial
bib-280,103,1,Content Illustration
bib-280,104,1,Decoration
bib-280,104,1,Initial
bib-280,105,1,Content Illustration
bib-280,106,1,Decoration
bib-280,106,1,Initial
bib-280,107,1,Content Illustration
bib-280,108,1,Content Illustration
bib-280,109,1,Decoration
bib-280,109,1,Initial
bib-280,110,1,Content Illustration
bib-280,111,1,Decoration
bib-280,111,1,Initial
bib-280,112,1,Content Illustration
bib-280,113,1,Decoration
bib-280,113,1,Initial
bib-280,114,1,Content Illustration
WHEESV,1,1,Decoration
WHEESV,1,1,Initial
WHEESV,2,1,Content Illustration
WHEESV,4,1,Decoration
WHEESV,4,1,Initial
WHEESV,6,1,Initial
WHEESV,10,1,Content Illustration
WHEESV,12,1,Content Illustration
WHEESV,14,1,Content Illustration
WHEESV,16,1,Content Illustration
WHEESV,19,1,Content Illustration
WHEESV,21,1,Content Illustration
WHEESV,21,2,Content Illustration
WHEESV,22,1,Content Illustration
WHEESV,23,1,Content Illustration
WHEESV,25,1,Content Illustration
WHEESV,25,2,Content Illustration
WHEESV,26,1,Content Illustration
WHEESV,27,1,Content Illustration
WHEESV,28,1,Content Illustration
WHEESV,29,1,Content Illustration
WHEESV,30,1,Content Illustration
WHEESV,30,2,Content Illustration
WHEESV,31,1,Content Illustration
WHEESV,32,1,Content Illustration
WHEESV,33,1,Content Illustration
WHEESV,34,1,Content Illustration
WHEESV,35,1,Content Illustration
WHEESV,35,2,Content Illustration
WHEESV,36,1,Content Illustration
WHEESV,37,1,Content Illustration
WHEESV,37,2,Content Illustration
WHEESV,38,1,Content Illustration
WHEESV,39,1,Content Illustration
WHEESV,39,2,Content Illustration
WHEESV,40,1,Content Illustration
WHEESV,41,1,Content Illustration
WHEESV,43,1,Content Illustration
WHEESV,44,1,Content Illustration
WHEESV,44,2,Content Illustration
WHEESV,45,1,Content Illustration
WHEESV,46,1,Content Illustration
WHEESV,47,1,Content Illustration
WHEESV,48,1,Content Illustration
WHEESV,50,1,Content Illustration
WHEESV,51,1,Content Illustration
WHEESV,52,1,Content Illustration
WHEESV,53,1,Content Illustration
WHEESV,55,1,Content Illustration
WHEESV,56,1,Initial
WHEESV,58,1,Content Illustration
WHEESV,59,1,Content Illustration
WHEESV,60,1,Content Illustration
WHEESV,61,1,Content Illustration
WHEESV,61,2,Content Illustration
WHEESV,62,1,Content Illustration
WHEESV,62,2,Content Illustration
WHEESV,63,1,Content Illustration
WHEESV,63,2,Content Illustration
WHEESV,64,1,Content Illustration
WHEESV,64,2,Content Illustration
WHEESV,65,1,Content Illustration
WHEESV,66,1,Content Illustration
WHEESV,67,1,Content Illustration
WHEESV,67,2,Content Illustration
WHEESV,68,1,Content Illustration
WHEESV,69,1,Content Illustration
WHEESV,70,1,Content Illustration
WHEESV,71,1,Content Illustration
WHEESV,72,1,Content Illustration
WHEESV,73,1,Content Illustration
WHEESV,74,1,Content Illustration
WHEESV,74,2,Content Illustration
WHEESV,75,1,Content Illustration
WHEESV,76,1,Content Illustration
WHEESV,77,1,Content Illustration
WHEESV,78,1,Content Illustration
WHEESV,79,1,Content Illustration
WHEESV,80,1,Content Illustration
WHEESV,81,1,Content Illustration
WHEESV,82,1,Content Illustration
WHEESV,83,1,Content Illustration
WHEESV,84,1,Content Illustration
WHEESV,84,2,Content Illustration
WHEESV,85,1,Content Illustration
WHEESV,86,1,Content Illustration
WHEESV,87,1,Content Illustration
WHEESV,88,1,Content Illustration
WHEESV,89,1,Content Illustration
WHEESV,90,1,Content Illustration
WHEESV,90,2,Content Illustration
WHEESV,91,1,Content Illustration
WHEESV,92,1,Content Illustration
WHEESV,93,1,Content Illustration
WHEESV,94,1,Content Illustration
WHEESV,95,1,Content Illustration
WHEESV,96,1,Content Illustration
WHEESV,97,1,Content Illustration
WHEESV,98,1,Content Illustration
WHEESV,99,1,Content Illustration
WHEESV,100,1,Content Illustration
WHEESV,100,2,Content Illustration
WHEESV,101,1,Content Illustration
WHEESV,101,2,Content Illustration
WHEESV,102,1,Content Illustration
WHEESV,103,1,Content Illustration
WHEESV,104,1,Content Illustration
WHEESV,104,2,Content Illustration
WHEESV,105,1,Content Illustration
WHEESV,105,2,Content Illustration
WHEESV,106,1,Content Illustration
WHEESV,107,1,Content Illustration
WHEESV,108,1,Content Illustration
WHEESV,108,2,Content Illustration
WHEESV,109,1,Content Illustration
WHEESV,110,1,Content Illustration
WHEESV,113,1,Content Illustration
WHEESV,114,1,Content Illustration
WHEESV,115,1,Content Illustration
WHEESV,115,2,Content Illustration
WHEESV,116,1,Content Illustration
WHEESV,116,2,Content Illustration
WHEESV,117,1,Content Illustration
WHEESV,117,2,Content Illustration
WHEESV,118,1,Content Illustration
WHEESV,120,1,Initial
WHEESV,121,1,Content Illustration
WHEESV,122,1,Content Illustration
WHEESV,123,1,Content Illustration
WHEESV,124,1,Content Illustration
WHEESV,125,1,Content Illustration
WHEESV,125,2,Content Illustration
WHEESV,126,1,Content Illustration
WHEESV,127,1,Content Illustration
WHEESV,127,2,Content Illustration
WHEESV,128,1,Content Illustration
WHEESV,129,1,Content Illustration
WHEESV,130,1,Content Illustration
WHEESV,131,1,Content Illustration
WHEESV,132,1,Content Illustration
WHEESV,133,1,Content Illustration
WHEESV,134,1,Content Illustration
WHEESV,135,1,Content Illustration
WHEESV,135,2,Content Illustration
WHEESV,136,1,Content Illustration
WHEESV,137,1,Content Illustration
WHEESV,138,1,Content Illustration
WHEESV,140,1,Content Illustration
WHEESV,141,1,Content Illustration
WHEESV,141,2,Content Illustration
WHEESV,142,1,Content Illustration
WHEESV,143,1,Content Illustration
WHEESV,144,1,Content Illustration
WHEESV,145,1,Content Illustration
WHEESV,145,2,Content Illustration
WHEESV,146,1,Content Illustration
WHEESV,147,1,Content Illustration
WHEESV,149,1,Content Illustration
WHEESV,150,1,Content Illustration
WHEESV,151,1,Content Illustration
WHEESV,153,1,Content Illustration
WHEESV,154,1,Content Illustration
WHEESV,154,2,Content Illustration
WHEESV,155,1,Content Illustration
WHEESV,156,1,Content Illustration
WHEESV,157,1,Content Illustration
WHEESV,157,2,Content Illustration
WHEESV,158,1,Content Illustration
WHEESV,159,1,Content Illustration
WHEESV,160,1,Content Illustration
WHEESV,161,1,Content Illustration
WHEESV,163,1,Content Illustration
WHEESV,164,1,Content Illustration
WHEESV,165,1,Content Illustration
WHEESV,166,1,Content Illustration
WHEESV,167,1,Content Illustration
WHEESV,167,2,Content Illustration
WHEESV,168,1,Content Illustration
WHEESV,169,1,Content Illustration
WHEESV,169,2,Content Illustration
WHEESV,171,1,Content Illustration
WHEESV,171,2,Content Illustration
WHEESV,172,1,Content Illustration
WHEESV,173,1,Content Illustration
WHEESV,173,2,Content Illustration
WHEESV,174,1,Content Illustration
WHEESV,174,2,Content Illustration
WHEESV,175,1,Content Illustration
WHEESV,176,1,Initial
WHEESV,178,1,Content Illustration
WHEESV,179,1,Content Illustration
WHEESV,180,1,Content Illustration
WHEESV,181,1,Content Illustration
WHEESV,182,1,Content Illustration
WHEESV,183,1,Content Illustration
WHEESV,184,1,Content Illustration
WHEESV,185,1,Content Illustration
WHEESV,186,1,Content Illustration
WHEESV,187,1,Content Illustration
WHEESV,189,1,Content Illustration
WHEESV,189,2,Content Illustration
WHEESV,190,1,Content Illustration
WHEESV,191,1,Content Illustration
WHEESV,192,1,Content Illustration
WHEESV,193,1,Content Illustration
WHEESV,195,1,Content Illustration
WHEESV,196,1,Content Illustration
WHEESV,197,1,Content Illustration
WHEESV,198,1,Content Illustration
WHEESV,199,1,Content Illustration
WHEESV,200,1,Content Illustration
WHEESV,201,1,Content Illustration
WHEESV,201,2,Content Illustration
WHEESV,203,1,Content Illustration
WHEESV,204,1,Content Illustration
WHEESV,205,1,Content Illustration
WHEESV,205,2,Content Illustration
WHEESV,206,1,Content Illustration
WHEESV,207,1,Content Illustration
WHEESV,207,2,Content Illustration
WHEESV,208,1,Content Illustration
WHEESV,209,1,Content Illustration
WHEESV,211,1,Content Illustration
WHEESV,212,1,Content Illustration
WHEESV,214,1,Content Illustration
WHEESV,214,2,Content Illustration
WHEESV,215,1,Content Illustration
WHEESV,215,2,Content Illustration
WHEESV,216,1,Content Illustration
WHEESV,217,1,Content Illustration
WHEESV,217,2,Content Illustration
WHEESV,218,1,Content Illustration
WHEESV,218,2,Content Illustration
WHEESV,219,1,Content Illustration
WHEESV,220,1,Content Illustration
WHEESV,220,2,Content Illustration
WHEESV,222,1,Content Illustration
WHEESV,223,1,Content Illustration
WHEESV,223,2,Content Illustration
WHEESV,225,1,Content Illustration
WHEESV,225,2,Content Illustration
WHEESV,226,1,Content Illustration
WHEESV,226,2,Content Illustration
WHEESV,227,1,Content Illustration
WHEESV,227,2,Content Illustration
WHEESV,228,1,Content Illustration
WHEESV,228,2,Content Illustration
WHEESV,229,1,Content Illustration
WHEESV,230,1,Content Illustration
WHEESV,231,1,Content Illustration
WHEESV,232,1,Content Illustration
WHEESV,232,2,Content Illustration
WHEESV,233,1,Content Illustration
WHEESV,234,1,Content Illustration
WHEESV,234,2,Content Illustration
WHEESV,235,1,Content Illustration
WHEESV,236,1,Content Illustration
WHEESV,237,1,Content Illustration
WHEESV,238,1,Content Illustration
WHEESV,239,1,Content Illustration
WHEESV,240,1,Content Illustration
WHEESV,240,2,Content Illustration
WHEESV,241,1,Content Illustration
WHEESV,243,1,Content Illustration
WHEESV,244,1,Content Illustration
WHEESV,245,1,Content Illustration
WHEESV,246,1,Content Illustration
WHEESV,247,1,Content Illustration
WHEESV,247,2,Content Illustration
WHEESV,248,1,Content Illustration
WHEESV,249,1,Content Illustration
WHEESV,250,1,Decoration
WHEESV,250,1,Initial
WHEESV,251,1,Content Illustration
WHEESV,252,1,Content Illustration
WHEESV,253,1,Content Illustration
WHEESV,254,1,Content Illustration
WHEESV,255,1,Content Illustration
WHEESV,256,1,Content Illustration
WHEESV,256,2,Content Illustration
WHEESV,257,1,Content Illustration
WHEESV,258,1,Content Illustration
WHEESV,259,1,Content Illustration
WHEESV,260,1,Content Illustration
WHEESV,261,1,Content Illustration
WHEESV,262,1,Content Illustration
WHEESV,263,1,Content Illustration
WHEESV,264,1,Content Illustration
WHEESV,265,1,Content Illustration
WHEESV,265,2,Content Illustration
WHEESV,266,1,Content Illustration
WHEESV,267,1,Content Illustration
WHEESV,268,1,Content Illustration
WHEESV,269,1,Content Illustration
WHEESV,270,1,Content Illustration
WHEESV,271,1,Content Illustration
WHEESV,272,1,Content Illustration
WHEESV,273,1,Content Illustration
WHEESV,273,2,Content Illustration
WHEESV,274,1,Content Illustration
WHEESV,275,1,Content Illustration
WHEESV,276,1,Content Illustration
WHEESV,277,1,Content Illustration
WHEESV,278,1,Content Illustration
WHEESV,279,1,Content Illustration
WHEESV,280,1,Content Illustration
WHEESV,281,1,Content Illustration
WHEESV,282,1,Content Illustration
WHEESV,283,1,Content Illustration
WHEESV,284,1,Content Illustration
WHEESV,285,1,Content Illustration
WHEESV,286,1,Content Illustration
WHEESV,287,1,Content Illustration
WHEESV,288,1,Initial
WHEESV,289,1,Content Illustration
WHEESV,291,1,Content Illustration
WHEESV,293,1,Content Illustration
WHEESV,295,1,Content Illustration
WHEESV,297,1,Content Illustration
WHEESV,299,1,Content Illustration
WHEESV,301,1,Content Illustration
WHEESV,303,1,Content Illustration
WHEESV,305,1,Content Illustration
WHEESV,307,1,Content Illustration
WHEESV,309,1,Content Illustration
WHEESV,311,1,Content Illustration
WHEESV,313,1,Content Illustration
WHEESV,315,1,Content Illustration
NTML0S,3,1,Printer's Mark
NTML0S,6,1,Content Illustration
NTML0S,6,1,Printer's Mark
NTML0S,8,1,Decoration
NTML0S,8,2,Decoration
NTML0S,8,1,Initial
NTML0S,12,1,Decoration
NTML0S,12,2,Decoration
NTML0S,12,1,Initial
NTML0S,13,1,Decoration
NTML0S,13,2,Decoration
NTML0S,13,1,Initial
NTML0S,14,1,Initial
NTML0S,54,1,Decoration
NTML0S,54,1,Initial
NTML0S,58,1,Content Illustration
NTML0S,60,1,Initial
NTML0S,62,1,Content Illustration
NTML0S,62,2,Content Illustration
NTML0S,62,1,Initial
NTML0S,63,1,Content Illustration
NTML0S,63,2,Content Illustration
NTML0S,63,3,Content Illustration
NTML0S,63,4,Content Illustration
NTML0S,63,5,Content Illustration
NTML0S,63,6,Content Illustration
NTML0S,63,7,Content Illustration
NTML0S,64,1,Content Illustration
NTML0S,64,2,Content Illustration
NTML0S,64,3,Content Illustration
NTML0S,64,4,Content Illustration
NTML0S,65,1,Content Illustration
NTML0S,65,2,Content Illustration
NTML0S,65,3,Content Illustration
NTML0S,65,4,Content Illustration
NTML0S,65,5,Content Illustration
NTML0S,66,1,Content Illustration
NTML0S,66,2,Content Illustration
NTML0S,66,3,Content Illustration
NTML0S,66,4,Content Illustration
NTML0S,67,1,Content Illustration
NTML0S,67,2,Content Illustration
NTML0S,67,3,Content Illustration
NTML0S,67,4,Content Illustration
NTML0S,68,1,Content Illustration
NTML0S,68,2,Content Illustration
NTML0S,68,3,Content Illustration
NTML0S,69,1,Content Illustration
NTML0S,69,2,Content Illustration
NTML0S,70,1,Content Illustration
NTML0S,71,1,Content Illustration
NTML0S,71,2,Content Illustration
NTML0S,71,3,Content Illustration
NTML0S,71,4,Content Illustration
NTML0S,72,1,Content Illustration
NTML0S,72,2,Content Illustration
NTML0S,73,1,Content Illustration
NTML0S,74,1,Content Illustration
NTML0S,75,1,Content Illustration
NTML0S,75,2,Content Illustration
NTML0S,75,3,Content Illustration
NTML0S,76,1,Content Illustration
NTML0S,76,2,Content Illustration
NTML0S,77,1,Content Illustration
NTML0S,78,1,Content Illustration
NTML0S,79,1,Content Illustration
NTML0S,79,2,Content Illustration
NTML0S,80,1,Content Illustration
NTML0S,80,2,Content Illustration
NTML0S,81,1,Content Illustration
NTML0S,81,2,Content Illustration
NTML0S,82,1,Content Illustration
NTML0S,82,2,Content Illustration
NTML0S,83,1,Content Illustration
NTML0S,83,2,Content Illustration
NTML0S,83,3,Content Illustration
NTML0S,83,4,Content Illustration
NTML0S,84,1,Content Illustration
NTML0S,84,2,Content Illustration
NTML0S,85,1,Content Illustration
NTML0S,85,2,Content Illustration
NTML0S,85,3,Content Illustration
NTML0S,86,1,Content Illustration
NTML0S,86,2,Content Illustration
NTML0S,86,3,Content Illustration
NTML0S,86,4,Content Illustration
NTML0S,86,5,Content Illustration
NTML0S,86,6,Content Illustration
NTML0S,86,7,Content Illustration
NTML0S,87,1,Content Illustration
NTML0S,87,1,Table
NTML0S,88,1,Content Illustration
NTML0S,88,2,Content Illustration
NTML0S,89,1,Content Illustration
NTML0S,90,1,Content Illustration
NTML0S,91,1,Content Illustration
NTML0S,92,1,Decoration
NTML0S,92,1,Initial
NTML0S,94,1,Content Illustration
NTML0S,94,2,Content Illustration
NTML0S,95,1,Content Illustration
NTML0S,95,2,Content Illustration
NTML0S,96,1,Content Illustration
NTML0S,96,2,Content Illustration
NTML0S,97,1,Content Illustration
NTML0S,97,2,Content Illustration
NTML0S,97,3,Content Illustration
NTML0S,98,1,Content Illustration
NTML0S,98,2,Content Illustration
NTML0S,99,1,Content Illustration
NTML0S,100,1,Content Illustration
NTML0S,102,1,Content Illustration
NTML0S,104,1,Content Illustration
NTML0S,105,1,Content Illustration
NTML0S,106,1,Content Illustration
NTML0S,108,1,Content Illustration
NTML0S,109,1,Content Illustration
NTML0S,109,2,Content Illustration
NTML0S,109,3,Content Illustration
NTML0S,110,1,Content Illustration
NTML0S,110,2,Content Illustration
NTML0S,110,3,Content Illustration
NTML0S,112,1,Content Illustration
NTML0S,113,1,Decoration
NTML0S,114,1,Content Illustration
NTML0S,116,1,Content Illustration
NTML0S,118,1,Content Illustration
NTML0S,120,1,Content Illustration
NTML0S,122,1,Content Illustration
NTML0S,124,1,Content Illustration
NTML0S,126,1,Content Illustration
NTML0S,128,1,Content Illustration
NTML0S,129,1,Content Illustration
NTML0S,130,1,Content Illustration
NTML0S,131,1,Content Illustration
NTML0S,132,1,Content Illustration
NTML0S,134,1,Content Illustration
NTML0S,134,2,Content Illustration
NTML0S,135,1,Content Illustration
NTML0S,135,2,Content Illustration
NTML0S,136,1,Content Illustration
NTML0S,137,1,Content Illustration
NTML0S,138,1,Content Illustration
NTML0S,139,1,Content Illustration
NTML0S,140,1,Content Illustration
NTML0S,140,2,Content Illustration
NTML0S,141,1,Content Illustration
NTML0S,141,2,Content Illustration
NTML0S,142,1,Content Illustration
NTML0S,142,2,Content Illustration
NTML0S,143,1,Content Illustration
NTML0S,143,2,Content Illustration
NTML0S,146,1,Content Illustration
NTML0S,147,1,Content Illustration
NTML0S,149,1,Content Illustration
NTML0S,150,1,Content Illustration
NTML0S,154,1,Content Illustration
NTML0S,156,1,Initial
NTML0S,158,1,Content Illustration
NTML0S,159,1,Content Illustration
NTML0S,160,1,Content Illustration
NTML0S,161,1,Content Illustration
NTML0S,161,2,Content Illustration
NTML0S,162,1,Content Illustration
NTML0S,162,1,Decoration
NTML0S,163,1,Content Illustration
NTML0S,164,1,Content Illustration
NTML0S,165,1,Decoration
NTML0S,166,1,Content Illustration
NTML0S,168,1,Content Illustration
NTML0S,168,1,Decoration
NTML0S,170,1,Content Illustration
NTML0S,171,1,Content Illustration
NTML0S,172,1,Content Illustration
NTML0S,172,2,Content Illustration
NTML0S,173,1,Content Illustration
NTML0S,174,1,Content Illustration
NTML0S,175,1,Content Illustration
NTML0S,176,1,Content Illustration
NTML0S,176,2,Content Illustration
NTML0S,177,1,Content Illustration
NTML0S,177,2,Content Illustration
NTML0S,177,3,Content Illustration
NTML0S,178,1,Content Illustration
NTML0S,178,2,Content Illustration
NTML0S,180,1,Content Illustration
NTML0S,181,1,Content Illustration
NTML0S,181,2,Content Illustration
NTML0S,181,1,Decoration
NTML0S,182,1,Content Illustration
NTML0S,182,2,Content Illustration
NTML0S,183,1,Content Illustration
NTML0S,183,2,Content Illustration
NTML0S,184,1,Content Illustration
NTML0S,185,1,Content Illustration
NTML0S,186,1,Content Illustration
NTML0S,187,1,Printer's Mark
NTML0S,188,1,Content Illustration
NTML0S,189,1,Content Illustration
NTML0S,190,1,Content Illustration
NTML0S,191,1,Content Illustration
NTML0S,192,1,Content Illustration
NTML0S,193,1,Content Illustration
NTML0S,194,1,Content Illustration
NTML0S,196,1,Content Illustration
NTML0S,198,1,Decoration
NTML0S,200,1,Content Illustration
NTML0S,200,2,Content Illustration
NTML0S,200,3,Content Illustration
NTML0S,202,1,Content Illustration
NTML0S,204,1,Content Illustration
NTML0S,204,2,Content Illustration
NTML0S,205,1,Content Illustration
NTML0S,205,2,Content Illustration
NTML0S,206,1,Decoration
NTML0S,208,1,Content Illustration
NTML0S,210,1,Content Illustration
NTML0S,212,1,Content Illustration
NTML0S,213,1,Content Illustration
NTML0S,214,1,Content Illustration
NTML0S,215,1,Content Illustration
NTML0S,215,2,Content Illustration
NTML0S,216,1,Content Illustration
NTML0S,218,1,Content Illustration
NTML0S,219,1,Content Illustration
NTML0S,220,1,Content Illustration
NTML0S,221,1,Content Illustration
NTML0S,222,1,Content Illustration
NTML0S,224,1,Content Illustration
NTML0S,224,2,Content Illustration
NTML0S,225,1,Content Illustration
NTML0S,225,2,Content Illustration
NTML0S,226,1,Content Illustration
NTML0S,228,1,Content Illustration
NTML0S,229,1,Content Illustration
NTML0S,229,1,Table
NTML0S,230,1,Content Illustration
NTML0S,230,2,Content Illustration
NTML0S,230,3,Content Illustration
NTML0S,230,4,Content Illustration
NTML0S,231,1,Content Illustration
NTML0S,231,2,Content Illustration
NTML0S,231,3,Content Illustration
NTML0S,232,1,Content Illustration
NTML0S,234,1,Content Illustration
NTML0S,235,1,Decoration
NTML0S,236,1,Content Illustration
NTML0S,236,2,Content Illustration
NTML0S,237,1,Content Illustration
NTML0S,238,1,Content Illustration
NTML0S,238,2,Content Illustration
NTML0S,239,1,Content Illustration
NTML0S,240,1,Content Illustration
NTML0S,240,1,Table
NTML0S,241,1,Content Illustration
NTML0S,243,1,Content Illustration
NTML0S,244,1,Content Illustration
NTML0S,245,1,Content Illustration
NTML0S,246,1,Content Illustration
NTML0S,247,1,Content Illustration
NTML0S,248,1,Content Illustration
NTML0S,249,1,Table
NTML0S,250,1,Content Illustration
NTML0S,251,1,Content Illustration
NTML0S,251,1,Initial
NTML0S,252,1,Content Illustration
NTML0S,253,1,Content Illustration
NTML0S,253,2,Content Illustration
NTML0S,253,3,Content Illustration
NTML0S,253,4,Content Illustration
NTML0S,253,5,Content Illustration
NTML0S,254,1,Content Illustration
NTML0S,256,1,Content Illustration
NTML0S,256,2,Content Illustration
NTML0S,256,3,Content Illustration
NTML0S,256,1,Decoration
NTML0S,257,1,Content Illustration
NTML0S,257,2,Content Illustration
NTML0S,258,1,Content Illustration
NTML0S,258,2,Content Illustration
NTML0S,258,3,Content Illustration
NTML0S,259,1,Content Illustration
NTML0S,260,1,Content Illustration
NTML0S,262,1,Content Illustration
NTML0S,263,1,Content Illustration
NTML0S,264,1,Content Illustration
NTML0S,266,1,Content Illustration
NTML0S,266,2,Content Illustration
NTML0S,267,1,Content Illustration
NTML0S,268,1,Content Illustration
NTML0S,270,1,Content Illustration
NTML0S,271,1,Printer's Mark
NTML0S,271,2,Printer's Mark
NTML0S,272,1,Content Illustration
NTML0S,274,1,Content Illustration
NTML0S,275,1,Content Illustration
NTML0S,276,1,Content Illustration
NTML0S,278,1,Content Illustration
NTML0S,278,2,Content Illustration
NTML0S,279,1,Content Illustration
NTML0S,279,2,Content Illustration
NTML0S,279,3,Content Illustration
NTML0S,279,4,Content Illustration
NTML0S,280,1,Content Illustration
NTML0S,282,1,Content Illustration
NTML0S,282,2,Content Illustration
NTML0S,282,3,Content Illustration
NTML0S,284,1,Content Illustration
NTML0S,284,2,Content Illustration
NTML0S,284,1,Decoration
NTML0S,286,1,Content Illustration
NTML0S,288,1,Content Illustration
NTML0S,289,1,Decoration
NTML0S,290,1,Content Illustration
NTML0S,290,2,Content Illustration
NTML0S,291,1,Content Illustration
NTML0S,292,1,Content Illustration
NTML0S,294,1,Content Illustration
NTML0S,295,1,Content Illustration
NTML0S,296,1,Content Illustration
NTML0S,297,1,Content Illustration
NTML0S,298,1,Content Illustration
NTML0S,299,1,Decoration
NTML0S,300,1,Content Illustration
NTML0S,300,2,Content Illustration
NTML0S,300,3,Content Illustration
NTML0S,301,1,Content Illustration
NTML0S,302,1,Content Illustration
NTML0S,302,2,Content Illustration
NTML0S,303,1,Initial
NTML0S,306,1,Content Illustration
NTML0S,306,1,Decoration
NTML0S,308,1,Initial
NTML0S,310,1,Content Illustration
NTML0S,312,1,Content Illustration
NTML0S,312,2,Content Illustration
NTML0S,312,3,Content Illustration
NTML0S,313,1,Content Illustration
NTML0S,314,1,Content Illustration
NTML0S,314,2,Content Illustration
NTML0S,314,3,Content Illustration
NTML0S,315,1,Content Illustration
NTML0S,316,1,Content Illustration
NTML0S,317,1,Content Illustration
NTML0S,318,1,Content Illustration
NTML0S,319,1,Content Illustration
NTML0S,320,1,Content Illustration
NTML0S,321,1,Content Illustration
NTML0S,322,1,Content Illustration
NTML0S,323,1,Content Illustration
NTML0S,324,1,Content Illustration
NTML0S,325,1,Content Illustration
NTML0S,326,1,Content Illustration
NTML0S,327,1,Content Illustration
NTML0S,328,1,Content Illustration
NTML0S,329,1,Content Illustration
NTML0S,330,1,Content Illustration
NTML0S,331,1,Content Illustration
NTML0S,331,2,Content Illustration
NTML0S,332,1,Content Illustration
NTML0S,333,1,Content Illustration
NTML0S,333,2,Content Illustration
NTML0S,333,3,Content Illustration
NTML0S,333,4,Content Illustration
NTML0S,333,1,Decoration
NTML0S,335,1,Content Illustration
NTML0S,335,2,Content Illustration
NTML0S,336,1,Content Illustration
NTML0S,338,1,Content Illustration
NTML0S,338,2,Content Illustration
NTML0S,338,3,Content Illustration
NTML0S,338,4,Content Illustration
NTML0S,338,5,Content Illustration
NTML0S,339,1,Content Illustration
NTML0S,339,2,Content Illustration
NTML0S,340,1,Content Illustration
NTML0S,340,1,Initial
NTML0S,342,1,Content Illustration
NTML0S,342,2,Content Illustration
NTML0S,344,1,Content Illustration
NTML0S,346,1,Content Illustration
NTML0S,347,1,Content Illustration
NTML0S,348,1,Content Illustration
NTML0S,350,1,Content Illustration
NTML0S,352,1,Content Illustration
NTML0S,354,1,Content Illustration
NTML0S,355,1,Content Illustration
NTML0S,356,1,Content Illustration
NTML0S,357,1,Content Illustration
NTML0S,358,1,Table
NTML0S,359,1,Content Illustration
NTML0S,360,1,Decoration
NTML0S,361,1,Content Illustration
NTML0S,362,1,Decoration
NTML0S,363,1,Content Illustration
NTML0S,364,1,Content Illustration
NTML0S,364,1,Decoration
NTML0S,365,1,Content Illustration
NTML0S,367,1,Content Illustration
NTML0S,368,1,Content Illustration
NTML0S,370,1,Decoration
NTML0S,372,1,Content Illustration
NTML0S,373,1,Content Illustration
NTML0S,374,1,Content Illustration
NTML0S,374,2,Content Illustration
NTML0S,376,1,Content Illustration
NTML0S,376,2,Content Illustration
NTML0S,376,3,Content Illustration
NTML0S,376,1,Decoration
NTML0S,377,1,Content Illustration
NTML0S,377,2,Content Illustration
NTML0S,377,3,Content Illustration
NTML0S,378,1,Content Illustration
NTML0S,379,1,Content Illustration
NTML0S,379,2,Content Illustration
NTML0S,380,1,Content Illustration
NTML0S,381,1,Content Illustration
NTML0S,382,1,Content Illustration
NTML0S,383,1,Content Illustration
NTML0S,385,1,Content Illustration
NTML0S,386,1,Content Illustration
NTML0S,387,1,Decoration
NTML0S,388,1,Content Illustration
NTML0S,389,1,Content Illustration
NTML0S,391,1,Content Illustration
NTML0S,393,1,Content Illustration
NTML0S,393,1,Decoration
NTML0S,395,1,Content Illustration
NTML0S,396,1,Content Illustration
NTML0S,396,2,Content Illustration
NTML0S,397,1,Content Illustration
NTML0S,397,2,Content Illustration
NTML0S,397,3,Content Illustration
NTML0S,398,1,Content Illustration
NTML0S,398,2,Content Illustration
NTML0S,398,3,Content Illustration
NTML0S,399,1,Content Illustration
NTML0S,399,2,Content Illustration
NTML0S,399,3,Content Illustration
NTML0S,400,1,Content Illustration
NTML0S,401,1,Content Illustration
NTML0S,402,1,Content Illustration
NTML0S,403,1,Content Illustration
NTML0S,403,1,Decoration
NTML0S,404,1,Content Illustration
NTML0S,405,1,Content Illustration
NTML0S,406,1,Content Illustration
NTML0S,407,1,Content Illustration
NTML0S,408,1,Content Illustration
NTML0S,409,1,Decoration
NTML0S,411,1,Content Illustration
NTML0S,411,2,Content Illustration
NTML0S,412,1,Content Illustration
NTML0S,413,1,Content Illustration
NTML0S,414,1,Content Illustration
NTML0S,415,1,Content Illustration
NTML0S,416,1,Content Illustration
NTML0S,417,1,Content Illustration
NTML0S,419,1,Content Illustration
NTML0S,421,1,Decoration
NTML0S,423,1,Content Illustration
NTML0S,425,1,Content Illustration
NTML0S,425,2,Content Illustration
NTML0S,426,1,Content Illustration
NTML0S,428,1,Decoration
NTML0S,429,1,Content Illustration
NTML0S,432,1,Content Illustration
NTML0S,434,1,Table
NTML0S,436,1,Table
NTML0S,438,1,Content Illustration
NTML0S,438,2,Content Illustration
NTML0S,438,1,Decoration
NTML0S,438,1,Initial
NTML0S,443,1,Content Illustration
NTML0S,444,1,Content Illustration
NTML0S,445,1,Content Illustration
NTML0S,446,1,Content Illustration
NTML0S,447,1,Content Illustration
NTML0S,448,1,Content Illustration
NTML0S,448,2,Content Illustration
NTML0S,448,1,Decoration
NTML0S,448,2,Decoration
NTML0S,449,1,Content Illustration
NTML0S,450,1,Content Illustration
NTML0S,451,1,Content Illustration
NTML0S,452,1,Content Illustration
NTML0S,452,1,Decoration
NTML0S,453,1,Content Illustration
NTML0S,453,1,Decoration
NTML0S,453,2,Decoration
NTML0S,453,3,Decoration
NTML0S,453,1,Initial
NTML0S,453,2,Initial
NTML0S,454,1,Decoration
NTML0S,454,2,Decoration
NTML0S,454,3,Decoration
NTML0S,456,1,Content Illustration
NTML0S,458,1,Content Illustration
NTML0S,460,1,Initial
NTML0S,461,1,Content Illustration
NTML0S,462,1,Content Illustration
NTML0S,463,1,Content Illustration
NTML0S,464,1,Content Illustration
NTML0S,465,1,Content Illustration
NTML0S,466,1,Content Illustration
NTML0S,467,1,Content Illustration
NTML0S,468,1,Content Illustration
NTML0S,468,2,Content Illustration
NTML0S,469,1,Content Illustration
NTML0S,471,1,Content Illustration
NTML0S,471,2,Content Illustration
NTML0S,472,1,Content Illustration
NTML0S,473,1,Content Illustration
NTML0S,475,1,Content Illustration
NTML0S,475,2,Content Illustration
NTML0S,476,1,Content Illustration
NTML0S,477,1,Content Illustration
NTML0S,478,1,Content Illustration
NTML0S,479,1,Content Illustration
NTML0S,480,1,Content Illustration
NTML0S,481,1,Content Illustration
NTML0S,483,1,Content Illustration
NTML0S,484,1,Content Illustration
NTML0S,485,1,Content Illustration
NTML0S,486,1,Content Illustration
NTML0S,487,1,Content Illustration
NTML0S,489,1,Content Illustration
NTML0S,489,1,Decoration
NTML0S,489,2,Decoration
NTML0S,491,1,Content Illustration
NTML0S,491,2,Content Illustration
NTML0S,492,1,Content Illustration
NTML0S,492,2,Content Illustration
NTML0S,493,1,Content Illustration
NTML0S,494,1,Content Illustration
NTML0S,495,1,Content Illustration
NTML0S,498,1,Content Illustration
NTML0S,498,1,Decoration
NTML0S,499,1,Decoration
NTML0S,500,1,Decoration
NTML0S,500,1,Initial
NTML0S,501,1,Decoration
NTML0S,501,1,Initial
NTML0S,502,1,Content Illustration
NTML0S,503,1,Content Illustration
NTML0S,504,1,Content Illustration
NTML0S,505,1,Content Illustration
NTML0S,506,1,Content Illustration
NTML0S,507,1,Content Illustration
NTML0S,508,1,Content Illustration
NTML0S,509,1,Content Illustration
NTML0S,510,1,Content Illustration
NTML0S,511,1,Content Illustration
NTML0S,512,1,Content Illustration
NTML0S,513,1,Content Illustration
NTML0S,514,1,Content Illustration
NTML0S,515,1,Content Illustration
NTML0S,516,1,Content Illustration
NTML0S,517,1,Content Illustration
NTML0S,518,1,Content Illustration
NTML0S,519,1,Content Illustration
NTML0S,520,1,Content Illustration
NTML0S,521,1,Content Illustration
NTML0S,522,1,Content Illustration
NTML0S,523,1,Content Illustration
NTML0S,524,1,Content Illustration
NTML0S,525,1,Content Illustration
NTML0S,526,1,Content Illustration
NTML0S,527,1,Content Illustration
NTML0S,528,1,Content Illustration
NTML0S,529,1,Content Illustration
NTML0S,530,1,Content Illustration
NTML0S,531,1,Content Illustration
NTML0S,532,1,Content Illustration
NTML0S,533,1,Decoration
NTML0S,534,1,Content Illustration
NTML0S,535,1,Content Illustration
NTML0S,536,1,Content Illustration
NTML0S,537,1,Content Illustration
NTML0S,538,1,Content Illustration
NTML0S,539,1,Content Illustration
NTML0S,540,1,Content Illustration
NTML0S,541,1,Content Illustration
NTML0S,542,1,Content Illustration
NTML0S,543,1,Decoration
NTML0S,544,1,Content Illustration
NTML0S,545,1,Content Illustration
NTML0S,546,1,Content Illustration
NTML0S,547,1,Content Illustration
NTML0S,548,1,Content Illustration
NTML0S,549,1,Content Illustration
NTML0S,549,2,Content Illustration
NTML0S,550,1,Content Illustration
NTML0S,551,1,Content Illustration
NTML0S,554,1,Content Illustration
NTML0S,556,1,Decoration
NTML0S,556,1,Initial
NTML0S,558,1,Initial
NTML0S,562,1,Decoration
NTML0S,562,1,Initial
NTML0S,564,1,Content Illustration
NTML0S,566,1,Content Illustration
NTML0S,568,1,Content Illustration
NTML0S,568,1,Table
NTML0S,570,1,Content Illustration
NTML0S,572,1,Table
NTML0S,574,1,Content Illustration
NTML0S,576,1,Content Illustration
NTML0S,578,1,Content Illustration
NTML0S,580,1,Table
NTML0S,582,1,Content Illustration
NTML0S,584,1,Content Illustration
NTML0S,586,1,Content Illustration
NTML0S,588,1,Content Illustration
NTML0S,590,1,Content Illustration
NTML0S,592,1,Content Illustration
NTML0S,594,1,Content Illustration
NTML0S,596,1,Content Illustration
NTML0S,598,1,Content Illustration
NTML0S,600,1,Content Illustration
NTML0S,602,1,Table
NTML0S,604,1,Content Illustration
NTML0S,604,1,Table
NTML0S,606,1,Content Illustration
NTML0S,606,2,Content Illustration
NTML0S,608,1,Content Illustration
NTML0S,608,2,Content Illustration
NTML0S,610,1,Content Illustration
NTML0S,612,1,Content Illustration
NTML0S,612,2,Content Illustration
NTML0S,612,1,Decoration
NTML0S,614,1,Content Illustration
NTML0S,616,1,Content Illustration
NTML0S,618,1,Content Illustration
NTML0S,620,1,Content Illustration
NTML0S,622,1,Content Illustration
NTML0S,624,1,Content Illustration
NTML0S,626,1,Content Illustration
NTML0S,628,1,Decoration
NTML0S,632,1,Table
NTML0S,634,1,Content Illustration
NTML0S,634,2,Content Illustration
NTML0S,634,3,Content Illustration
NTML0S,636,1,Content Illustration
NTML0S,638,1,Content Illustration
NTML0S,638,2,Content Illustration
NTML0S,640,1,Content Illustration
NTML0S,642,1,Content Illustration
NTML0S,644,1,Content Illustration
NTML0S,646,1,Content Illustration
NTML0S,646,2,Content Illustration
NTML0S,648,1,Content Illustration
NTML0S,648,2,Content Illustration
NTML0S,650,1,Content Illustration
NTML0S,651,1,Decoration
NTML0S,654,1,Content Illustration
NTML0S,656,1,Content Illustration
NTML0S,656,2,Content Illustration
NTML0S,658,1,Content Illustration
NTML0S,658,2,Content Illustration
NTML0S,658,3,Content Illustration
NTML0S,660,1,Content Illustration
NTML0S,660,2,Content Illustration
NTML0S,660,1,Initial
NTML0S,662,1,Content Illustration
NTML0S,666,1,Content Illustration
NTML0S,670,1,Content Illustration
NTML0S,670,2,Content Illustration
NTML0S,672,1,Content Illustration
NTML0S,672,1,Decoration
NTML0S,672,2,Decoration
NTML0S,673,1,Decoration
NTML0S,676,1,Content Illustration
NTML0S,678,1,Content Illustration
NTML0S,682,1,Content Illustration
NTML0S,686,1,Content Illustration
NTML0S,688,1,Content Illustration
NTML0S,688,1,Printer's Mark
NTML0S,690,1,Content Illustration
NTML0S,692,1,Content Illustration
NTML0S,692,1,Printer's Mark
NTML0S,694,1,Content Illustration
NTML0S,696,1,Content Illustration
NTML0S,696,1,Table
NTML0S,698,1,Content Illustration
NTML0S,700,1,Content Illustration
NTML0S,702,1,Content Illustration
NTML0S,706,1,Content Illustration
NTML0S,710,1,Content Illustration
NTML0S,714,1,Content Illustration
NTML0S,715,1,Decoration
NTML0S,716,1,Content Illustration
NTML0S,718,1,Content Illustration
NTML0S,720,1,Decoration
NTML0S,724,1,Decoration
NTML0S,726,1,Table
NTML0S,728,1,Content Illustration
NTML0S,728,2,Content Illustration
NTML0S,728,1,Decoration
NTML0S,730,1,Content Illustration
NTML0S,732,1,Table
NTML0S,736,1,Table
NTML0S,737,1,Decoration
NTML0S,738,1,Content Illustration
NTML0S,740,1,Content Illustration
NTML0S,742,1,Content Illustration
NTML0S,746,1,Content Illustration
NTML0S,750,1,Content Illustration
NTML0S,752,1,Content Illustration
NTML0S,752,2,Content Illustration
NTML0S,754,1,Content Illustration
NTML0S,756,1,Content Illustration
NTML0S,756,2,Content Illustration
NTML0S,756,1,Decoration
NTML0S,756,2,Decoration
NTML0S,758,1,Content Illustration
NTML0S,758,2,Content Illustration
NTML0S,762,1,Content Illustration
NTML0S,762,2,Content Illustration
NTML0S,764,1,Content Illustration
NTML0S,764,2,Content Illustration
NTML0S,766,1,Content Illustration
NTML0S,768,1,Initial
NTML0S,768,1,Table
NTML0S,770,1,Table
NTML0S,772,1,Content Illustration
NTML0S,776,1,Table
NTML0S,778,1,Content Illustration
NTML0S,778,2,Content Illustration
NTML0S,778,3,Content Illustration
NTML0S,780,1,Decoration
NTML0S,782,1,Content Illustration
NTML0S,784,1,Content Illustration
NTML0S,786,1,Content Illustration
NTML0S,788,1,Content Illustration
NTML0S,790,1,Content Illustration
NTML0S,792,1,Content Illustration
NTML0S,792,2,Content Illustration
NTML0S,796,1,Content Illustration
NTML0S,798,1,Table
NTML0S,801,1,Decoration
NTML0S,804,1,Content Illustration
NTML0S,806,1,Content Illustration
NTML0S,808,1,Content Illustration
NTML0S,808,1,Decoration
ustc-29,3,1,Printer's Mark
ustc-29,6,1,Printer's Mark
ustc-29,8,1,Decoration
ustc-29,8,1,Initial
ustc-29,9,1,Decoration
ustc-29,9,1,Initial
ustc-29,10,1,Decoration
ustc-29,10,1,Initial
ustc-29,12,1,Content Illustration
ustc-29,12,2,Content Illustration
ustc-29,12,3,Content Illustration
ustc-29,22,1,Decoration
ustc-29,22,1,Initial
ustc-29,23,1,Content Illustration
ustc-29,25,1,Content Illustration
ustc-29,26,1,Content Illustration
ustc-29,27,1,Content Illustration
ustc-29,28,1,Content Illustration
ustc-29,29,1,Content Illustration
ustc-29,31,1,Content Illustration
ustc-29,32,1,Content Illustration
ustc-29,33,1,Decoration
ustc-29,33,1,Initial
ustc-29,34,1,Content Illustration
ustc-29,34,1,Decoration
ustc-29,34,1,Initial
ustc-29,35,1,Content Illustration
ustc-29,37,1,Content Illustration
ustc-29,37,2,Content Illustration
ustc-29,38,1,Content Illustration
ustc-29,39,1,Content Illustration
ustc-29,40,1,Content Illustration
ustc-29,41,1,Content Illustration
ustc-29,43,1,Content Illustration
ustc-29,43,2,Content Illustration
ustc-29,44,1,Content Illustration
ustc-29,47,1,Content Illustration
ustc-29,47,2,Content Illustration
ustc-29,48,1,Content Illustration
ustc-29,48,2,Content Illustration
ustc-29,49,1,Content Illustration
ustc-29,50,1,Content Illustration
ustc-29,50,2,Content Illustration
ustc-29,50,3,Content Illustration
ustc-29,51,1,Content Illustration
ustc-29,53,1,Content Illustration
ustc-29,54,1,Content Illustration
ustc-29,55,1,Content Illustration
ustc-29,56,1,Content Illustration
ustc-29,57,1,Content Illustration
ustc-29,58,1,Content Illustration
ustc-29,60,1,Content Illustration
ustc-29,60,2,Content Illustration
ustc-29,61,1,Content Illustration
ustc-29,61,2,Content Illustration
ustc-29,62,1,Content Illustration
ustc-29,62,2,Content Illustration
ustc-29,62,3,Content Illustration
ustc-29,65,1,Decoration
ustc-29,65,1,Initial
ustc-29,66,1,Content Illustration
ustc-29,66,1,Decoration
ustc-29,66,1,Initial
ustc-29,67,1,Content Illustration
ustc-29,67,2,Content Illustration
ustc-29,68,1,Content Illustration
ustc-29,68,2,Content Illustration
ustc-29,69,1,Content Illustration
ustc-29,69,2,Content Illustration
ustc-29,70,1,Content Illustration
ustc-29,71,1,Content Illustration
ustc-29,72,1,Content Illustration
ustc-29,73,1,Content Illustration
ustc-29,73,2,Content Illustration
ustc-29,74,1,Content Illustration
ustc-29,75,1,Content Illustration
ustc-29,75,2,Content Illustration
ustc-29,76,1,Content Illustration
ustc-29,76,2,Content Illustration
ustc-29,76,3,Content Illustration
ustc-29,76,4,Content Illustration
ustc-29,79,1,Content Illustration
ustc-29,79,2,Content Illustration
ustc-29,80,1,Content Illustration
ustc-29,81,1,Content Illustration
ustc-29,82,1,Content Illustration
ustc-29,83,1,Content Illustration
ustc-29,83,2,Content Illustration
ustc-29,84,1,Content Illustration
ustc-29,85,1,Content Illustration
ustc-29,86,1,Content Illustration
ustc-29,88,1,Content Illustration
ustc-29,89,1,Content Illustration
ustc-29,90,1,Content Illustration
ustc-29,91,1,Content Illustration
ustc-29,92,1,Content Illustration
ustc-29,93,1,Content Illustration
ustc-29,94,1,Content Illustration
ustc-29,94,2,Content Illustration
ustc-29,96,1,Content Illustration
ustc-29,97,1,Content Illustration
ustc-29,98,1,Content Illustration
ustc-29,98,2,Content Illustration
ustc-29,99,1,Content Illustration
ustc-29,99,2,Content Illustration
ustc-29,100,1,Content Illustration
ustc-29,101,1,Content Illustration
ustc-29,101,2,Content Illustration
ustc-29,103,1,Content Illustration
ustc-29,104,1,Content Illustration
bib-93,1,1,Initial
bib-93,3,1,Content Illustration
bib-93,7,1,Printer's Mark
bib-93,9,1,Initial
bib-93,13,1,Initial
bib-93,14,1,Decoration
bib-93,15,1,Decoration
bib-93,15,1,Initial
bib-93,16,1,Decoration
bib-93,16,1,Initial
bib-93,17,1,Initial
bib-93,19,1,Initial
bib-93,27,1,Initial
bib-93,28,1,Decoration
bib-93,29,1,Initial
bib-93,33,1,Decoration
bib-93,34,1,Initial
bib-93,40,1,Table
bib-93,56,1,Content Illustration
bib-93,67,1,Decoration
bib-93,69,1,Content Illustration
bib-93,77,1,Content Illustration
bib-93,78,1,Content Illustration
bib-93,78,2,Content Illustration
bib-93,78,3,Content Illustration
bib-93,78,4,Content Illustration
bib-93,80,1,Content Illustration
bib-93,89,1,Content Illustration
bib-93,90,1,Content Illustration
bib-93,102,1,Content Illustration
bib-93,109,1,Decoration
bib-93,109,1,Initial
bib-93,151,1,Content Illustration
bib-93,153,1,Content Illustration
bib-93,154,1,Content Illustration
bib-93,155,1,Content Illustration
bib-93,155,2,Content Illustration
bib-93,165,1,Content Illustration
bib-93,165,2,Content Illustration
bib-93,165,3,Content Illustration
bib-93,172,1,Decoration
bib-93,177,1,Content Illustration
bib-93,191,1,Decoration
bib-93,191,1,Initial
bib-93,198,1,Table
bib-93,211,1,Content Illustration
bib-93,260,1,Content Illustration
bib-93,300,1,Content Illustration
bib-93,303,1,Content Illustration
bib-93,305,1,Decoration
bib-93,305,1,Initial
bib-93,332,1,Content Illustration
bib-93,337,1,Content Illustration
bib-93,348,1,Content Illustration
bib-93,348,2,Content Illustration
bib-93,348,3,Content Illustration
bib-93,348,4,Content Illustration
bib-93,350,1,Content Illustration
bib-93,350,2,Content Illustration
bib-93,351,1,Table
bib-93,356,1,Table
bib-93,361,1,Content Illustration
bib-93,362,1,Content Illustration
bib-93,368,1,Content Illustration
bib-93,369,1,Content Illustration
bib-93,378,1,Content Illustration
bib-93,383,1,Content Illustration
bib-93,384,1,Content Illustration
bib-93,390,1,Initial
bib-93,408,1,Table
bib-93,409,1,Content Illustration
bib-93,451,1,Content Illustration
bib-93,451,2,Content Illustration
bib-93,451,3,Content Illustration
bib-93,454,1,Content Illustration
bib-93,454,2,Content Illustration
bib-93,454,3,Content Illustration
bib-93,454,4,Content Illustration
bib-93,454,5,Content Illustration
bib-93,464,1,Initial
bib-93,482,1,Content Illustration
bib-93,487,1,Table
bib-93,515,1,Content Illustration
bib-93,518,1,Content Illustration
bib-93,525,1,Content Illustration
bib-93,532,1,Content Illustration
bib-93,534,1,Content Illustration
bib-93,537,1,Content Illustration
bib-93,539,1,Content Illustration
bib-93,540,1,Content Illustration
bib-93,541,1,Content Illustration
bib-93,544,1,Decoration
bib-93,544,1,Initial
bib-93,549,1,Content Illustration
bib-93,549,2,Content Illustration
bib-93,549,3,Content Illustration
bib-93,550,1,Content Illustration
bib-93,551,1,Content Illustration
bib-93,551,2,Content Illustration
bib-93,551,3,Content Illustration
bib-93,552,1,Content Illustration
bib-93,552,2,Content Illustration
bib-93,552,3,Content Illustration
bib-93,552,4,Content Illustration
bib-93,552,5,Content Illustration
bib-93,553,1,Content Illustration
bib-93,553,2,Content Illustration
bib-93,553,3,Content Illustration
bib-93,553,4,Content Illustration
bib-93,553,5,Content Illustration
bib-93,553,6,Content Illustration
bib-93,553,7,Content Illustration
bib-93,554,1,Content Illustration
bib-93,554,2,Content Illustration
bib-93,555,1,Content Illustration
bib-93,556,1,Content Illustration
bib-93,557,1,Content Illustration
bib-93,557,2,Content Illustration
bib-93,557,3,Content Illustration
bib-93,557,4,Content Illustration
bib-93,558,1,Content Illustration
bib-93,558,2,Content Illustration
bib-93,559,1,Content Illustration
bib-93,559,2,Content Illustration
bib-93,560,1,Content Illustration
bib-93,560,2,Content Illustration
bib-93,561,1,Content Illustration
bib-93,562,1,Content Illustration
bib-93,562,2,Content Illustration
bib-93,564,1,Content Illustration
bib-93,565,1,Content Illustration
bib-93,566,1,Content Illustration
bib-93,567,1,Content Illustration
bib-93,568,1,Content Illustration
bib-93,569,1,Content Illustration
bib-93,570,1,Content Illustration
bib-93,571,1,Content Illustration
bib-93,572,1,Content Illustration
bib-93,572,2,Content Illustration
bib-93,573,1,Content Illustration
bib-93,574,1,Content Illustration
bib-93,574,2,Content Illustration
bib-93,577,1,Content Illustration
bib-93,578,1,Content Illustration
bib-93,580,1,Content Illustration
bib-93,582,1,Content Illustration
bib-93,583,1,Content Illustration
bib-93,584,1,Content Illustration
bib-93,585,1,Content Illustration
bib-93,586,1,Content Illustration
bib-93,588,1,Content Illustration
bib-93,588,2,Content Illustration
bib-93,589,1,Content Illustration
bib-93,589,2,Content Illustration
bib-93,590,1,Content Illustration
bib-93,590,2,Content Illustration
bib-93,591,1,Content Illustration
bib-93,591,2,Content Illustration
bib-93,592,1,Content Illustration
bib-93,593,1,Content Illustration
bib-93,593,2,Content Illustration
bib-93,593,3,Content Illustration
bib-93,594,1,Content Illustration
bib-93,594,2,Content Illustration
bib-93,594,3,Content Illustration
bib-93,594,4,Content Illustration
bib-93,595,1,Content Illustration
bib-93,596,1,Content Illustration
bib-93,596,2,Content Illustration
bib-93,597,1,Content Illustration
bib-93,598,1,Content Illustration
bib-93,598,2,Content Illustration
bib-93,599,1,Content Illustration
bib-93,600,1,Content Illustration
bib-93,600,2,Content Illustration
bib-93,601,1,Content Illustration
bib-93,601,2,Content Illustration
bib-93,602,1,Content Illustration
bib-93,603,1,Content Illustration
bib-93,603,2,Content Illustration
bib-93,604,1,Content Illustration
bib-93,604,2,Content Illustration
bib-93,605,1,Content Illustration
bib-93,606,1,Content Illustration
bib-93,606,2,Content Illustration
bib-93,607,1,Content Illustration
bib-93,608,1,Content Illustration
bib-93,609,1,Content Illustration
bib-93,609,2,Content Illustration
bib-93,610,1,Content Illustration
bib-93,610,2,Content Illustration
bib-93,611,1,Content Illustration
bib-93,611,2,Content Illustration
bib-93,612,1,Content Illustration
bib-93,613,1,Content Illustration
bib-93,614,1,Content Illustration
bib-93,614,2,Content Illustration
bib-93,615,1,Content Illustration
bib-93,615,2,Content Illustration
bib-93,616,1,Content Illustration
bib-93,617,1,Content Illustration
bib-93,617,2,Content Illustration
bib-93,618,1,Content Illustration
bib-93,619,1,Content Illustration
bib-93,620,1,Content Illustration
bib-93,620,2,Content Illustration
bib-93,620,3,Content Illustration
bib-93,621,1,Content Illustration
bib-93,621,2,Content Illustration
bib-93,622,1,Content Illustration
bib-93,622,2,Content Illustration
bib-93,623,1,Content Illustration
bib-93,623,2,Content Illustration
bib-93,624,1,Content Illustration
bib-93,624,2,Content Illustration
bib-93,625,1,Content Illustration
bib-93,625,2,Content Illustration
bib-93,626,1,Content Illustration
bib-93,626,2,Content Illustration
bib-93,627,1,Content Illustration
bib-93,627,2,Content Illustration
bib-93,628,1,Content Illustration
bib-93,630,1,Content Illustration
bib-93,630,2,Content Illustration
bib-93,631,1,Content Illustration
bib-93,632,1,Content Illustration
bib-93,633,1,Content Illustration
bib-93,634,1,Content Illustration
bib-93,634,2,Content Illustration
bib-93,634,3,Content Illustration
bib-93,635,1,Content Illustration
bib-93,636,1,Content Illustration
bib-93,636,2,Content Illustration
bib-93,637,1,Content Illustration
bib-93,638,1,Content Illustration
bib-93,639,1,Content Illustration
bib-93,639,2,Content Illustration
bib-93,640,1,Content Illustration
bib-93,640,2,Content Illustration
bib-93,641,1,Content Illustration
bib-93,641,2,Content Illustration
bib-93,642,1,Content Illustration
bib-93,642,2,Content Illustration
bib-93,643,1,Content Illustration
bib-93,644,1,Content Illustration
bib-93,644,2,Content Illustration
bib-93,646,1,Content Illustration
bib-93,647,1,Content Illustration
bib-93,650,1,Content Illustration
bib-93,651,1,Content Illustration
bib-93,651,2,Content Illustration
bib-93,652,1,Content Illustration
bib-93,654,1,Content Illustration
bib-93,657,1,Content Illustration
bib-93,664,1,Content Illustration
bib-93,665,1,Content Illustration
bib-93,666,1,Content Illustration
bib-93,668,1,Content Illustration
bib-93,670,1,Content Illustration
bib-93,671,1,Decoration
bib-93,671,1,Initial
bib-93,672,1,Content Illustration
bib-93,673,1,Content Illustration
bib-93,675,1,Content Illustration
bib-93,676,1,Content Illustration
bib-93,677,1,Content Illustration
bib-93,678,1,Content Illustration
bib-93,678,2,Content Illustration
bib-93,679,1,Content Illustration
bib-93,681,1,Content Illustration
bib-93,682,1,Content Illustration
bib-93,683,1,Content Illustration
bib-93,684,1,Content Illustration
bib-93,686,1,Content Illustration
bib-93,688,1,Content Illustration
bib-93,691,1,Content Illustration
bib-93,694,1,Content Illustration
bib-93,695,1,Content Illustration
bib-93,696,1,Content Illustration
bib-93,697,1,Content Illustration
bib-93,697,2,Content Illustration
bib-93,699,1,Content Illustration
bib-93,701,1,Content Illustration
bib-93,702,1,Content Illustration
bib-93,704,1,Content Illustration
bib-93,705,1,Content Illustration
bib-93,707,1,Content Illustration
bib-93,708,1,Content Illustration
bib-93,709,1,Content Illustration
bib-93,711,1,Content Illustration
bib-93,713,1,Content Illustration
bib-93,714,1,Content Illustration
bib-93,715,1,Printer's Mark
bib-93,716,1,Content Illustration
bib-212,1,1,Initial
bib-212,13,1,Content Illustration
bib-212,15,1,Initial
bib-212,29,1,Decoration
bib-212,30,1,Content Illustration
bib-212,31,1,Decoration
bib-212,34,1,Decoration
bib-212,34,2,Decoration
bib-212,37,1,Decoration
bib-212,38,1,Table
bib-212,39,1,Decoration
bib-212,40,1,Table
bib-212,41,1,Decoration
bib-212,42,1,Table
bib-212,43,1,Table
bib-212,44,1,Table
bib-212,49,1,Decoration
bib-212,56,1,Table
bib-212,58,1,Table
bib-212,65,1,Table
bib-212,65,2,Table
bib-212,66,1,Table
bib-212,68,1,Table
bib-212,79,1,Table
bib-212,81,1,Table
bib-212,81,2,Table
bib-212,86,1,Table
bib-212,89,1,Table
bib-212,90,1,Table
bib-212,91,1,Table
bib-212,92,1,Table
bib-212,94,1,Table
bib-212,95,1,Table
bib-212,97,1,Table
bib-212,98,1,Table
bib-212,103,1,Table
bib-212,108,1,Table
bib-212,109,1,Table
bib-212,110,1,Table
bib-212,111,1,Table
bib-212,118,1,Table
bib-212,125,1,Table
bib-212,126,1,Table
bib-212,137,1,Table
bib-212,137,2,Table
bib-212,139,1,Table
bib-212,145,1,Table
bib-212,147,1,Table
bib-212,151,1,Table
bib-212,152,1,Table
bib-212,153,1,Table
bib-212,169,1,Table
bib-212,170,1,Table
bib-212,190,1,Table
bib-212,191,1,Table
bib-212,192,1,Table
bib-212,193,1,Table
bib-212,220,1,Table
bib-212,235,1,Table
bib-212,239,1,Decoration
bib-212,243,1,Table
bib-212,244,1,Table
bib-212,245,1,Initial
bib-212,247,1,Decoration
bib-212,247,2,Decoration
bib-212,247,3,Decoration
bib-212,249,1,Decoration
bib-212,249,2,Decoration
bib-212,250,1,Content Illustration
bib-212,250,1,Initial
bib-212,251,1,Initial
bib-212,263,1,Content Illustration
bib-212,264,1,Content Illustration
bib-212,270,1,Table
bib-212,293,1,Table
bib-212,299,1,Content Illustration
bib-212,300,1,Content Illustration
bib-212,332,1,Content Illustration
bib-212,333,1,Content Illustration
bib-212,334,1,Table
bib-212,337,1,Decoration
bib-212,337,2,Decoration
bib-212,337,1,Printer's Mark
bib-212,339,1,Content Illustration
bib-212,340,1,Content Illustration
bib-212,340,2,Content Illustration
bib-212,341,1,Content Illustration
bib-212,342,1,Content Illustration
bib-212,343,1,Content Illustration
bib-212,344,1,Content Illustration
bib-212,344,2,Content Illustration
bib-212,345,1,Content Illustration
bib-212,346,1,Content Illustration
bib-212,347,1,Content Illustration
bib-212,348,1,Content Illustration
bib-212,349,1,Content Illustration
bib-212,349,2,Content Illustration
bib-212,350,1,Content Illustration
bib-212,351,1,Content Illustration
bib-212,353,1,Content Illustration
bib-212,353,2,Content Illustration
bib-212,354,1,Content Illustration
bib-212,355,1,Content Illustration
bib-212,355,2,Content Illustration
bib-212,356,1,Content Illustration
bib-212,357,1,Content Illustration
bib-212,358,1,Content Illustration
bib-212,359,1,Content Illustration
bib-212,359,2,Content Illustration
bib-212,360,1,Content Illustration
bib-212,361,1,Content Illustration
bib-212,362,1,Content Illustration
bib-212,363,1,Content Illustration
bib-212,364,1,Content Illustration
bib-212,366,1,Content Illustration
bib-212,367,1,Content Illustration
bib-212,368,1,Content Illustration
bib-212,370,1,Content Illustration
bib-212,372,1,Content Illustration
bib-212,374,1,Content Illustration
bib-212,375,1,Content Illustration
bib-212,376,1,Content Illustration
bib-212,376,2,Content Illustration
bib-212,377,1,Content Illustration
bib-212,377,2,Content Illustration
bib-212,378,1,Content Illustration
bib-212,379,1,Content Illustration
bib-212,380,1,Content Illustration
bib-212,381,1,Content Illustration
bib-212,381,2,Content Illustration
bib-212,382,1,Content Illustration
bib-212,383,1,Content Illustration
bib-212,385,1,Content Illustration
bib-212,386,1,Content Illustration
bib-212,387,1,Content Illustration
bib-212,388,1,Content Illustration
bib-212,390,1,Content Illustration
bib-212,391,1,Content Illustration
bib-212,393,1,Content Illustration
bib-212,395,1,Content Illustration
bib-212,396,1,Content Illustration
bib-212,396,2,Content Illustration
bib-212,398,1,Content Illustration
bib-212,400,1,Content Illustration
bib-212,401,1,Content Illustration
bib-212,401,2,Content Illustration
bib-212,402,1,Content Illustration
bib-212,403,1,Content Illustration
bib-212,404,1,Content Illustration
bib-212,404,2,Content Illustration
bib-212,405,1,Content Illustration
bib-212,407,1,Content Illustration
bib-212,408,1,Content Illustration
bib-212,409,1,Content Illustration
bib-212,410,1,Content Illustration
bib-212,412,1,Content Illustration
bib-212,412,2,Content Illustration
bib-212,414,1,Content Illustration
bib-212,415,1,Table
bib-212,416,1,Content Illustration
bib-212,418,1,Content Illustration
bib-212,418,2,Content Illustration
bib-212,420,1,Content Illustration
bib-212,422,1,Content Illustration
bib-212,423,1,Content Illustration
bib-212,425,1,Content Illustration
bib-212,427,1,Content Illustration
bib-212,433,1,Content Illustration
bib-212,435,1,Content Illustration
bib-212,436,1,Content Illustration
bib-212,437,1,Table
bib-212,438,1,Content Illustration
bib-212,446,1,Content Illustration
bib-212,449,1,Content Illustration
bib-212,452,1,Table
bib-212,453,1,Table
bib-212,454,1,Table
bib-212,455,1,Table
bib-212,456,1,Content Illustration
bib-212,460,1,Content Illustration
bib-212,461,1,Content Illustration
bib-212,462,1,Table
bib-212,463,1,Content Illustration
bib-212,466,1,Content Illustration
bib-212,468,1,Content Illustration
bib-212,469,1,Content Illustration
bib-212,473,1,Content Illustration
bib-212,475,1,Content Illustration
bib-212,476,1,Content Illustration
bib-212,481,1,Content Illustration
bib-212,482,1,Content Illustration
bib-212,483,1,Decoration
bib-212,485,1,Decoration
bib-212,485,2,Decoration
bib-212,485,3,Decoration
bib-212,485,4,Decoration
bib-212,485,1,Printer's Mark
bib-212,487,1,Initial
bib-212,490,1,Content Illustration
bib-212,490,1,Decoration
bib-212,490,2,Decoration
bib-212,490,3,Decoration
bib-212,492,1,Decoration
bib-212,492,2,Decoration
bib-212,492,3,Decoration
bib-212,492,4,Decoration
bib-212,492,5,Decoration
bib-212,492,1,Initial
bib-212,508,1,Table
bib-212,509,1,Decoration
bib-212,509,2,Decoration
bib-212,509,3,Decoration
bib-212,509,4,Decoration
bib-212,509,5,Decoration
bib-212,509,6,Decoration
bib-212,509,1,Initial
bib-212,510,1,Decoration
bib-212,511,1,Table
bib-212,512,1,Decoration
bib-212,512,1,Table
bib-212,513,1,Decoration
bib-212,513,1,Table
bib-212,520,1,Table
bib-212,534,1,Decoration
bib-212,534,2,Decoration
bib-212,534,3,Decoration
bib-212,534,4,Decoration
bib-212,534,5,Decoration
bib-212,538,1,Table
bib-212,539,1,Decoration
bib-212,539,2,Decoration
bib-212,539,3,Decoration
bib-212,539,1,Initial
bib-212,541,1,Table
bib-212,546,1,Decoration
bib-212,546,1,Initial
bib-212,550,1,Decoration
bib-212,550,2,Decoration
bib-212,550,1,Printer's Mark
bib-212,554,1,Content Illustration
bib-283,1,1,Decoration
bib-283,1,2,Decoration
bib-283,2,1,Initial
bib-283,6,1,Decoration
bib-283,6,1,Initial
bib-283,9,1,Initial
bib-283,10,1,Initial
bib-283,14,1,Initial
bib-283,18,1,Initial
bib-283,23,1,Initial
bib-283,24,1,Content Illustration
bib-283,26,1,Table
bib-283,28,1,Content Illustration
bib-283,30,1,Table
bib-283,31,1,Initial
bib-283,39,1,Table
bib-283,41,1,Initial
bib-283,43,1,Content Illustration
bib-283,54,1,Table
bib-283,54,2,Table
bib-283,56,1,Table
bib-283,57,1,Initial
bib-283,58,1,Initial
bib-283,59,1,Content Illustration
bib-283,60,1,Table
bib-283,62,1,Content Illustration
bib-283,64,1,Content Illustration
bib-283,65,1,Initial
bib-283,68,1,Table
bib-283,69,1,Content Illustration
bib-283,69,1,Initial
bib-283,70,1,Content Illustration
bib-283,72,1,Content Illustration
bib-283,72,2,Content Illustration
bib-283,73,1,Content Illustration
bib-283,74,1,Content Illustration
bib-283,75,1,Content Illustration
bib-283,76,1,Content Illustration
bib-283,77,1,Content Illustration
bib-283,77,1,Initial
bib-283,79,1,Table
bib-283,80,1,Content Illustration
bib-283,80,1,Initial
bib-283,80,1,Table
bib-283,81,1,Content Illustration
bib-283,81,2,Content Illustration
bib-283,81,3,Content Illustration
bib-283,82,1,Content Illustration
bib-283,83,1,Content Illustration
bib-283,83,2,Content Illustration
bib-283,84,1,Initial
bib-283,87,1,Initial
bib-283,95,1,Initial
bib-283,105,1,Table
bib-283,107,1,Table
bib-283,108,1,Table
bib-283,120,1,Table
bib-283,123,1,Content Illustration
bib-283,125,1,Content Illustration
bib-283,125,2,Content Illustration
bib-283,126,1,Content Illustration
bib-283,128,1,Content Illustration
bib-283,128,1,Decoration
bib-283,129,1,Content Illustration
bib-283,129,1,Table
bib-283,130,1,Content Illustration
bib-283,130,1,Decoration
bib-283,133,1,Content Illustration
bib-283,134,1,Content Illustration
bib-283,134,1,Decoration
bib-283,134,1,Table
bib-283,135,1,Table
bib-283,143,1,Initial
bib-283,152,1,Decoration
bib-283,152,1,Initial
bib-283,166,1,Decoration
bib-283,174,1,Initial
bib-283,176,1,Initial
bib-283,178,1,Table
bib-283,184,1,Content Illustration
bib-283,185,1,Content Illustration
bib-283,185,2,Content Illustration
bib-283,186,1,Content Illustration
bib-283,187,1,Content Illustration
bib-283,188,1,Content Illustration
bib-283,194,1,Content Illustration
bib-283,197,1,Content Illustration
bib-283,203,1,Initial
bib-283,206,1,Table
bib-283,212,1,Table
bib-283,228,1,Decoration
bib-283,228,1,Initial
bib-283,231,1,Initial
bib-283,232,1,Decoration
bib-283,233,1,Content Illustration
ustc-16,10,1,Decoration
ustc-16,12,1,Decoration
ustc-16,12,1,Initial
ustc-16,14,1,Initial
ustc-16,18,1,Decoration
ustc-16,18,1,Initial
ustc-16,28,1,Content Illustration
ustc-16,29,1,Content Illustration
ustc-16,30,1,Content Illustration
ustc-16,33,1,Table
ustc-16,35,1,Table
ustc-16,37,1,Content Illustration
ustc-16,39,1,Content Illustration
ustc-16,40,1,Content Illustration
ustc-16,40,2,Content Illustration
ustc-16,45,1,Decoration
ustc-16,46,1,Decoration
ustc-16,46,1,Initial
ustc-16,47,1,Initial
ustc-16,63,1,Table
ustc-16,64,1,Table
ustc-16,65,1,Table
ustc-16,66,1,Table
ustc-16,70,1,Table
ustc-16,71,1,Table
ustc-16,72,1,Table
ustc-16,75,1,Table
ustc-16,79,1,Table
ustc-16,80,1,Table
ustc-16,81,1,Table
ustc-16,82,1,Table
ustc-16,86,1,Table
ustc-16,87,1,Table
ustc-16,96,1,Table
ustc-16,97,1,Table
ustc-16,98,1,Table
ustc-16,100,1,Decoration
ustc-16,100,1,Initial
ustc-16,101,1,Initial
ustc-16,105,1,Content Illustration
ustc-16,107,1,Content Illustration
ustc-16,108,1,Content Illustration
ustc-16,110,1,Content Illustration
ustc-16,111,1,Content Illustration
ustc-16,114,1,Content Illustration
ustc-16,114,2,Content Illustration
ustc-16,119,1,Content Illustration
ustc-16,123,1,Content Illustration
ustc-16,127,1,Content Illustration
ustc-16,130,1,Initial
ustc-16,137,1,Content Illustration
ustc-16,138,1,Initial
ustc-16,142,1,Content Illustration
ustc-16,144,1,Content Illustration
ustc-16,146,1,Content Illustration
ustc-16,147,1,Content Illustration
ustc-16,148,1,Content Illustration
ustc-16,150,1,Content Illustration
ustc-16,151,1,Content Illustration
ustc-16,153,1,Content Illustration
ustc-16,157,1,Decoration
ustc-16,157,1,Initial
Bologna_1620,100,1,Content Illustration
Bologna_1620,100,2,Content Illustration
Bologna_1620,101,1,Content Illustration
Bologna_1620,101,2,Content Illustration
Bologna_1620,102,1,Content Illustration
Bologna_1620,102,2,Content Illustration
Bologna_1620,104,1,Content Illustration
Bologna_1620,105,1,Content Illustration
Bologna_1620,106,1,Content Illustration
Bologna_1620,106,2,Content Illustration
Bologna_1620,106,3,Content Illustration
Bologna_1620,106,4,Content Illustration
Bologna_1620,107,1,Content Illustration
Bologna_1620,107,2,Content Illustration
Bologna_1620,107,3,Content Illustration
Bologna_1620,111,1,Content Illustration
Bologna_1620,112,1,Content Illustration
Bologna_1620,113,1,Content Illustration
Bologna_1620,115,1,Content Illustration
Bologna_1620,115,2,Content Illustration
Bologna_1620,116,1,Content Illustration
Bologna_1620,117,1,Content Illustration
Bologna_1620,117,2,Content Illustration
Bologna_1620,117,3,Content Illustration
Bologna_1620,118,1,Content Illustration
Bologna_1620,118,2,Content Illustration
Bologna_1620,118,3,Content Illustration
Bologna_1620,119,1,Content Illustration
Bologna_1620,119,2,Content Illustration
Bologna_1620,120,1,Content Illustration
Bologna_1620,121,1,Content Illustration
Bologna_1620,121,2,Content Illustration
Bologna_1620,122,1,Content Illustration
Bologna_1620,122,2,Content Illustration
Bologna_1620,122,3,Content Illustration
Bologna_1620,122,4,Content Illustration
Bologna_1620,123,1,Content Illustration
Bologna_1620,123,2,Content Illustration
Bologna_1620,123,3,Content Illustration
Bologna_1620,123,4,Content Illustration
Bologna_1620,123,5,Content Illustration
Bologna_1620,124,1,Content Illustration
Bologna_1620,124,2,Content Illustration
Bologna_1620,125,1,Content Illustration
Bologna_1620,125,2,Content Illustration
Bologna_1620,126,1,Content Illustration
Bologna_1620,127,1,Content Illustration
Bologna_1620,127,2,Content Illustration
Bologna_1620,128,1,Content Illustration
Bologna_1620,129,1,Content Illustration
Bologna_1620,131,1,Content Illustration
Bologna_1620,131,2,Content Illustration
Bologna_1620,131,3,Content Illustration
Bologna_1620,132,1,Content Illustration
Bologna_1620,132,2,Content Illustration
Bologna_1620,132,3,Content Illustration
Bologna_1620,133,1,Content Illustration
Bologna_1620,133,2,Content Illustration
Bologna_1620,134,1,Content Illustration
Bologna_1620,135,1,Content Illustration
Bologna_1620,135,2,Content Illustration
Bologna_1620,135,3,Content Illustration
Bologna_1620,137,1,Content Illustration
Bologna_1620,137,2,Content Illustration
Bologna_1620,138,1,Content Illustration
Bologna_1620,138,2,Content Illustration
Bologna_1620,138,3,Content Illustration
Bologna_1620,139,1,Content Illustration
Bologna_1620,139,2,Content Illustration
Bologna_1620,139,3,Content Illustration
Bologna_1620,139,4,Content Illustration
Bologna_1620,140,1,Content Illustration
Bologna_1620,141,1,Content Illustration
Bologna_1620,141,2,Content Illustration
Bologna_1620,142,1,Content Illustration
Bologna_1620,142,2,Content Illustration
Bologna_1620,143,1,Content Illustration
Bologna_1620,143,2,Content Illustration
Bologna_1620,143,3,Content Illustration
Bologna_1620,143,4,Content Illustration
Bologna_1620,143,5,Content Illustration
Bologna_1620,144,1,Content Illustration
Bologna_1620,144,2,Content Illustration
Bologna_1620,145,1,Content Illustration
Bologna_1620,145,2,Content Illustration
Bologna_1620,145,3,Content Illustration
Bologna_1620,146,1,Content Illustration
Bologna_1620,146,2,Content Illustration
Bologna_1620,147,1,Content Illustration
Bologna_1620,148,1,Content Illustration
Bologna_1620,148,2,Content Illustration
Bologna_1620,148,3,Content Illustration
Bologna_1620,148,4,Content Illustration
Bologna_1620,149,1,Content Illustration
Bologna_1620,150,1,Content Illustration
Bologna_1620,150,2,Content Illustration
Bologna_1620,151,1,Content Illustration
Bologna_1620,151,2,Content Illustration
Bologna_1620,152,1,Content Illustration
Bologna_1620,153,1,Content Illustration
Bologna_1620,154,1,Content Illustration
Bologna_1620,154,2,Content Illustration
Bologna_1620,155,1,Content Illustration
Bologna_1620,155,2,Content Illustration
Bologna_1620,155,3,Content Illustration
Bologna_1620,155,4,Content Illustration
Bologna_1620,155,5,Content Illustration
Bologna_1620,155,6,Content Illustration
Bologna_1620,155,7,Content Illustration
Bologna_1620,156,1,Content Illustration
Bologna_1620,156,2,Content Illustration
Bologna_1620,156,3,Content Illustration
Bologna_1620,156,4,Content Illustration
Bologna_1620,157,1,Content Illustration
Bologna_1620,158,1,Content Illustration
Bologna_1620,159,1,Content Illustration
Bologna_1620,15,1,Content Illustration
Bologna_1620,15,2,Content Illustration
Bologna_1620,15,3,Content Illustration
Bologna_1620,15,4,Content Illustration
Bologna_1620,160,1,Content Illustration
Bologna_1620,160,2,Content Illustration
Bologna_1620,160,3,Content Illustration
Bologna_1620,162,1,Content Illustration
Bologna_1620,163,1,Content Illustration
Bologna_1620,165,1,Content Illustration
Bologna_1620,166,1,Content Illustration
Bologna_1620,166,2,Content Illustration
Bologna_1620,167,1,Content Illustration
Bologna_1620,167,2,Content Illustration
Bologna_1620,168,1,Content Illustration
Bologna_1620,168,2,Content Illustration
Bologna_1620,169,1,Content Illustration
Bologna_1620,16,1,Content Illustration
Bologna_1620,16,2,Content Illustration
Bologna_1620,16,3,Content Illustration
Bologna_1620,170,1,Content Illustration
Bologna_1620,171,1,Content Illustration
Bologna_1620,171,2,Content Illustration
Bologna_1620,172,1,Content Illustration
Bologna_1620,174,1,Content Illustration
Bologna_1620,175,1,Content Illustration
Bologna_1620,176,1,Content Illustration
Bologna_1620,178,1,Content Illustration
Bologna_1620,17,1,Content Illustration
Bologna_1620,17,2,Content Illustration
Bologna_1620,17,3,Content Illustration
Bologna_1620,180,1,Content Illustration
Bologna_1620,180,2,Content Illustration
Bologna_1620,181,1,Content Illustration
Bologna_1620,181,2,Content Illustration
Bologna_1620,187,1,Content Illustration
Bologna_1620,187,2,Content Illustration
Bologna_1620,188,1,Content Illustration
Bologna_1620,188,2,Content Illustration
Bologna_1620,188,3,Content Illustration
Bologna_1620,188,4,Content Illustration
Bologna_1620,18,1,Content Illustration
Bologna_1620,194,1,Content Illustration
Bologna_1620,19,1,Content Illustration
Bologna_1620,19,2,Content Illustration
Bologna_1620,19,3,Content Illustration
Bologna_1620,19,4,Content Illustration
Bologna_1620,19,5,Content Illustration
Bologna_1620,218,1,Content Illustration
Bologna_1620,21,1,Content Illustration
Bologna_1620,21,2,Content Illustration
Bologna_1620,21,3,Content Illustration
Bologna_1620,21,4,Content Illustration
Bologna_1620,222,1,Content Illustration
Bologna_1620,223,1,Content Illustration
Bologna_1620,224,1,Content Illustration
Bologna_1620,224,2,Content Illustration
Bologna_1620,224,3,Content Illustration
Bologna_1620,224,4,Content Illustration
Bologna_1620,225,1,Content Illustration
Bologna_1620,225,2,Content Illustration
Bologna_1620,227,1,Content Illustration
Bologna_1620,228,1,Content Illustration
Bologna_1620,228,2,Content Illustration
Bologna_1620,229,1,Content Illustration
Bologna_1620,22,1,Content Illustration
Bologna_1620,230,1,Content Illustration
Bologna_1620,231,1,Content Illustration
Bologna_1620,232,1,Content Illustration
Bologna_1620,233,1,Content Illustration
Bologna_1620,234,1,Content Illustration
Bologna_1620,234,2,Content Illustration
Bologna_1620,235,1,Content Illustration
Bologna_1620,236,1,Content Illustration
Bologna_1620,236,2,Content Illustration
Bologna_1620,237,1,Content Illustration
Bologna_1620,237,2,Content Illustration
Bologna_1620,238,1,Content Illustration
Bologna_1620,238,2,Content Illustration
Bologna_1620,238,3,Content Illustration
Bologna_1620,239,1,Content Illustration
Bologna_1620,23,1,Content Illustration
Bologna_1620,23,2,Content Illustration
Bologna_1620,23,3,Content Illustration
Bologna_1620,23,4,Content Illustration
Bologna_1620,240,1,Content Illustration
Bologna_1620,240,2,Content Illustration
Bologna_1620,240,3,Content Illustration
Bologna_1620,240,4,Content Illustration
Bologna_1620,241,1,Content Illustration
Bologna_1620,241,2,Content Illustration
Bologna_1620,241,3,Content Illustration
Bologna_1620,243,1,Content Illustration
Bologna_1620,243,2,Content Illustration
Bologna_1620,245,1,Content Illustration
Bologna_1620,246,1,Content Illustration
Bologna_1620,247,1,Content Illustration
Bologna_1620,247,2,Content Illustration
Bologna_1620,247,3,Content Illustration
Bologna_1620,247,4,Content Illustration
Bologna_1620,248,1,Content Illustration
Bologna_1620,24,1,Content Illustration
Bologna_1620,24,2,Content Illustration
Bologna_1620,24,3,Content Illustration
Bologna_1620,252,1,Content Illustration
Bologna_1620,252,2,Content Illustration
Bologna_1620,253,1,Content Illustration
Bologna_1620,255,1,Content Illustration
Bologna_1620,256,1,Content Illustration
Bologna_1620,258,1,Content Illustration
Bologna_1620,258,2,Content Illustration
Bologna_1620,259,1,Content Illustration
Bologna_1620,25,1,Content Illustration
Bologna_1620,25,2,Content Illustration
Bologna_1620,25,3,Content Illustration
Bologna_1620,25,4,Content Illustration
Bologna_1620,260,1,Content Illustration
Bologna_1620,262,1,Content Illustration
Bologna_1620,268,1,Content Illustration
Bologna_1620,268,2,Content Illustration
Bologna_1620,26,1,Content Illustration
Bologna_1620,270,1,Content Illustration
Bologna_1620,270,2,Content Illustration
Bologna_1620,271,1,Content Illustration
Bologna_1620,274,1,Content Illustration
Bologna_1620,275,1,Content Illustration
Bologna_1620,277,1,Content Illustration
Bologna_1620,277,2,Content Illustration
Bologna_1620,27,1,Content Illustration
Bologna_1620,27,2,Content Illustration
Bologna_1620,280,1,Content Illustration
Bologna_1620,281,1,Content Illustration
Bologna_1620,281,2,Content Illustration
Bologna_1620,281,3,Content Illustration
Bologna_1620,281,4,Content Illustration
Bologna_1620,281,5,Content Illustration
Bologna_1620,281,6,Content Illustration
Bologna_1620,286,1,Content Illustration
Bologna_1620,28,1,Content Illustration
Bologna_1620,290,1,Content Illustration
Bologna_1620,29,1,Content Illustration
Bologna_1620,31,1,Content Illustration
Bologna_1620,31,2,Content Illustration
Bologna_1620,32,1,Content Illustration
Bologna_1620,32,2,Content Illustration
Bologna_1620,32,3,Content Illustration
Bologna_1620,32,4,Content Illustration
Bologna_1620,33,1,Content Illustration
Bologna_1620,33,2,Content Illustration
Bologna_1620,33,3,Content Illustration
Bologna_1620,346,1,Content Illustration
Bologna_1620,34,1,Content Illustration
Bologna_1620,34,2,Content Illustration
Bologna_1620,352,1,Content Illustration
Bologna_1620,359,1,Content Illustration
Bologna_1620,360,1,Content Illustration
Bologna_1620,362,1,Content Illustration
Bologna_1620,368,1,Content Illustration
Bologna_1620,36,1,Content Illustration
Bologna_1620,36,2,Content Illustration
Bologna_1620,375,1,Content Illustration
Bologna_1620,376,1,Content Illustration
Bologna_1620,377,1,Content Illustration
Bologna_1620,378,1,Content Illustration
Bologna_1620,379,1,Content Illustration
Bologna_1620,37,1,Content Illustration
Bologna_1620,387,1,Content Illustration
Bologna_1620,388,1,Content Illustration
Bologna_1620,388,2,Content Illustration
Bologna_1620,388,3,Content Illustration
Bologna_1620,388,4,Content Illustration
Bologna_1620,389,1,Content Illustration
Bologna_1620,38,1,Content Illustration
Bologna_1620,38,2,Content Illustration
Bologna_1620,390,1,Content Illustration
Bologna_1620,390,2,Content Illustration
Bologna_1620,390,3,Content Illustration
Bologna_1620,390,4,Content Illustration
Bologna_1620,391,1,Content Illustration
Bologna_1620,391,2,Content Illustration
Bologna_1620,392,1,Content Illustration
Bologna_1620,393,1,Content Illustration
Bologna_1620,394,1,Content Illustration
Bologna_1620,395,1,Content Illustration
Bologna_1620,396,1,Content Illustration
Bologna_1620,397,1,Content Illustration
Bologna_1620,39,1,Content Illustration
Bologna_1620,404,1,Content Illustration
Bologna_1620,406,1,Content Illustration
Bologna_1620,408,1,Content Illustration
Bologna_1620,40,1,Content Illustration
Bologna_1620,40,2,Content Illustration
Bologna_1620,411,1,Content Illustration
Bologna_1620,411,2,Content Illustration
Bologna_1620,411,3,Content Illustration
Bologna_1620,411,4,Content Illustration
Bologna_1620,411,5,Content Illustration
Bologna_1620,411,6,Content Illustration
Bologna_1620,412,1,Content Illustration
Bologna_1620,412,2,Content Illustration
Bologna_1620,412,3,Content Illustration
Bologna_1620,412,4,Content Illustration
Bologna_1620,412,5,Content Illustration
Bologna_1620,41,1,Content Illustration
Bologna_1620,41,2,Content Illustration
Bologna_1620,42,1,Content Illustration
Bologna_1620,42,2,Content Illustration
Bologna_1620,42,3,Content Illustration
Bologna_1620,43,1,Content Illustration
Bologna_1620,43,2,Content Illustration
Bologna_1620,43,3,Content Illustration
Bologna_1620,44,1,Content Illustration
Bologna_1620,44,2,Content Illustration
Bologna_1620,45,1,Content Illustration
Bologna_1620,45,2,Content Illustration
Bologna_1620,45,3,Content Illustration
Bologna_1620,463,1,Content Illustration
Bologna_1620,463,2,Content Illustration
Bologna_1620,464,1,Content Illustration
Bologna_1620,464,2,Content Illustration
Bologna_1620,465,1,Content Illustration
Bologna_1620,466,1,Content Illustration
Bologna_1620,466,2,Content Illustration
Bologna_1620,467,1,Content Illustration
Bologna_1620,467,2,Content Illustration
Bologna_1620,468,1,Content Illustration
Bologna_1620,468,2,Content Illustration
Bologna_1620,468,3,Content Illustration
Bologna_1620,468,4,Content Illustration
Bologna_1620,468,5,Content Illustration
Bologna_1620,469,1,Content Illustration
Bologna_1620,469,2,Content Illustration
Bologna_1620,469,3,Content Illustration
Bologna_1620,469,4,Content Illustration
Bologna_1620,469,5,Content Illustration
Bologna_1620,46,1,Content Illustration
Bologna_1620,46,2,Content Illustration
Bologna_1620,471,1,Content Illustration
Bologna_1620,471,2,Content Illustration
Bologna_1620,471,3,Content Illustration
Bologna_1620,473,1,Content Illustration
Bologna_1620,474,1,Content Illustration
Bologna_1620,475,1,Content Illustration
Bologna_1620,475,2,Content Illustration
Bologna_1620,476,1,Content Illustration
Bologna_1620,476,2,Content Illustration
Bologna_1620,477,1,Content Illustration
Bologna_1620,47,1,Content Illustration
Bologna_1620,47,2,Content Illustration
Bologna_1620,47,3,Content Illustration
Bologna_1620,482,1,Content Illustration
Bologna_1620,483,1,Content Illustration
Bologna_1620,483,2,Content Illustration
Bologna_1620,483,3,Content Illustration
Bologna_1620,484,1,Content Illustration
Bologna_1620,487,1,Content Illustration
Bologna_1620,487,2,Content Illustration
Bologna_1620,487,3,Content Illustration
Bologna_1620,487,4,Content Illustration
Bologna_1620,488,1,Content Illustration
Bologna_1620,48,1,Content Illustration
Bologna_1620,48,2,Content Illustration
Bologna_1620,48,3,Content Illustration
Bologna_1620,493,1,Content Illustration
Bologna_1620,493,2,Content Illustration
Bologna_1620,494,1,Content Illustration
Bologna_1620,495,1,Content Illustration
Bologna_1620,495,2,Content Illustration
Bologna_1620,496,1,Content Illustration
Bologna_1620,496,2,Content Illustration
Bologna_1620,497,1,Content Illustration
Bologna_1620,497,2,Content Illustration
Bologna_1620,498,1,Content Illustration
Bologna_1620,499,1,Content Illustration
Bologna_1620,499,2,Content Illustration
Bologna_1620,499,3,Content Illustration
Bologna_1620,49,1,Content Illustration
Bologna_1620,49,2,Content Illustration
Bologna_1620,49,3,Content Illustration
Bologna_1620,500,1,Content Illustration
Bologna_1620,500,2,Content Illustration
Bologna_1620,501,1,Content Illustration
Bologna_1620,502,1,Content Illustration
Bologna_1620,502,2,Content Illustration
Bologna_1620,502,3,Content Illustration
Bologna_1620,503,1,Content Illustration
Bologna_1620,503,2,Content Illustration
Bologna_1620,503,3,Content Illustration
Bologna_1620,503,4,Content Illustration
Bologna_1620,504,1,Content Illustration
Bologna_1620,508,1,Content Illustration
Bologna_1620,508,2,Content Illustration
Bologna_1620,50,1,Content Illustration
Bologna_1620,50,2,Content Illustration
Bologna_1620,50,3,Content Illustration
Bologna_1620,50,4,Content Illustration
Bologna_1620,513,1,Content Illustration
Bologna_1620,51,1,Content Illustration
Bologna_1620,51,2,Content Illustration
Bologna_1620,51,3,Content Illustration
Bologna_1620,52,1,Content Illustration
Bologna_1620,53,1,Content Illustration
Bologna_1620,55,1,Content Illustration
Bologna_1620,55,2,Content Illustration
Bologna_1620,56,1,Content Illustration
Bologna_1620,56,2,Content Illustration
Bologna_1620,57,1,Content Illustration
Bologna_1620,57,2,Content Illustration
Bologna_1620,57,3,Content Illustration
Bologna_1620,58,1,Content Illustration
Bologna_1620,59,1,Content Illustration
Bologna_1620,59,2,Content Illustration
Bologna_1620,59,3,Content Illustration
Bologna_1620,59,4,Content Illustration
Bologna_1620,60,1,Content Illustration
Bologna_1620,60,2,Content Illustration
Bologna_1620,61,1,Content Illustration
Bologna_1620,62,1,Content Illustration
Bologna_1620,62,2,Content Illustration
Bologna_1620,63,1,Content Illustration
Bologna_1620,63,2,Content Illustration
Bologna_1620,63,3,Content Illustration
Bologna_1620,64,1,Content Illustration
Bologna_1620,64,2,Content Illustration
Bologna_1620,64,3,Content Illustration
Bologna_1620,65,1,Content Illustration
Bologna_1620,65,2,Content Illustration
Bologna_1620,65,3,Content Illustration
Bologna_1620,65,4,Content Illustration
Bologna_1620,66,1,Content Illustration
Bologna_1620,66,2,Content Illustration
Bologna_1620,67,1,Content Illustration
Bologna_1620,67,2,Content Illustration
Bologna_1620,67,3,Content Illustration
Bologna_1620,68,1,Content Illustration
Bologna_1620,68,2,Content Illustration
Bologna_1620,68,3,Content Illustration
Bologna_1620,69,1,Content Illustration
Bologna_1620,69,2,Content Illustration
Bologna_1620,70,1,Content Illustration
Bologna_1620,70,2,Content Illustration
Bologna_1620,70,3,Content Illustration
Bologna_1620,70,4,Content Illustration
Bologna_1620,71,1,Content Illustration
Bologna_1620,71,2,Content Illustration
Bologna_1620,71,3,Content Illustration
Bologna_1620,72,1,Content Illustration
Bologna_1620,73,1,Content Illustration
Bologna_1620,73,2,Content Illustration
Bologna_1620,73,3,Content Illustration
Bologna_1620,74,1,Content Illustration
Bologna_1620,74,2,Content Illustration
Bologna_1620,75,1,Content Illustration
Bologna_1620,76,1,Content Illustration
Bologna_1620,77,1,Content Illustration
Bologna_1620,77,2,Content Illustration
Bologna_1620,77,3,Content Illustration
Bologna_1620,78,1,Content Illustration
Bologna_1620,78,2,Content Illustration
Bologna_1620,78,3,Content Illustration
Bologna_1620,78,4,Content Illustration
Bologna_1620,78,5,Content Illustration
Bologna_1620,79,1,Content Illustration
Bologna_1620,79,2,Content Illustration
Bologna_1620,79,3,Content Illustration
Bologna_1620,7,1,Content Illustration
Bologna_1620,80,1,Content Illustration
Bologna_1620,81,1,Content Illustration
Bologna_1620,81,2,Content Illustration
Bologna_1620,81,3,Content Illustration
Bologna_1620,81,4,Content Illustration
Bologna_1620,84,1,Content Illustration
Bologna_1620,85,1,Content Illustration
Bologna_1620,87,1,Content Illustration
Bologna_1620,88,1,Content Illustration
Bologna_1620,90,1,Content Illustration
Bologna_1620,90,2,Content Illustration
Bologna_1620,91,1,Content Illustration
Bologna_1620,93,1,Content Illustration
Bologna_1620,94,1,Content Illustration
Bologna_1620,94,2,Content Illustration
Bologna_1620,95,1,Content Illustration
Bologna_1620,96,1,Content Illustration
Bologna_1620,97,1,Content Illustration
Bologna_1620,98,1,Content Illustration
Bologna_1620,99,1,Content Illustration
Bologna_1620,99,2,Content Illustration
Paris_1626,361,1,Content Illustration
Bologna_1629a,10,1,Content Illustration
Amsterdam_1660a,115,1,Content Illustration
Valencia_1673,7,1,Content Illustration
Rome_1679,13,1,Content Illustration
Rome_1679,7,1,Content Illustration
Venice_1482,100,1,Content Illustration
Venice_1482,100,2,Content Illustration
Venice_1482,100,3,Content Illustration
Venice_1482,100,4,Content Illustration
Venice_1482,101,1,Content Illustration
Venice_1482,102,1,Content Illustration
Venice_1482,104,1,Content Illustration
Venice_1482,104,2,Content Illustration
Venice_1482,104,3,Content Illustration
Venice_1482,105,1,Content Illustration
Venice_1482,107,1,Content Illustration
Venice_1482,109,1,Content Illustration
Venice_1482,10,1,Content Illustration
Venice_1482,10,2,Content Illustration
Venice_1482,10,3,Content Illustration
Venice_1482,117,1,Content Illustration
Venice_1482,117,2,Content Illustration
Venice_1482,11,1,Content Illustration
Venice_1482,11,2,Content Illustration
Venice_1482,11,3,Content Illustration
Venice_1482,11,4,Content Illustration
Venice_1482,124,1,Content Illustration
Venice_1482,128,1,Content Illustration
Venice_1482,12,1,Content Illustration
Venice_1482,12,2,Content Illustration
Venice_1482,12,3,Content Illustration
Venice_1482,12,4,Content Illustration
Venice_1482,12,5,Content Illustration
Venice_1482,12,6,Content Illustration
Venice_1482,134,1,Content Illustration
Venice_1482,135,1,Content Illustration
Venice_1482,136,1,Content Illustration
Venice_1482,137,1,Content Illustration
Venice_1482,137,2,Content Illustration
Venice_1482,137,3,Content Illustration
Venice_1482,137,4,Content Illustration
Venice_1482,138,1,Content Illustration
Venice_1482,13,1,Content Illustration
Venice_1482,13,2,Content Illustration
Venice_1482,13,3,Content Illustration
Venice_1482,13,4,Content Illustration
Venice_1482,143,1,Content Illustration
Venice_1482,143,2,Content Illustration
Venice_1482,143,3,Content Illustration
Venice_1482,144,1,Content Illustration
Venice_1482,144,2,Content Illustration
Venice_1482,145,1,Content Illustration
Venice_1482,146,1,Content Illustration
Venice_1482,146,2,Content Illustration
Venice_1482,147,1,Content Illustration
Venice_1482,147,2,Content Illustration
Venice_1482,147,3,Content Illustration
Venice_1482,147,4,Content Illustration
Venice_1482,148,1,Content Illustration
Venice_1482,148,2,Content Illustration
Venice_1482,148,3,Content Illustration
Venice_1482,149,1,Content Illustration
Venice_1482,149,2,Content Illustration
Venice_1482,14,1,Content Illustration
Venice_1482,14,2,Content Illustration
Venice_1482,14,3,Content Illustration
Venice_1482,14,4,Content Illustration
Venice_1482,150,1,Content Illustration
Venice_1482,150,2,Content Illustration
Venice_1482,150,3,Content Illustration
Venice_1482,150,4,Content Illustration
Venice_1482,151,1,Content Illustration
Venice_1482,151,2,Content Illustration
Venice_1482,152,1,Content Illustration
Venice_1482,152,2,Content Illustration
Venice_1482,154,1,Content Illustration
Venice_1482,154,2,Content Illustration
Venice_1482,155,1,Content Illustration
Venice_1482,156,1,Content Illustration
Venice_1482,156,2,Content Illustration
Venice_1482,156,3,Content Illustration
Venice_1482,157,1,Content Illustration
Venice_1482,157,2,Content Illustration
Venice_1482,157,3,Content Illustration
Venice_1482,158,1,Content Illustration
Venice_1482,158,2,Content Illustration
Venice_1482,159,1,Content Illustration
Venice_1482,159,2,Content Illustration
Venice_1482,15,1,Content Illustration
Venice_1482,15,2,Content Illustration
Venice_1482,160,1,Content Illustration
Venice_1482,160,2,Content Illustration
Venice_1482,161,1,Content Illustration
Venice_1482,161,2,Content Illustration
Venice_1482,162,1,Content Illustration
Venice_1482,162,2,Content Illustration
Venice_1482,162,3,Content Illustration
Venice_1482,163,1,Content Illustration
Venice_1482,163,2,Content Illustration
Venice_1482,163,3,Content Illustration
Venice_1482,163,4,Content Illustration
Venice_1482,163,5,Content Illustration
Venice_1482,163,6,Content Illustration
Venice_1482,164,1,Content Illustration
Venice_1482,164,2,Content Illustration
Venice_1482,165,1,Content Illustration
Venice_1482,165,2,Content Illustration
Venice_1482,166,1,Content Illustration
Venice_1482,166,2,Content Illustration
Venice_1482,167,1,Content Illustration
Venice_1482,167,2,Content Illustration
Venice_1482,168,1,Content Illustration
Venice_1482,169,1,Content Illustration
Venice_1482,169,2,Content Illustration
Venice_1482,16,1,Content Illustration
Venice_1482,16,2,Content Illustration
Venice_1482,170,1,Content Illustration
Venice_1482,170,2,Content Illustration
Venice_1482,170,3,Content Illustration
Venice_1482,171,1,Content Illustration
Venice_1482,171,2,Content Illustration
Venice_1482,172,1,Content Illustration
Venice_1482,172,2,Content Illustration
Venice_1482,172,3,Content Illustration
Venice_1482,172,4,Content Illustration
Venice_1482,173,1,Content Illustration
Venice_1482,174,1,Content Illustration
Venice_1482,175,1,Content Illustration
Venice_1482,175,2,Content Illustration
Venice_1482,176,1,Content Illustration
Venice_1482,176,2,Content Illustration
Venice_1482,177,1,Content Illustration
Venice_1482,177,2,Content Illustration
Venice_1482,178,1,Content Illustration
Venice_1482,179,1,Content Illustration
Venice_1482,179,2,Content Illustration
Venice_1482,17,1,Content Illustration
Venice_1482,17,2,Content Illustration
Venice_1482,17,3,Content Illustration
Venice_1482,17,4,Content Illustration
Venice_1482,180,1,Content Illustration
Venice_1482,180,2,Content Illustration
Venice_1482,181,1,Content Illustration
Venice_1482,181,2,Content Illustration
Venice_1482,181,3,Content Illustration
Venice_1482,183,1,Content Illustration
Venice_1482,183,2,Content Illustration
Venice_1482,184,1,Content Illustration
Venice_1482,186,1,Content Illustration
Venice_1482,187,1,Content Illustration
Venice_1482,188,1,Content Illustration
Venice_1482,188,2,Content Illustration
Venice_1482,189,1,Content Illustration
Venice_1482,189,2,Content Illustration
Venice_1482,189,3,Content Illustration
Venice_1482,18,1,Content Illustration
Venice_1482,18,2,Content Illustration
Venice_1482,18,3,Content Illustration
Venice_1482,18,4,Content Illustration
Venice_1482,190,1,Content Illustration
Venice_1482,190,2,Content Illustration
Venice_1482,191,1,Content Illustration
Venice_1482,191,2,Content Illustration
Venice_1482,191,3,Content Illustration
Venice_1482,192,1,Content Illustration
Venice_1482,192,2,Content Illustration
Venice_1482,193,1,Content Illustration
Venice_1482,193,2,Content Illustration
Venice_1482,194,1,Content Illustration
Venice_1482,194,2,Content Illustration
Venice_1482,195,1,Content Illustration
Venice_1482,196,1,Content Illustration
Venice_1482,196,2,Content Illustration
Venice_1482,197,1,Content Illustration
Venice_1482,197,2,Content Illustration
Venice_1482,197,3,Content Illustration
Venice_1482,198,1,Content Illustration
Venice_1482,198,2,Content Illustration
Venice_1482,198,3,Content Illustration
Venice_1482,198,4,Content Illustration
Venice_1482,199,1,Content Illustration
Venice_1482,199,2,Content Illustration
Venice_1482,19,1,Content Illustration
Venice_1482,19,2,Content Illustration
Venice_1482,19,3,Content Illustration
Venice_1482,19,4,Content Illustration
Venice_1482,200,1,Content Illustration
Venice_1482,200,2,Content Illustration
Venice_1482,200,3,Content Illustration
Venice_1482,201,1,Content Illustration
Venice_1482,201,2,Content Illustration
Venice_1482,201,3,Content Illustration
Venice_1482,201,4,Content Illustration
Venice_1482,202,1,Content Illustration
Venice_1482,202,2,Content Illustration
Venice_1482,202,3,Content Illustration
Venice_1482,203,1,Content Illustration
Venice_1482,203,2,Content Illustration
Venice_1482,204,1,Content Illustration
Venice_1482,204,2,Content Illustration
Venice_1482,205,1,Content Illustration
Venice_1482,205,2,Content Illustration
Venice_1482,206,1,Content Illustration
Venice_1482,206,2,Content Illustration
Venice_1482,206,3,Content Illustration
Venice_1482,207,1,Content Illustration
Venice_1482,208,1,Content Illustration
Venice_1482,208,2,Content Illustration
Venice_1482,208,3,Content Illustration
Venice_1482,209,1,Content Illustration
Venice_1482,209,2,Content Illustration
Venice_1482,209,3,Content Illustration
Venice_1482,209,4,Content Illustration
Venice_1482,209,5,Content Illustration
Venice_1482,209,6,Content Illustration
Venice_1482,209,7,Content Illustration
Venice_1482,20,1,Content Illustration
Venice_1482,20,2,Content Illustration
Venice_1482,20,3,Content Illustration
Venice_1482,20,4,Content Illustration
Venice_1482,210,1,Content Illustration
Venice_1482,211,1,Content Illustration
Venice_1482,211,2,Content Illustration
Venice_1482,211,3,Content Illustration
Venice_1482,212,1,Content Illustration
Venice_1482,212,2,Content Illustration
Venice_1482,212,3,Content Illustration
Venice_1482,212,4,Content Illustration
Venice_1482,212,5,Content Illustration
Venice_1482,213,1,Content Illustration
Venice_1482,214,1,Content Illustration
Venice_1482,214,2,Content Illustration
Venice_1482,215,1,Content Illustration
Venice_1482,215,2,Content Illustration
Venice_1482,215,3,Content Illustration
Venice_1482,216,1,Content Illustration
Venice_1482,216,2,Content Illustration
Venice_1482,217,1,Content Illustration
Venice_1482,217,2,Content Illustration
Venice_1482,217,3,Content Illustration
Venice_1482,218,1,Content Illustration
Venice_1482,218,2,Content Illustration
Venice_1482,218,3,Content Illustration
Venice_1482,218,4,Content Illustration
Venice_1482,218,5,Content Illustration
Venice_1482,219,1,Content Illustration
Venice_1482,219,2,Content Illustration
Venice_1482,21,1,Content Illustration
Venice_1482,21,2,Content Illustration
Venice_1482,21,3,Content Illustration
Venice_1482,221,1,Content Illustration
Venice_1482,221,2,Content Illustration
Venice_1482,222,1,Content Illustration
Venice_1482,222,2,Content Illustration
Venice_1482,222,3,Content Illustration
Venice_1482,223,1,Content Illustration
Venice_1482,223,2,Content Illustration
Venice_1482,223,3,Content Illustration
Venice_1482,224,1,Content Illustration
Venice_1482,224,2,Content Illustration
Venice_1482,224,3,Content Illustration
Venice_1482,224,4,Content Illustration
Venice_1482,225,1,Content Illustration
Venice_1482,227,1,Content Illustration
Venice_1482,227,2,Content Illustration
Venice_1482,227,3,Content Illustration
Venice_1482,228,1,Content Illustration
Venice_1482,229,1,Content Illustration
Venice_1482,22,1,Content Illustration
Venice_1482,22,2,Content Illustration
Venice_1482,22,3,Content Illustration
Venice_1482,22,4,Content Illustration
Venice_1482,230,1,Content Illustration
Venice_1482,230,2,Content Illustration
Venice_1482,231,1,Content Illustration
Venice_1482,231,2,Content Illustration
Venice_1482,231,3,Content Illustration
Venice_1482,232,1,Content Illustration
Venice_1482,233,1,Content Illustration
Venice_1482,233,2,Content Illustration
Venice_1482,234,1,Content Illustration
Venice_1482,234,2,Content Illustration
Venice_1482,234,3,Content Illustration
Venice_1482,234,4,Content Illustration
Venice_1482,235,1,Content Illustration
Venice_1482,235,2,Content Illustration
Venice_1482,236,1,Content Illustration
Venice_1482,236,2,Content Illustration
Venice_1482,237,1,Content Illustration
Venice_1482,237,2,Content Illustration
Venice_1482,237,3,Content Illustration
Venice_1482,238,1,Content Illustration
Venice_1482,238,2,Content Illustration
Venice_1482,239,1,Content Illustration
Venice_1482,23,1,Content Illustration
Venice_1482,23,2,Content Illustration
Venice_1482,240,1,Content Illustration
Venice_1482,241,1,Content Illustration
Venice_1482,241,2,Content Illustration
Venice_1482,241,3,Content Illustration
Venice_1482,242,1,Content Illustration
Venice_1482,242,2,Content Illustration
Venice_1482,242,3,Content Illustration
Venice_1482,243,1,Content Illustration
Venice_1482,243,2,Content Illustration
Venice_1482,243,3,Content Illustration
Venice_1482,243,4,Content Illustration
Venice_1482,243,5,Content Illustration
Venice_1482,244,1,Content Illustration
Venice_1482,244,2,Content Illustration
Venice_1482,244,3,Content Illustration
Venice_1482,245,1,Content Illustration
Venice_1482,246,1,Content Illustration
Venice_1482,246,2,Content Illustration
Venice_1482,247,1,Content Illustration
Venice_1482,247,2,Content Illustration
Venice_1482,248,1,Content Illustration
Venice_1482,24,1,Content Illustration
Venice_1482,24,2,Content Illustration
Venice_1482,250,1,Content Illustration
Venice_1482,252,1,Content Illustration
Venice_1482,253,1,Content Illustration
Venice_1482,253,2,Content Illustration
Venice_1482,254,1,Content Illustration
Venice_1482,254,2,Content Illustration
Venice_1482,255,1,Content Illustration
Venice_1482,255,2,Content Illustration
Venice_1482,255,3,Content Illustration
Venice_1482,256,1,Content Illustration
Venice_1482,256,2,Content Illustration
Venice_1482,256,3,Content Illustration
Venice_1482,258,1,Content Illustration
Venice_1482,258,2,Content Illustration
Venice_1482,259,1,Content Illustration
Venice_1482,259,2,Content Illustration
Venice_1482,25,1,Content Illustration
Venice_1482,25,2,Content Illustration
Venice_1482,25,3,Content Illustration
Venice_1482,260,1,Content Illustration
Venice_1482,260,2,Content Illustration
Venice_1482,260,3,Content Illustration
Venice_1482,261,1,Content Illustration
Venice_1482,262,1,Content Illustration
Venice_1482,263,1,Content Illustration
Venice_1482,264,1,Content Illustration
Venice_1482,264,2,Content Illustration
Venice_1482,265,1,Content Illustration
Venice_1482,266,1,Content Illustration
Venice_1482,267,1,Content Illustration
Venice_1482,267,2,Content Illustration
Venice_1482,267,3,Content Illustration
Venice_1482,267,4,Content Illustration
Venice_1482,267,5,Content Illustration
Venice_1482,268,1,Content Illustration
Venice_1482,268,2,Content Illustration
Venice_1482,269,1,Content Illustration
Venice_1482,26,1,Content Illustration
Venice_1482,26,2,Content Illustration
Venice_1482,26,3,Content Illustration
Venice_1482,270,1,Content Illustration
Venice_1482,276,1,Content Illustration
Venice_1482,27,1,Content Illustration
Venice_1482,27,2,Content Illustration
Venice_1482,28,1,Content Illustration
Venice_1482,28,2,Content Illustration
Venice_1482,28,3,Content Illustration
Venice_1482,29,1,Content Illustration
Venice_1482,29,2,Content Illustration
Venice_1482,30,1,Content Illustration
Venice_1482,31,1,Content Illustration
Venice_1482,31,2,Content Illustration
Venice_1482,31,3,Content Illustration
Venice_1482,31,4,Content Illustration
Venice_1482,31,5,Content Illustration
Venice_1482,31,6,Content Illustration
Venice_1482,31,7,Content Illustration
Venice_1482,31,8,Content Illustration
Venice_1482,31,9,Content Illustration
Venice_1482,32,1,Content Illustration
Venice_1482,32,2,Content Illustration
Venice_1482,32,3,Content Illustration
Venice_1482,33,1,Content Illustration
Venice_1482,33,2,Content Illustration
Venice_1482,33,3,Content Illustration
Venice_1482,34,1,Content Illustration
Venice_1482,34,2,Content Illustration
Venice_1482,35,1,Content Illustration
Venice_1482,35,2,Content Illustration
Venice_1482,35,3,Content Illustration
Venice_1482,35,4,Content Illustration
Venice_1482,35,5,Content Illustration
Venice_1482,36,1,Content Illustration
Venice_1482,36,2,Content Illustration
Venice_1482,37,1,Content Illustration
Venice_1482,37,2,Content Illustration
Venice_1482,38,1,Content Illustration
Venice_1482,38,2,Content Illustration
Venice_1482,38,3,Content Illustration
Venice_1482,39,1,Content Illustration
Venice_1482,39,2,Content Illustration
Venice_1482,39,3,Content Illustration
Venice_1482,39,4,Content Illustration
Venice_1482,39,5,Content Illustration
Venice_1482,39,6,Content Illustration
Venice_1482,40,1,Content Illustration
Venice_1482,40,2,Content Illustration
Venice_1482,40,3,Content Illustration
Venice_1482,40,4,Content Illustration
Venice_1482,40,5,Content Illustration
Venice_1482,40,6,Content Illustration
Venice_1482,41,1,Content Illustration
Venice_1482,41,2,Content Illustration
Venice_1482,41,3,Content Illustration
Venice_1482,41,4,Content Illustration
Venice_1482,41,5,Content Illustration
Venice_1482,42,1,Content Illustration
Venice_1482,42,2,Content Illustration
Venice_1482,42,3,Content Illustration
Venice_1482,42,4,Content Illustration
Venice_1482,42,5,Content Illustration
Venice_1482,43,1,Content Illustration
Venice_1482,43,2,Content Illustration
Venice_1482,43,3,Content Illustration
Venice_1482,43,4,Content Illustration
Venice_1482,43,5,Content Illustration
Venice_1482,44,1,Content Illustration
Venice_1482,44,2,Content Illustration
Venice_1482,44,3,Content Illustration
Venice_1482,44,4,Content Illustration
Venice_1482,45,1,Content Illustration
Venice_1482,45,2,Content Illustration
Venice_1482,45,3,Content Illustration
Venice_1482,46,1,Content Illustration
Venice_1482,46,2,Content Illustration
Venice_1482,46,3,Content Illustration
Venice_1482,46,4,Content Illustration
Venice_1482,46,5,Content Illustration
Venice_1482,47,1,Content Illustration
Venice_1482,47,2,Content Illustration
Venice_1482,47,3,Content Illustration
Venice_1482,48,1,Content Illustration
Venice_1482,48,2,Content Illustration
Venice_1482,48,3,Content Illustration
Venice_1482,49,1,Content Illustration
Venice_1482,49,2,Content Illustration
Venice_1482,49,3,Content Illustration
Venice_1482,50,1,Content Illustration
Venice_1482,50,2,Content Illustration
Venice_1482,50,3,Content Illustration
Venice_1482,51,1,Content Illustration
Venice_1482,51,2,Content Illustration
Venice_1482,51,3,Content Illustration
Venice_1482,52,1,Content Illustration
Venice_1482,52,2,Content Illustration
Venice_1482,52,3,Content Illustration
Venice_1482,53,1,Content Illustration
Venice_1482,53,2,Content Illustration
Venice_1482,53,3,Content Illustration
Venice_1482,53,4,Content Illustration
Venice_1482,54,1,Content Illustration
Venice_1482,54,2,Content Illustration
Venice_1482,54,3,Content Illustration
Venice_1482,55,1,Content Illustration
Venice_1482,56,1,Content Illustration
Venice_1482,56,2,Content Illustration
Venice_1482,56,3,Content Illustration
Venice_1482,57,1,Content Illustration
Venice_1482,58,1,Content Illustration
Venice_1482,58,2,Content Illustration
Venice_1482,5,1,Content Illustration
Venice_1482,5,2,Content Illustration
Venice_1482,5,3,Content Illustration
Venice_1482,5,4,Content Illustration
Venice_1482,5,5,Content Illustration
Venice_1482,5,6,Content Illustration
Venice_1482,5,7,Content Illustration
Venice_1482,5,8,Content Illustration
Venice_1482,5,9,Content Illustration
Venice_1482,60,1,Content Illustration
Venice_1482,60,2,Content Illustration
Venice_1482,62,1,Content Illustration
Venice_1482,65,1,Content Illustration
Venice_1482,66,1,Content Illustration
Venice_1482,66,2,Content Illustration
Venice_1482,66,3,Content Illustration
Venice_1482,67,1,Content Illustration
Venice_1482,67,2,Content Illustration
Venice_1482,67,3,Content Illustration
Venice_1482,67,4,Content Illustration
Venice_1482,6,1,Content Illustration
Venice_1482,6,2,Content Illustration
Venice_1482,6,3,Content Illustration
Venice_1482,72,1,Content Illustration
Venice_1482,73,1,Content Illustration
Venice_1482,73,2,Content Illustration
Venice_1482,73,3,Content Illustration
Venice_1482,75,1,Content Illustration
Venice_1482,75,2,Content Illustration
Venice_1482,77,1,Content Illustration
Venice_1482,77,2,Content Illustration
Venice_1482,77,3,Content Illustration
Venice_1482,78,1,Content Illustration
Venice_1482,7,1,Content Illustration
Venice_1482,7,2,Content Illustration
Venice_1482,80,1,Content Illustration
Venice_1482,83,1,Content Illustration
Venice_1482,83,2,Content Illustration
Venice_1482,83,3,Content Illustration
Venice_1482,84,1,Content Illustration
Venice_1482,85,1,Content Illustration
Venice_1482,85,2,Content Illustration
Venice_1482,85,3,Content Illustration
Venice_1482,86,1,Content Illustration
Venice_1482,86,2,Content Illustration
Venice_1482,86,3,Content Illustration
Venice_1482,86,4,Content Illustration
Venice_1482,87,1,Content Illustration
Venice_1482,87,2,Content Illustration
Venice_1482,87,3,Content Illustration
Venice_1482,88,1,Content Illustration
Venice_1482,88,2,Content Illustration
Venice_1482,89,1,Content Illustration
Venice_1482,8,1,Content Illustration
Venice_1482,8,2,Content Illustration
Venice_1482,8,3,Content Illustration
Venice_1482,90,1,Content Illustration
Venice_1482,90,2,Content Illustration
Venice_1482,90,3,Content Illustration
Venice_1482,91,1,Content Illustration
Venice_1482,91,2,Content Illustration
Venice_1482,91,3,Content Illustration
Venice_1482,92,1,Content Illustration
Venice_1482,92,2,Content Illustration
Venice_1482,92,3,Content Illustration
Venice_1482,93,1,Content Illustration
Venice_1482,93,2,Content Illustration
Venice_1482,94,1,Content Illustration
Venice_1482,94,2,Content Illustration
Venice_1482,95,1,Content Illustration
Venice_1482,95,2,Content Illustration
Venice_1482,95,3,Content Illustration
Venice_1482,95,4,Content Illustration
Venice_1482,95,5,Content Illustration
Venice_1482,96,1,Content Illustration
Venice_1482,96,2,Content Illustration
Venice_1482,97,1,Content Illustration
Venice_1482,97,2,Content Illustration
Venice_1482,97,3,Content Illustration
Venice_1482,97,4,Content Illustration
Venice_1482,97,5,Content Illustration
Venice_1482,98,1,Content Illustration
Venice_1482,98,2,Content Illustration
Venice_1482,98,3,Content Illustration
Venice_1482,98,4,Content Illustration
Venice_1482,99,1,Content Illustration
Venice_1482,99,2,Content Illustration
Venice_1482,99,3,Content Illustration
Venice_1482,9,1,Content Illustration
Venice_1482,9,2,Content Illustration
Venice_1482,9,3,Content Illustration
Venice_1505,101,1,Content Illustration
Venice_1505,109,1,Content Illustration
Venice_1505,110,1,Content Illustration
Venice_1505,111,1,Content Illustration
Venice_1505,111,2,Content Illustration
Venice_1505,112,1,Content Illustration
Venice_1505,113,1,Content Illustration
Venice_1505,113,2,Content Illustration
Venice_1505,114,1,Content Illustration
Venice_1505,115,1,Content Illustration
Venice_1505,115,2,Content Illustration
Venice_1505,116,1,Content Illustration
Venice_1505,116,2,Content Illustration
Venice_1505,116,3,Content Illustration
Venice_1505,117,1,Content Illustration
Venice_1505,117,2,Content Illustration
Venice_1505,117,3,Content Illustration
Venice_1505,118,1,Content Illustration
Venice_1505,119,1,Content Illustration
Venice_1505,119,2,Content Illustration
Venice_1505,119,3,Content Illustration
Venice_1505,120,1,Content Illustration
Venice_1505,121,1,Content Illustration
Venice_1505,122,1,Content Illustration
Venice_1505,122,2,Content Illustration
Venice_1505,123,1,Content Illustration
Venice_1505,123,2,Content Illustration
Venice_1505,123,3,Content Illustration
Venice_1505,124,1,Content Illustration
Venice_1505,124,2,Content Illustration
Venice_1505,124,3,Content Illustration
Venice_1505,124,4,Content Illustration
Venice_1505,125,1,Content Illustration
Venice_1505,125,2,Content Illustration
Venice_1505,126,1,Content Illustration
Venice_1505,127,1,Content Illustration
Venice_1505,127,2,Content Illustration
Venice_1505,128,1,Content Illustration
Venice_1505,128,2,Content Illustration
Venice_1505,129,1,Content Illustration
Venice_1505,129,2,Content Illustration
Venice_1505,129,3,Content Illustration
Venice_1505,129,4,Content Illustration
Venice_1505,130,1,Content Illustration
Venice_1505,130,2,Content Illustration
Venice_1505,130,3,Content Illustration
Venice_1505,131,1,Content Illustration
Venice_1505,131,2,Content Illustration
Venice_1505,132,1,Content Illustration
Venice_1505,132,2,Content Illustration
Venice_1505,133,1,Content Illustration
Venice_1505,133,2,Content Illustration
Venice_1505,133,3,Content Illustration
Venice_1505,133,4,Content Illustration
Venice_1505,149,1,Content Illustration
Venice_1505,164,1,Content Illustration
Venice_1505,166,1,Content Illustration
Venice_1505,166,2,Content Illustration
Venice_1505,169,1,Content Illustration
Venice_1505,169,2,Content Illustration
Venice_1505,179,1,Content Illustration
Venice_1505,183,1,Content Illustration
Venice_1505,184,1,Content Illustration
Venice_1505,193,1,Content Illustration
Venice_1505,193,2,Content Illustration
Venice_1505,194,1,Content Illustration
Venice_1505,195,1,Content Illustration
Venice_1505,195,2,Content Illustration
Venice_1505,196,1,Content Illustration
Venice_1505,199,1,Content Illustration
Venice_1505,201,1,Content Illustration
Venice_1505,201,2,Content Illustration
Venice_1505,202,1,Content Illustration
Venice_1505,202,2,Content Illustration
Venice_1505,202,3,Content Illustration
Venice_1505,203,1,Content Illustration
Venice_1505,203,2,Content Illustration
Venice_1505,204,1,Content Illustration
Venice_1505,204,2,Content Illustration
Venice_1505,205,1,Content Illustration
Venice_1505,205,2,Content Illustration
Venice_1505,205,3,Content Illustration
Venice_1505,206,1,Content Illustration
Venice_1505,206,2,Content Illustration
Venice_1505,207,1,Content Illustration
Venice_1505,208,1,Content Illustration
Venice_1505,208,2,Content Illustration
Venice_1505,209,1,Content Illustration
Venice_1505,210,1,Content Illustration
Venice_1505,211,1,Content Illustration
Venice_1505,212,1,Content Illustration
Venice_1505,212,2,Content Illustration
Venice_1505,213,1,Content Illustration
Venice_1505,214,1,Content Illustration
Venice_1505,216,1,Content Illustration
Venice_1505,217,1,Content Illustration
Venice_1505,218,1,Content Illustration
Venice_1505,219,1,Content Illustration
Venice_1505,224,1,Content Illustration
Venice_1505,225,1,Content Illustration
Venice_1505,225,2,Content Illustration
Venice_1505,226,1,Content Illustration
Venice_1505,226,2,Content Illustration
Venice_1505,227,1,Content Illustration
Venice_1505,227,2,Content Illustration
Venice_1505,228,1,Content Illustration
Venice_1505,228,2,Content Illustration
Venice_1505,229,1,Content Illustration
Venice_1505,229,2,Content Illustration
Venice_1505,230,1,Content Illustration
Venice_1505,231,1,Content Illustration
Venice_1505,231,2,Content Illustration
Venice_1505,231,3,Content Illustration
Venice_1505,232,1,Content Illustration
Venice_1505,233,1,Content Illustration
Venice_1505,233,2,Content Illustration
Venice_1505,233,3,Content Illustration
Venice_1505,235,1,Content Illustration
Venice_1505,237,1,Content Illustration
Venice_1505,237,2,Content Illustration
Venice_1505,237,3,Content Illustration
Venice_1505,240,1,Content Illustration
Venice_1505,241,1,Content Illustration
Venice_1505,243,1,Content Illustration
Venice_1505,245,1,Content Illustration
Venice_1505,247,1,Content Illustration
Venice_1505,247,2,Content Illustration
Venice_1505,247,3,Content Illustration
Venice_1505,247,4,Content Illustration
Venice_1505,251,1,Content Illustration
Venice_1505,251,2,Content Illustration
Venice_1505,252,1,Content Illustration
Venice_1505,252,2,Content Illustration
Venice_1505,253,1,Content Illustration
Venice_1505,253,2,Content Illustration
Venice_1505,254,1,Content Illustration
Venice_1505,254,2,Content Illustration
Venice_1505,255,1,Content Illustration
Venice_1505,255,2,Content Illustration
Venice_1505,256,1,Content Illustration
Venice_1505,256,2,Content Illustration
Venice_1505,256,3,Content Illustration
Venice_1505,257,1,Content Illustration
Venice_1505,257,2,Content Illustration
Venice_1505,258,1,Content Illustration
Venice_1505,259,1,Content Illustration
Venice_1505,25,1,Content Illustration
Venice_1505,25,2,Content Illustration
Venice_1505,260,1,Content Illustration
Venice_1505,261,1,Content Illustration
Venice_1505,263,1,Content Illustration
Venice_1505,263,2,Content Illustration
Venice_1505,264,1,Content Illustration
Venice_1505,265,1,Content Illustration
Venice_1505,265,2,Content Illustration
Venice_1505,269,1,Content Illustration
Venice_1505,26,1,Content Illustration
Venice_1505,26,2,Content Illustration
Venice_1505,26,3,Content Illustration
Venice_1505,26,4,Content Illustration
Venice_1505,26,5,Content Illustration
Venice_1505,270,1,Content Illustration
Venice_1505,270,2,Content Illustration
Venice_1505,271,1,Content Illustration
Venice_1505,271,2,Content Illustration
Venice_1505,271,3,Content Illustration
Venice_1505,272,1,Content Illustration
Venice_1505,272,2,Content Illustration
Venice_1505,273,1,Content Illustration
Venice_1505,276,1,Content Illustration
Venice_1505,276,2,Content Illustration
Venice_1505,276,3,Content Illustration
Venice_1505,277,1,Content Illustration
Venice_1505,278,1,Content Illustration
Venice_1505,278,2,Content Illustration
Venice_1505,279,1,Content Illustration
Venice_1505,279,2,Content Illustration
Venice_1505,27,1,Content Illustration
Venice_1505,27,2,Content Illustration
Venice_1505,27,3,Content Illustration
Venice_1505,27,4,Content Illustration
Venice_1505,280,1,Content Illustration
Venice_1505,280,2,Content Illustration
Venice_1505,281,1,Content Illustration
Venice_1505,281,2,Content Illustration
Venice_1505,281,3,Content Illustration
Venice_1505,282,1,Content Illustration
Venice_1505,283,1,Content Illustration
Venice_1505,283,2,Content Illustration
Venice_1505,284,1,Content Illustration
Venice_1505,284,2,Content Illustration
Venice_1505,285,1,Content Illustration
Venice_1505,285,2,Content Illustration
Venice_1505,285,3,Content Illustration
Venice_1505,286,1,Content Illustration
Venice_1505,287,1,Content Illustration
Venice_1505,287,2,Content Illustration
Venice_1505,287,3,Content Illustration
Venice_1505,287,4,Content Illustration
Venice_1505,287,5,Content Illustration
Venice_1505,288,1,Content Illustration
Venice_1505,289,1,Content Illustration
Venice_1505,289,2,Content Illustration
Venice_1505,289,3,Content Illustration
Venice_1505,289,4,Content Illustration
Venice_1505,28,1,Content Illustration
Venice_1505,290,1,Content Illustration
Venice_1505,290,2,Content Illustration
Venice_1505,290,3,Content Illustration
Venice_1505,291,1,Content Illustration
Venice_1505,292,1,Content Illustration
Venice_1505,292,2,Content Illustration
Venice_1505,293,1,Content Illustration
Venice_1505,293,2,Content Illustration
Venice_1505,293,3,Content Illustration
Venice_1505,294,1,Content Illustration
Venice_1505,295,1,Content Illustration
Venice_1505,295,2,Content Illustration
Venice_1505,295,3,Content Illustration
Venice_1505,295,4,Content Illustration
Venice_1505,296,1,Content Illustration
Venice_1505,296,2,Content Illustration
Venice_1505,296,3,Content Illustration
Venice_1505,297,1,Content Illustration
Venice_1505,297,2,Content Illustration
Venice_1505,298,1,Content Illustration
Venice_1505,298,2,Content Illustration
Venice_1505,29,1,Content Illustration
Venice_1505,29,2,Content Illustration
Venice_1505,29,3,Content Illustration
Venice_1505,29,4,Content Illustration
Venice_1505,300,1,Content Illustration
Venice_1505,301,1,Content Illustration
Venice_1505,301,2,Content Illustration
Venice_1505,301,3,Content Illustration
Venice_1505,302,1,Content Illustration
Venice_1505,302,2,Content Illustration
Venice_1505,303,1,Content Illustration
Venice_1505,303,2,Content Illustration
Venice_1505,304,1,Content Illustration
Venice_1505,304,2,Content Illustration
Venice_1505,305,1,Content Illustration
Venice_1505,305,2,Content Illustration
Venice_1505,305,3,Content Illustration
Venice_1505,306,1,Content Illustration
Venice_1505,306,2,Content Illustration
Venice_1505,306,3,Content Illustration
Venice_1505,308,1,Content Illustration
Venice_1505,30,1,Content Illustration
Venice_1505,30,2,Content Illustration
Venice_1505,31,1,Content Illustration
Venice_1505,31,2,Content Illustration
Venice_1505,31,3,Content Illustration
Venice_1505,31,4,Content Illustration
Venice_1505,32,1,Content Illustration
Venice_1505,32,2,Content Illustration
Venice_1505,33,1,Content Illustration
Venice_1505,33,2,Content Illustration
Venice_1505,34,1,Content Illustration
Venice_1505,34,2,Content Illustration
Venice_1505,35,1,Content Illustration
Venice_1505,35,2,Content Illustration
Venice_1505,35,3,Content Illustration
Venice_1505,35,4,Content Illustration
Venice_1505,36,1,Content Illustration
Venice_1505,36,2,Content Illustration
Venice_1505,36,3,Content Illustration
Venice_1505,37,1,Content Illustration
Venice_1505,37,2,Content Illustration
Venice_1505,38,1,Content Illustration
Venice_1505,39,1,Content Illustration
Venice_1505,39,2,Content Illustration
Venice_1505,40,1,Content Illustration
Venice_1505,40,2,Content Illustration
Venice_1505,40,3,Content Illustration
Venice_1505,41,1,Content Illustration
Venice_1505,41,2,Content Illustration
Venice_1505,42,1,Content Illustration
Venice_1505,42,2,Content Illustration
Venice_1505,43,1,Content Illustration
Venice_1505,43,2,Content Illustration
Venice_1505,43,3,Content Illustration
Venice_1505,44,1,Content Illustration
Venice_1505,44,2,Content Illustration
Venice_1505,44,3,Content Illustration
Venice_1505,45,1,Content Illustration
Venice_1505,45,2,Content Illustration
Venice_1505,45,3,Content Illustration
Venice_1505,45,4,Content Illustration
Venice_1505,46,1,Content Illustration
Venice_1505,46,2,Content Illustration
Venice_1505,46,3,Content Illustration
Venice_1505,47,1,Content Illustration
Venice_1505,47,2,Content Illustration
Venice_1505,48,1,Content Illustration
Venice_1505,48,2,Content Illustration
Venice_1505,48,3,Content Illustration
Venice_1505,49,1,Content Illustration
Venice_1505,49,2,Content Illustration
Venice_1505,50,1,Content Illustration
Venice_1505,50,2,Content Illustration
Venice_1505,51,1,Content Illustration
Venice_1505,52,1,Content Illustration
Venice_1505,53,1,Content Illustration
Venice_1505,54,1,Content Illustration
Venice_1505,54,2,Content Illustration
Venice_1505,55,1,Content Illustration
Venice_1505,55,2,Content Illustration
Venice_1505,56,1,Content Illustration
Venice_1505,57,1,Content Illustration
Venice_1505,58,1,Content Illustration
Venice_1505,58,2,Content Illustration
Venice_1505,59,1,Content Illustration
Venice_1505,59,2,Content Illustration
Venice_1505,59,3,Content Illustration
Venice_1505,5,1,Content Illustration
Venice_1505,60,1,Content Illustration
Venice_1505,60,2,Content Illustration
Venice_1505,60,3,Content Illustration
Venice_1505,60,4,Content Illustration
Venice_1505,60,5,Content Illustration
Venice_1505,61,1,Content Illustration
Venice_1505,62,1,Content Illustration
Venice_1505,63,1,Content Illustration
Venice_1505,63,2,Content Illustration
Venice_1505,64,1,Content Illustration
Venice_1505,64,2,Content Illustration
Venice_1505,64,3,Content Illustration
Venice_1505,65,1,Content Illustration
Venice_1505,66,1,Content Illustration
Venice_1505,67,1,Content Illustration
Venice_1505,67,2,Content Illustration
Venice_1505,67,3,Content Illustration
Venice_1505,68,1,Content Illustration
Venice_1505,68,2,Content Illustration
Venice_1505,68,3,Content Illustration
Venice_1505,69,1,Content Illustration
Venice_1505,69,2,Content Illustration
Venice_1505,69,3,Content Illustration
Venice_1505,70,1,Content Illustration
Venice_1505,70,2,Content Illustration
Venice_1505,71,1,Content Illustration
Venice_1505,72,1,Content Illustration
Venice_1505,72,2,Content Illustration
Venice_1505,73,1,Content Illustration
Venice_1505,73,2,Content Illustration
Venice_1505,73,3,Content Illustration
Venice_1505,73,4,Content Illustration
Venice_1505,74,1,Content Illustration
Venice_1505,74,2,Content Illustration
Venice_1505,74,3,Content Illustration
Venice_1505,74,4,Content Illustration
Venice_1505,74,5,Content Illustration
Venice_1505,75,1,Content Illustration
Venice_1505,75,2,Content Illustration
Venice_1505,75,3,Content Illustration
Venice_1505,75,4,Content Illustration
Venice_1505,76,1,Content Illustration
Venice_1505,76,2,Content Illustration
Venice_1505,76,3,Content Illustration
Venice_1505,76,4,Content Illustration
Venice_1505,78,1,Content Illustration
Venice_1505,78,2,Content Illustration
Venice_1505,78,3,Content Illustration
Venice_1505,78,4,Content Illustration
Venice_1505,79,1,Content Illustration
Venice_1505,79,2,Content Illustration
Venice_1505,80,1,Content Illustration
Venice_1505,80,2,Content Illustration
Venice_1505,81,1,Content Illustration
Venice_1505,81,2,Content Illustration
Venice_1505,81,3,Content Illustration
Venice_1505,82,1,Content Illustration
Venice_1505,82,2,Content Illustration
Venice_1505,82,3,Content Illustration
Venice_1505,83,1,Content Illustration
Venice_1505,83,2,Content Illustration
Venice_1505,83,3,Content Illustration
Venice_1505,83,4,Content Illustration
Venice_1505,83,5,Content Illustration
Venice_1505,84,1,Content Illustration
Venice_1505,84,2,Content Illustration
Venice_1505,84,3,Content Illustration
Venice_1505,84,4,Content Illustration
Venice_1505,85,1,Content Illustration
Venice_1505,85,2,Content Illustration
Venice_1505,86,1,Content Illustration
Venice_1505,87,1,Content Illustration
Venice_1505,87,2,Content Illustration
Venice_1505,88,1,Content Illustration
Venice_1505,89,1,Content Illustration
Venice_1505,90,1,Content Illustration
Venice_1505,90,2,Content Illustration
Venice_1505,91,1,Content Illustration
Venice_1505,91,2,Content Illustration
Venice_1505,91,3,Content Illustration
Venice_1505,95,1,Content Illustration
Venice_1505,100,1,Content Illustration
Venice_1505,100,2,Content Illustration
Venice_1505,101,1,Content Illustration
Venice_1505,101,2,Content Illustration
Venice_1505,101,3,Content Illustration
Venice_1505,101,4,Content Illustration
Venice_1505,102,1,Content Illustration
Venice_1505,102,2,Content Illustration
Venice_1505,102,3,Content Illustration
Venice_1505,103,1,Content Illustration
Venice_1505,103,2,Content Illustration
Venice_1505,104,1,Content Illustration
Venice_1505,104,2,Content Illustration
Venice_1505,104,3,Content Illustration
Venice_1505,105,1,Content Illustration
Venice_1505,105,2,Content Illustration
Venice_1505,106,1,Content Illustration
Venice_1505,106,2,Content Illustration
Venice_1505,106,3,Content Illustration
Venice_1505,106,4,Content Illustration
Venice_1505,106,5,Content Illustration
Venice_1505,107,1,Content Illustration
Venice_1505,107,2,Content Illustration
Venice_1505,107,3,Content Illustration
Venice_1505,107,4,Content Illustration
Venice_1505,108,1,Content Illustration
Venice_1505,108,2,Content Illustration
Venice_1505,108,3,Content Illustration
Venice_1505,108,4,Content Illustration
Venice_1505,108,5,Content Illustration
Venice_1505,109,1,Content Illustration
Venice_1505,109,2,Content Illustration
Venice_1505,109,3,Content Illustration
Venice_1505,109,4,Content Illustration
Venice_1505,109,5,Content Illustration
Venice_1505,10,1,Content Illustration
Venice_1505,110,1,Content Illustration
Venice_1505,110,2,Content Illustration
Venice_1505,123,1,Content Illustration
Venice_1505,125,1,Content Illustration
Venice_1505,128,1,Content Illustration
Venice_1505,129,1,Content Illustration
Venice_1505,12,1,Content Illustration
Venice_1505,131,1,Content Illustration
Venice_1505,131,2,Content Illustration
Venice_1505,133,1,Content Illustration
Venice_1505,133,2,Content Illustration
Venice_1505,133,3,Content Illustration
Venice_1505,133,4,Content Illustration
Venice_1505,133,5,Content Illustration
Venice_1505,134,1,Content Illustration
Venice_1505,134,2,Content Illustration
Venice_1505,134,3,Content Illustration
Venice_1505,134,4,Content Illustration
Venice_1505,134,5,Content Illustration
Venice_1505,135,1,Content Illustration
Venice_1505,135,2,Content Illustration
Venice_1505,135,3,Content Illustration
Venice_1505,136,1,Content Illustration
Venice_1505,136,2,Content Illustration
Venice_1505,136,3,Content Illustration
Venice_1505,136,4,Content Illustration
Venice_1505,137,1,Content Illustration
Venice_1505,137,2,Content Illustration
Venice_1505,138,1,Content Illustration
Venice_1505,138,2,Content Illustration
Venice_1505,139,1,Content Illustration
Venice_1505,139,2,Content Illustration
Venice_1505,139,3,Content Illustration
Venice_1505,13,1,Content Illustration
Venice_1505,13,2,Content Illustration
Venice_1505,13,3,Content Illustration
Venice_1505,13,4,Content Illustration
Venice_1505,140,1,Content Illustration
Venice_1505,140,2,Content Illustration
Venice_1505,140,3,Content Illustration
Venice_1505,141,1,Content Illustration
Venice_1505,141,2,Content Illustration
Venice_1505,141,3,Content Illustration
Venice_1505,141,4,Content Illustration
Venice_1505,141,5,Content Illustration
Venice_1505,141,6,Content Illustration
Venice_1505,142,1,Content Illustration
Venice_1505,142,2,Content Illustration
Venice_1505,142,3,Content Illustration
Venice_1505,143,1,Content Illustration
Venice_1505,143,2,Content Illustration
Venice_1505,143,3,Content Illustration
Venice_1505,143,4,Content Illustration
Venice_1505,144,1,Content Illustration
Venice_1505,144,2,Content Illustration
Venice_1505,144,3,Content Illustration
Venice_1505,144,4,Content Illustration
Venice_1505,145,1,Content Illustration
Venice_1505,145,2,Content Illustration
Venice_1505,145,3,Content Illustration
Venice_1505,145,4,Content Illustration
Venice_1505,145,5,Content Illustration
Venice_1505,145,6,Content Illustration
Venice_1505,146,1,Content Illustration
Venice_1505,146,2,Content Illustration
Venice_1505,146,3,Content Illustration
Venice_1505,146,4,Content Illustration
Venice_1505,146,5,Content Illustration
Venice_1505,146,6,Content Illustration
Venice_1505,147,1,Content Illustration
Venice_1505,147,2,Content Illustration
Venice_1505,147,3,Content Illustration
Venice_1505,148,1,Content Illustration
Venice_1505,148,2,Content Illustration
Venice_1505,148,3,Content Illustration
Venice_1505,149,1,Content Illustration
Venice_1505,149,2,Content Illustration
Venice_1505,149,3,Content Illustration
Venice_1505,14,1,Content Illustration
Venice_1505,14,2,Content Illustration
Venice_1505,14,3,Content Illustration
Venice_1505,150,1,Content Illustration
Venice_1505,150,2,Content Illustration
Venice_1505,150,3,Content Illustration
Venice_1505,151,1,Content Illustration
Venice_1505,151,2,Content Illustration
Venice_1505,152,1,Content Illustration
Venice_1505,152,2,Content Illustration
Venice_1505,152,3,Content Illustration
Venice_1505,153,1,Content Illustration
Venice_1505,153,2,Content Illustration
Venice_1505,154,1,Content Illustration
Venice_1505,154,2,Content Illustration
Venice_1505,154,3,Content Illustration
Venice_1505,154,4,Content Illustration
Venice_1505,155,1,Content Illustration
Venice_1505,155,2,Content Illustration
Venice_1505,155,3,Content Illustration
Venice_1505,155,4,Content Illustration
Venice_1505,155,5,Content Illustration
Venice_1505,156,1,Content Illustration
Venice_1505,156,2,Content Illustration
Venice_1505,157,1,Content Illustration
Venice_1505,157,2,Content Illustration
Venice_1505,158,1,Content Illustration
Venice_1505,158,2,Content Illustration
Venice_1505,159,1,Content Illustration
Venice_1505,159,2,Content Illustration
Venice_1505,15,1,Content Illustration
Venice_1505,15,2,Content Illustration
Venice_1505,160,1,Content Illustration
Venice_1505,160,2,Content Illustration
Venice_1505,160,3,Content Illustration
Venice_1505,160,4,Content Illustration
Venice_1505,161,1,Content Illustration
Venice_1505,161,2,Content Illustration
Venice_1505,162,1,Content Illustration
Venice_1505,163,1,Content Illustration
Venice_1505,164,1,Content Illustration
Venice_1505,164,2,Content Illustration
Venice_1505,165,1,Content Illustration
Venice_1505,165,2,Content Illustration
Venice_1505,165,3,Content Illustration
Venice_1505,166,1,Content Illustration
Venice_1505,166,2,Content Illustration
Venice_1505,166,3,Content Illustration
Venice_1505,167,1,Content Illustration
Venice_1505,167,2,Content Illustration
Venice_1505,168,1,Content Illustration
Venice_1505,168,2,Content Illustration
Venice_1505,169,1,Content Illustration
Venice_1505,16,1,Content Illustration
Venice_1505,16,2,Content Illustration
Venice_1505,17,1,Content Illustration
Venice_1505,18,1,Content Illustration
Venice_1505,18,2,Content Illustration
Venice_1505,18,3,Content Illustration
Venice_1505,19,1,Content Illustration
Venice_1505,19,2,Content Illustration
Venice_1505,1,1,Content Illustration
Venice_1505,1,2,Content Illustration
Venice_1505,20,1,Content Illustration
Venice_1505,21,1,Content Illustration
Venice_1505,21,2,Content Illustration
Venice_1505,25,1,Content Illustration
Venice_1505,25,2,Content Illustration
Venice_1505,26,1,Content Illustration
Venice_1505,27,1,Content Illustration
Venice_1505,28,1,Content Illustration
Venice_1505,29,1,Content Illustration
Venice_1505,2,1,Content Illustration
Venice_1505,30,1,Content Illustration
Venice_1505,30,2,Content Illustration
Venice_1505,31,1,Content Illustration
Venice_1505,31,2,Content Illustration
Venice_1505,31,3,Content Illustration
Venice_1505,31,4,Content Illustration
Venice_1505,32,1,Content Illustration
Venice_1505,32,2,Content Illustration
Venice_1505,33,1,Content Illustration
Venice_1505,33,2,Content Illustration
Venice_1505,35,1,Content Illustration
Venice_1505,37,1,Content Illustration
Venice_1505,38,1,Content Illustration
Venice_1505,39,1,Content Illustration
Venice_1505,39,2,Content Illustration
Venice_1505,39,3,Content Illustration
Venice_1505,3,1,Content Illustration
Venice_1505,41,1,Content Illustration
Venice_1505,42,1,Content Illustration
Venice_1505,42,2,Content Illustration
Venice_1505,43,1,Content Illustration
Venice_1505,43,2,Content Illustration
Venice_1505,43,3,Content Illustration
Venice_1505,44,1,Content Illustration
Venice_1505,44,2,Content Illustration
Venice_1505,45,1,Content Illustration
Venice_1505,45,2,Content Illustration
Venice_1505,48,1,Content Illustration
Venice_1505,48,2,Content Illustration
Venice_1505,48,3,Content Illustration
Venice_1505,49,1,Content Illustration
Venice_1505,49,2,Content Illustration
Venice_1505,4,1,Content Illustration
Venice_1505,4,2,Content Illustration
Venice_1505,51,1,Content Illustration
Venice_1505,51,2,Content Illustration
Venice_1505,51,3,Content Illustration
Venice_1505,52,1,Content Illustration
Venice_1505,52,2,Content Illustration
Venice_1505,52,3,Content Illustration
Venice_1505,56,1,Content Illustration
Venice_1505,56,2,Content Illustration
Venice_1505,57,1,Content Illustration
Venice_1505,57,2,Content Illustration
Venice_1505,58,1,Content Illustration
Venice_1505,58,2,Content Illustration
Venice_1505,59,1,Content Illustration
Venice_1505,59,2,Content Illustration
Venice_1505,5,1,Content Illustration
Venice_1505,5,2,Content Illustration
Venice_1505,60,1,Content Illustration
Venice_1505,61,1,Content Illustration
Venice_1505,62,1,Content Illustration
Venice_1505,62,2,Content Illustration
Venice_1505,63,1,Content Illustration
Venice_1505,63,2,Content Illustration
Venice_1505,63,3,Content Illustration
Venice_1505,64,1,Content Illustration
Venice_1505,65,1,Content Illustration
Venice_1505,66,1,Content Illustration
Venice_1505,66,2,Content Illustration
Venice_1505,68,1,Content Illustration
Venice_1505,69,1,Content Illustration
Venice_1505,69,2,Content Illustration
Venice_1505,69,3,Content Illustration
Venice_1505,6,1,Content Illustration
Venice_1505,70,1,Content Illustration
Venice_1505,71,1,Content Illustration
Venice_1505,71,2,Content Illustration
Venice_1505,72,1,Content Illustration
Venice_1505,72,2,Content Illustration
Venice_1505,73,1,Content Illustration
Venice_1505,73,2,Content Illustration
Venice_1505,76,1,Content Illustration
Venice_1505,76,2,Content Illustration
Venice_1505,76,3,Content Illustration
Venice_1505,77,1,Content Illustration
Venice_1505,77,2,Content Illustration
Venice_1505,77,3,Content Illustration
Venice_1505,77,4,Content Illustration
Venice_1505,78,1,Content Illustration
Venice_1505,78,2,Content Illustration
Venice_1505,78,3,Content Illustration
Venice_1505,78,4,Content Illustration
Venice_1505,78,5,Content Illustration
Venice_1505,79,1,Content Illustration
Venice_1505,79,2,Content Illustration
Venice_1505,79,3,Content Illustration
Venice_1505,79,4,Content Illustration
Venice_1505,79,5,Content Illustration
Venice_1505,7,1,Content Illustration
Venice_1505,80,1,Content Illustration
Venice_1505,80,2,Content Illustration
Venice_1505,81,1,Content Illustration
Venice_1505,81,2,Content Illustration
Venice_1505,81,3,Content Illustration
Venice_1505,82,1,Content Illustration
Venice_1505,82,2,Content Illustration
Venice_1505,82,3,Content Illustration
Venice_1505,83,1,Content Illustration
Venice_1505,83,2,Content Illustration
Venice_1505,84,1,Content Illustration
Venice_1505,84,2,Content Illustration
Venice_1505,84,3,Content Illustration
Venice_1505,84,4,Content Illustration
Venice_1505,85,1,Content Illustration
Venice_1505,85,2,Content Illustration
Venice_1505,85,3,Content Illustration
Venice_1505,85,4,Content Illustration
Venice_1505,86,1,Content Illustration
Venice_1505,86,2,Content Illustration
Venice_1505,86,3,Content Illustration
Venice_1505,87,1,Content Illustration
Venice_1505,8,1,Content Illustration
Venice_1505,8,2,Content Illustration
Venice_1505,91,1,Content Illustration
Venice_1505,91,2,Content Illustration
Venice_1505,92,1,Content Illustration
Venice_1505,92,2,Content Illustration
Venice_1505,92,3,Content Illustration
Venice_1505,92,4,Content Illustration
Venice_1505,93,1,Content Illustration
Venice_1505,93,2,Content Illustration
Venice_1505,93,3,Content Illustration
Venice_1505,93,4,Content Illustration
Venice_1505,94,1,Content Illustration
Venice_1505,94,2,Content Illustration
Venice_1505,94,3,Content Illustration
Venice_1505,94,4,Content Illustration
Venice_1505,95,1,Content Illustration
Venice_1505,95,2,Content Illustration
Venice_1505,95,3,Content Illustration
Venice_1505,95,4,Content Illustration
Venice_1505,96,1,Content Illustration
Venice_1505,96,2,Content Illustration
Venice_1505,96,3,Content Illustration
Venice_1505,96,4,Content Illustration
Venice_1505,97,1,Content Illustration
Venice_1505,97,2,Content Illustration
Venice_1505,97,3,Content Illustration
Venice_1505,98,1,Content Illustration
Venice_1505,98,2,Content Illustration
Venice_1505,98,3,Content Illustration
Venice_1505,98,4,Content Illustration
Venice_1505,99,1,Content Illustration
Venice_1505,99,2,Content Illustration
Venice_1505,99,3,Content Illustration
Venice_1505,9,1,Content Illustration
Venice_1505,9,2,Content Illustration
Venice_1505,9,3,Content Illustration
Venice_1510,26,1,Content Illustration
Venice_1510,26,2,Content Illustration
Venice_1510,27,1,Content Illustration
Venice_1510,27,2,Content Illustration
Venice_1510,27,3,Content Illustration
Venice_1510,27,4,Content Illustration
Venice_1510,27,5,Content Illustration
Venice_1510,28,1,Content Illustration
Venice_1510,28,2,Content Illustration
Venice_1510,29,1,Content Illustration
Venice_1510,30,1,Content Illustration
Venice_1510,30,2,Content Illustration
Venice_1510,30,3,Content Illustration
Venice_1510,30,4,Content Illustration
Venice_1510,30,5,Content Illustration
Venice_1510,30,6,Content Illustration
Venice_1510,31,1,Content Illustration
Venice_1510,31,2,Content Illustration
Venice_1510,31,3,Content Illustration
Venice_1510,31,4,Content Illustration
Venice_1510,31,5,Content Illustration
Venice_1510,32,1,Content Illustration
Venice_1510,32,2,Content Illustration
Venice_1510,32,3,Content Illustration
Venice_1510,33,1,Content Illustration
Venice_1510,33,2,Content Illustration
Venice_1510,34,1,Content Illustration
Venice_1510,34,2,Content Illustration
Venice_1510,35,1,Content Illustration
Venice_1510,35,2,Content Illustration
Venice_1510,36,1,Content Illustration
Venice_1510,36,2,Content Illustration
Venice_1510,36,3,Content Illustration
Venice_1510,36,4,Content Illustration
Venice_1510,37,1,Content Illustration
Venice_1510,37,2,Content Illustration
Venice_1510,37,3,Content Illustration
Venice_1510,38,1,Content Illustration
Venice_1510,38,2,Content Illustration
Venice_1510,39,1,Content Illustration
Venice_1510,39,2,Content Illustration
Venice_1510,39,3,Content Illustration
Venice_1510,40,1,Content Illustration
Venice_1510,40,2,Content Illustration
Venice_1510,40,3,Content Illustration
Venice_1510,40,4,Content Illustration
Venice_1510,40,5,Content Illustration
Venice_1510,41,1,Content Illustration
Venice_1510,41,2,Content Illustration
Venice_1510,42,1,Content Illustration
Venice_1510,42,2,Content Illustration
Venice_1510,43,1,Content Illustration
Venice_1510,43,2,Content Illustration
Venice_1510,43,3,Content Illustration
Venice_1510,44,1,Content Illustration
Venice_1510,44,2,Content Illustration
Venice_1510,45,1,Content Illustration
Venice_1510,45,2,Content Illustration
Venice_1510,46,1,Content Illustration
Venice_1510,46,2,Content Illustration
Venice_1510,46,3,Content Illustration
Venice_1510,47,1,Content Illustration
Venice_1510,47,2,Content Illustration
Venice_1510,48,1,Content Illustration
Venice_1510,48,2,Content Illustration
Venice_1510,48,3,Content Illustration
Venice_1510,48,4,Content Illustration
Venice_1510,49,1,Content Illustration
Venice_1510,49,2,Content Illustration
Venice_1510,49,3,Content Illustration
Venice_1510,50,1,Content Illustration
Venice_1510,50,2,Content Illustration
Venice_1510,51,1,Content Illustration
Venice_1510,52,1,Content Illustration
Venice_1510,52,2,Content Illustration
Venice_1510,53,1,Content Illustration
Venice_1510,53,2,Content Illustration
Venice_1510,54,1,Content Illustration
Venice_1510,55,1,Content Illustration
Venice_1510,56,1,Content Illustration
Venice_1510,57,1,Content Illustration
Venice_1510,57,2,Content Illustration
Venice_1510,58,1,Content Illustration
Venice_1510,59,1,Content Illustration
Venice_1510,60,1,Content Illustration
Venice_1510,60,2,Content Illustration
Venice_1510,61,1,Content Illustration
Venice_1510,61,2,Content Illustration
Venice_1510,62,1,Content Illustration
Venice_1510,62,2,Content Illustration
Venice_1510,63,1,Content Illustration
Venice_1510,63,2,Content Illustration
Venice_1510,63,3,Content Illustration
Venice_1510,64,1,Content Illustration
Venice_1510,65,1,Content Illustration
Venice_1510,66,1,Content Illustration
Venice_1510,66,2,Content Illustration
Venice_1510,67,1,Content Illustration
Venice_1510,67,2,Content Illustration
Venice_1510,67,3,Content Illustration
Venice_1510,68,1,Content Illustration
Venice_1510,69,1,Content Illustration
Venice_1510,70,1,Content Illustration
Venice_1510,70,2,Content Illustration
Venice_1510,70,3,Content Illustration
Venice_1510,71,1,Content Illustration
Venice_1510,71,2,Content Illustration
Venice_1510,71,3,Content Illustration
Venice_1510,72,1,Content Illustration
Venice_1510,72,2,Content Illustration
Venice_1510,73,1,Content Illustration
Venice_1510,73,2,Content Illustration
Venice_1510,74,1,Content Illustration
Venice_1510,75,1,Content Illustration
Venice_1510,75,2,Content Illustration
Venice_1510,76,1,Content Illustration
Venice_1510,76,2,Content Illustration
Venice_1510,76,3,Content Illustration
Venice_1510,76,4,Content Illustration
Venice_1510,77,1,Content Illustration
Venice_1510,77,2,Content Illustration
Venice_1510,77,3,Content Illustration
Venice_1510,77,4,Content Illustration
Venice_1510,77,5,Content Illustration
Venice_1510,78,1,Content Illustration
Venice_1510,78,2,Content Illustration
Venice_1510,78,3,Content Illustration
Venice_1510,78,4,Content Illustration
Venice_1510,79,1,Content Illustration
Venice_1510,79,2,Content Illustration
Venice_1510,79,3,Content Illustration
Venice_1510,79,4,Content Illustration
Venice_1510,81,1,Content Illustration
Venice_1510,81,2,Content Illustration
Venice_1510,81,3,Content Illustration
Venice_1510,81,4,Content Illustration
Venice_1510,82,1,Content Illustration
Venice_1510,82,2,Content Illustration
Venice_1510,83,1,Content Illustration
Venice_1510,83,2,Content Illustration
Venice_1510,84,1,Content Illustration
Venice_1510,84,2,Content Illustration
Venice_1510,84,3,Content Illustration
Venice_1510,85,1,Content Illustration
Venice_1510,85,2,Content Illustration
Venice_1510,85,3,Content Illustration
Venice_1510,86,1,Content Illustration
Venice_1510,86,2,Content Illustration
Venice_1510,86,3,Content Illustration
Venice_1510,86,4,Content Illustration
Venice_1510,87,1,Content Illustration
Venice_1510,87,2,Content Illustration
Venice_1510,87,3,Content Illustration
Venice_1510,87,4,Content Illustration
Venice_1510,88,1,Content Illustration
Venice_1510,88,2,Content Illustration
Venice_1510,89,1,Content Illustration
Venice_1510,89,2,Content Illustration
Venice_1510,90,1,Content Illustration
Venice_1510,90,2,Content Illustration
Venice_1510,91,1,Content Illustration
Venice_1510,92,1,Content Illustration
Venice_1510,93,1,Content Illustration
Venice_1510,93,2,Content Illustration
Venice_1510,94,1,Content Illustration
Venice_1510,94,2,Content Illustration
Venice_1510,94,3,Content Illustration
Venice_1510,98,1,Content Illustration
Venice_1510,108,1,Content Illustration
Venice_1510,110,1,Content Illustration
Venice_1510,112,1,Content Illustration
Venice_1510,113,1,Content Illustration
Venice_1510,114,1,Content Illustration
Venice_1510,114,2,Content Illustration
Venice_1510,115,1,Content Illustration
Venice_1510,116,1,Content Illustration
Venice_1510,116,2,Content Illustration
Venice_1510,117,1,Content Illustration
Venice_1510,118,1,Content Illustration
Venice_1510,118,2,Content Illustration
Venice_1510,119,1,Content Illustration
Venice_1510,119,2,Content Illustration
Venice_1510,119,3,Content Illustration
Venice_1510,120,1,Content Illustration
Venice_1510,120,2,Content Illustration
Venice_1510,121,1,Content Illustration
Venice_1510,122,1,Content Illustration
Venice_1510,122,2,Content Illustration
Venice_1510,123,1,Content Illustration
Venice_1510,124,1,Content Illustration
Venice_1510,124,2,Content Illustration
Venice_1510,125,1,Content Illustration
Venice_1510,125,2,Content Illustration
Venice_1510,126,1,Content Illustration
Venice_1510,126,2,Content Illustration
Venice_1510,126,3,Content Illustration
Venice_1510,127,1,Content Illustration
Venice_1510,127,2,Content Illustration
Venice_1510,127,3,Content Illustration
Venice_1510,127,4,Content Illustration
Venice_1510,128,1,Content Illustration
Venice_1510,128,2,Content Illustration
Venice_1510,129,1,Content Illustration
Venice_1510,130,1,Content Illustration
Venice_1510,130,2,Content Illustration
Venice_1510,131,1,Content Illustration
Venice_1510,131,2,Content Illustration
Venice_1510,132,1,Content Illustration
Venice_1510,132,2,Content Illustration
Venice_1510,132,3,Content Illustration
Venice_1510,132,4,Content Illustration
Venice_1510,132,5,Content Illustration
Venice_1510,132,6,Content Illustration
Venice_1510,133,1,Content Illustration
Venice_1510,133,2,Content Illustration
Venice_1510,134,1,Content Illustration
Venice_1510,134,2,Content Illustration
Venice_1510,135,1,Content Illustration
Venice_1510,135,2,Content Illustration
Venice_1510,136,1,Content Illustration
Venice_1510,136,2,Content Illustration
Venice_1510,136,3,Content Illustration
Venice_1510,136,4,Content Illustration
Venice_1510,148,1,Content Illustration
Venice_1510,152,1,Content Illustration
Venice_1510,154,1,Content Illustration
Venice_1510,170,1,Content Illustration
Venice_1510,170,2,Content Illustration
Venice_1510,172,1,Content Illustration
Venice_1510,172,2,Content Illustration
Venice_1510,182,1,Content Illustration
Venice_1510,182,2,Content Illustration
Venice_1510,182,3,Content Illustration
Venice_1510,182,4,Content Illustration
Venice_1510,183,1,Content Illustration
Venice_1510,183,2,Content Illustration
Venice_1510,188,1,Content Illustration
Venice_1510,197,1,Content Illustration
Venice_1510,198,1,Content Illustration
Venice_1510,199,1,Content Illustration
Venice_1510,199,2,Content Illustration
Venice_1510,200,1,Content Illustration
Venice_1510,201,1,Content Illustration
Venice_1510,202,1,Content Illustration
Venice_1510,204,1,Content Illustration
Venice_1510,204,2,Content Illustration
Venice_1510,204,3,Content Illustration
Venice_1510,205,1,Content Illustration
Venice_1510,205,2,Content Illustration
Venice_1510,205,3,Content Illustration
Venice_1510,206,1,Content Illustration
Venice_1510,206,2,Content Illustration
Venice_1510,207,1,Content Illustration
Venice_1510,207,2,Content Illustration
Venice_1510,208,1,Content Illustration
Venice_1510,211,1,Content Illustration
Venice_1510,211,2,Content Illustration
Venice_1510,211,3,Content Illustration
Venice_1510,212,1,Content Illustration
Venice_1510,213,1,Content Illustration
Venice_1510,213,2,Content Illustration
Venice_1510,214,1,Content Illustration
Venice_1510,215,1,Content Illustration
Venice_1510,216,1,Content Illustration
Venice_1510,217,1,Content Illustration
Venice_1510,219,1,Content Illustration
Venice_1510,220,1,Content Illustration
Venice_1510,221,1,Content Illustration
Venice_1510,222,1,Content Illustration
Venice_1510,227,1,Content Illustration
Venice_1510,228,1,Content Illustration
Venice_1510,228,2,Content Illustration
Venice_1510,229,1,Content Illustration
Venice_1510,229,2,Content Illustration
Venice_1510,230,1,Content Illustration
Venice_1510,230,2,Content Illustration
Venice_1510,231,1,Content Illustration
Venice_1510,231,2,Content Illustration
Venice_1510,232,1,Content Illustration
Venice_1510,232,2,Content Illustration
Venice_1510,233,1,Content Illustration
Venice_1510,234,1,Content Illustration
Venice_1510,234,2,Content Illustration
Venice_1510,235,1,Content Illustration
Venice_1510,236,1,Content Illustration
Venice_1510,236,2,Content Illustration
Venice_1510,240,1,Content Illustration
Venice_1510,240,2,Content Illustration
Venice_1510,240,3,Content Illustration
Venice_1510,243,1,Content Illustration
Venice_1510,244,1,Content Illustration
Venice_1510,246,1,Content Illustration
Venice_1510,248,1,Content Illustration
Venice_1510,250,1,Content Illustration
Venice_1510,250,2,Content Illustration
Venice_1510,250,3,Content Illustration
Venice_1510,254,1,Content Illustration
Venice_1510,254,2,Content Illustration
Venice_1510,255,1,Content Illustration
Venice_1510,255,2,Content Illustration
Venice_1510,256,1,Content Illustration
Venice_1510,256,2,Content Illustration
Venice_1510,257,1,Content Illustration
Venice_1510,257,2,Content Illustration
Venice_1510,257,3,Content Illustration
Venice_1510,258,1,Content Illustration
Venice_1510,259,1,Content Illustration
Venice_1510,260,1,Content Illustration
Venice_1510,261,1,Content Illustration
Venice_1510,262,1,Content Illustration
Venice_1510,265,1,Content Illustration
Venice_1510,266,1,Content Illustration
Venice_1510,266,2,Content Illustration
Venice_1510,267,1,Content Illustration
Venice_1510,271,1,Content Illustration
Venice_1510,271,2,Content Illustration
Venice_1510,272,1,Content Illustration
Venice_1510,272,2,Content Illustration
Venice_1510,272,3,Content Illustration
Venice_1510,273,1,Content Illustration
Venice_1510,273,2,Content Illustration
Venice_1510,273,3,Content Illustration
Venice_1510,274,1,Content Illustration
Venice_1510,277,1,Content Illustration
Venice_1510,277,2,Content Illustration
Venice_1510,277,3,Content Illustration
Venice_1510,278,1,Content Illustration
Venice_1510,279,1,Content Illustration
Venice_1510,279,2,Content Illustration
Venice_1510,280,1,Content Illustration
Venice_1510,280,2,Content Illustration
Venice_1510,281,1,Content Illustration
Venice_1510,281,2,Content Illustration
Venice_1510,282,1,Content Illustration
Venice_1510,282,2,Content Illustration
Venice_1510,282,3,Content Illustration
Venice_1510,282,4,Content Illustration
Venice_1510,283,1,Content Illustration
Venice_1510,284,1,Content Illustration
Venice_1510,284,2,Content Illustration
Venice_1510,285,1,Content Illustration
Venice_1510,285,2,Content Illustration
Venice_1510,286,1,Content Illustration
Venice_1510,286,2,Content Illustration
Venice_1510,286,3,Content Illustration
Venice_1510,287,1,Content Illustration
Venice_1510,288,1,Content Illustration
Venice_1510,288,2,Content Illustration
Venice_1510,288,3,Content Illustration
Venice_1510,288,4,Content Illustration
Venice_1510,288,5,Content Illustration
Venice_1510,289,1,Content Illustration
Venice_1510,289,2,Content Illustration
Venice_1510,289,3,Content Illustration
Venice_1510,290,1,Content Illustration
Venice_1510,290,2,Content Illustration
Venice_1510,290,3,Content Illustration
Venice_1510,290,4,Content Illustration
Venice_1510,290,5,Content Illustration
Venice_1510,291,1,Content Illustration
Venice_1510,291,2,Content Illustration
Venice_1510,291,3,Content Illustration
Venice_1510,292,1,Content Illustration
Venice_1510,293,1,Content Illustration
Venice_1510,293,2,Content Illustration
Venice_1510,294,1,Content Illustration
Venice_1510,294,2,Content Illustration
Venice_1510,294,3,Content Illustration
Venice_1510,295,1,Content Illustration
Venice_1510,296,1,Content Illustration
Venice_1510,296,2,Content Illustration
Venice_1510,296,3,Content Illustration
Venice_1510,296,4,Content Illustration
Venice_1510,297,1,Content Illustration
Venice_1510,297,2,Content Illustration
Venice_1510,297,3,Content Illustration
Venice_1510,298,1,Content Illustration
Venice_1510,298,2,Content Illustration
Venice_1510,299,1,Content Illustration
Venice_1510,299,2,Content Illustration
Venice_1510,301,1,Content Illustration
Venice_1510,301,2,Content Illustration
Venice_1510,302,1,Content Illustration
Venice_1510,302,2,Content Illustration
Venice_1510,302,3,Content Illustration
Venice_1510,303,1,Content Illustration
Venice_1510,303,2,Content Illustration
Venice_1510,304,1,Content Illustration
Venice_1510,304,2,Content Illustration
Venice_1510,305,1,Content Illustration
Venice_1510,305,2,Content Illustration
Venice_1510,306,1,Content Illustration
Venice_1510,306,2,Content Illustration
Venice_1510,306,3,Content Illustration
Venice_1510,307,1,Content Illustration
Venice_1510,307,2,Content Illustration
Venice_1510,307,3,Content Illustration
Venice_1510,309,1,Content Illustration
Venice_1510,310,1,Content Illustration
Venice_1510,311,1,Content Illustration
Venice_1510,312,1,Content Illustration
Venice_1510,313,1,Content Illustration
Venice_1510,313,2,Content Illustration
Venice_1510,314,1,Content Illustration
Venice_1510,314,2,Content Illustration
Venice_1510,315,1,Content Illustration
Venice_1510,316,1,Content Illustration
Venice_1510,317,1,Content Illustration
Venice_1510,317,2,Content Illustration
Venice_1510,318,1,Content Illustration
Venice_1510,318,2,Content Illustration
Venice_1510,321,1,Content Illustration
Venice_1510,322,1,Content Illustration
Venice_1510,322,2,Content Illustration
Venice_1510,322,3,Content Illustration
Venice_1510,322,4,Content Illustration
Venice_1510,323,1,Content Illustration
Venice_1510,324,1,Content Illustration
Venice_1510,325,1,Content Illustration
Venice_1510,325,2,Content Illustration
Venice_1510,326,1,Content Illustration
Venice_1510,327,1,Content Illustration
Venice_1510,327,2,Content Illustration
Venice_1510,327,3,Content Illustration
Venice_1510,328,1,Content Illustration
Venice_1510,328,2,Content Illustration
Venice_1510,329,1,Content Illustration
Venice_1510,330,1,Content Illustration
Venice_1510,330,2,Content Illustration
Venice_1510,334,1,Content Illustration
Venice_1510,334,2,Content Illustration
Venice_1510,335,1,Content Illustration
Venice_1510,336,1,Content Illustration
Venice_1510,337,1,Content Illustration
Venice_1510,338,1,Content Illustration
Venice_1510,339,1,Content Illustration
Venice_1510,339,2,Content Illustration
Venice_1510,340,1,Content Illustration
Venice_1510,340,2,Content Illustration
Venice_1510,340,3,Content Illustration
Venice_1510,340,4,Content Illustration
Venice_1510,341,1,Content Illustration
Venice_1510,341,2,Content Illustration
Venice_1510,342,1,Content Illustration
Venice_1510,342,2,Content Illustration
Venice_1510,344,1,Content Illustration
Venice_1510,346,1,Content Illustration
Venice_1510,347,1,Content Illustration
Venice_1510,348,1,Content Illustration
Venice_1510,348,2,Content Illustration
Venice_1510,348,3,Content Illustration
Venice_1510,350,1,Content Illustration
Venice_1510,351,1,Content Illustration
Venice_1510,351,2,Content Illustration
Venice_1510,351,3,Content Illustration
Venice_1510,352,1,Content Illustration
Venice_1510,352,2,Content Illustration
Venice_1510,352,3,Content Illustration
Venice_1510,353,1,Content Illustration
Venice_1510,353,2,Content Illustration
Venice_1510,354,1,Content Illustration
Venice_1510,354,2,Content Illustration
Venice_1510,356,1,Content Illustration
Venice_1510,357,1,Content Illustration
Venice_1510,357,2,Content Illustration
Venice_1510,357,3,Content Illustration
Venice_1510,358,1,Content Illustration
Venice_1510,358,2,Content Illustration
Venice_1510,360,1,Content Illustration
Venice_1510,360,2,Content Illustration
Venice_1510,361,1,Content Illustration
Venice_1510,361,2,Content Illustration
Venice_1510,361,3,Content Illustration
Venice_1510,365,1,Content Illustration
Venice_1510,365,2,Content Illustration
Venice_1510,366,1,Content Illustration
Venice_1510,366,2,Content Illustration
Venice_1510,367,1,Content Illustration
Venice_1510,367,2,Content Illustration
Venice_1510,368,1,Content Illustration
Venice_1510,368,2,Content Illustration
Venice_1510,369,1,Content Illustration
Venice_1510,370,1,Content Illustration
Venice_1510,371,1,Content Illustration
Venice_1510,372,1,Content Illustration
Venice_1510,372,2,Content Illustration
Venice_1510,372,3,Content Illustration
Venice_1510,373,1,Content Illustration
Venice_1510,374,1,Content Illustration
Venice_1510,375,1,Content Illustration
Venice_1510,375,2,Content Illustration
Venice_1510,377,1,Content Illustration
Venice_1510,378,1,Content Illustration
Venice_1510,378,2,Content Illustration
Venice_1510,379,1,Content Illustration
Venice_1510,380,1,Content Illustration
Venice_1510,380,2,Content Illustration
Venice_1510,381,1,Content Illustration
Venice_1510,381,2,Content Illustration
Venice_1510,382,1,Content Illustration
Venice_1510,383,1,Content Illustration
Venice_1510,383,2,Content Illustration
Venice_1510,384,1,Content Illustration
Venice_1510,384,2,Content Illustration
Venice_1510,387,1,Content Illustration
Venice_1510,387,2,Content Illustration
Venice_1510,387,3,Content Illustration
Venice_1510,388,1,Content Illustration
Venice_1510,388,2,Content Illustration
Venice_1510,388,3,Content Illustration
Venice_1510,388,4,Content Illustration
Venice_1510,388,5,Content Illustration
Venice_1510,389,1,Content Illustration
Venice_1510,389,2,Content Illustration
Venice_1510,389,3,Content Illustration
Venice_1510,389,4,Content Illustration
Venice_1510,389,5,Content Illustration
Venice_1510,390,1,Content Illustration
Venice_1510,390,2,Content Illustration
Venice_1510,390,3,Content Illustration
Venice_1510,390,4,Content Illustration
Venice_1510,390,5,Content Illustration
Venice_1510,391,1,Content Illustration
Venice_1510,391,2,Content Illustration
Venice_1510,392,1,Content Illustration
Venice_1510,392,2,Content Illustration
Venice_1510,392,3,Content Illustration
Venice_1510,393,1,Content Illustration
Venice_1510,393,2,Content Illustration
Venice_1510,393,3,Content Illustration
Venice_1510,394,1,Content Illustration
Venice_1510,394,2,Content Illustration
Venice_1510,395,1,Content Illustration
Venice_1510,395,2,Content Illustration
Venice_1510,395,3,Content Illustration
Venice_1510,395,4,Content Illustration
Venice_1510,395,5,Content Illustration
Venice_1510,396,1,Content Illustration
Venice_1510,396,2,Content Illustration
Venice_1510,396,3,Content Illustration
Venice_1510,396,4,Content Illustration
Venice_1510,397,1,Content Illustration
Venice_1510,397,2,Content Illustration
Venice_1510,397,3,Content Illustration
Venice_1510,398,1,Content Illustration
Venice_1510,402,1,Content Illustration
Venice_1510,402,2,Content Illustration
Venice_1510,403,1,Content Illustration
Venice_1510,403,2,Content Illustration
Venice_1510,403,3,Content Illustration
Venice_1510,403,4,Content Illustration
Venice_1510,404,1,Content Illustration
Venice_1510,404,2,Content Illustration
Venice_1510,404,3,Content Illustration
Venice_1510,404,4,Content Illustration
Venice_1510,405,1,Content Illustration
Venice_1510,405,2,Content Illustration
Venice_1510,405,3,Content Illustration
Venice_1510,405,4,Content Illustration
Venice_1510,406,1,Content Illustration
Venice_1510,406,2,Content Illustration
Venice_1510,406,3,Content Illustration
Venice_1510,406,4,Content Illustration
Venice_1510,407,1,Content Illustration
Venice_1510,407,2,Content Illustration
Venice_1510,407,3,Content Illustration
Venice_1510,407,4,Content Illustration
Venice_1510,408,1,Content Illustration
Venice_1510,408,2,Content Illustration
Venice_1510,408,3,Content Illustration
Venice_1510,409,1,Content Illustration
Venice_1510,409,2,Content Illustration
Venice_1510,409,3,Content Illustration
Venice_1510,409,4,Content Illustration
Venice_1510,410,1,Content Illustration
Venice_1510,410,2,Content Illustration
Venice_1510,410,3,Content Illustration
Venice_1510,411,1,Content Illustration
Venice_1510,411,2,Content Illustration
Venice_1510,411,3,Content Illustration
Venice_1510,412,1,Content Illustration
Venice_1510,412,2,Content Illustration
Venice_1510,412,3,Content Illustration
Venice_1510,412,4,Content Illustration
Venice_1510,413,1,Content Illustration
Venice_1510,413,2,Content Illustration
Venice_1510,413,3,Content Illustration
Venice_1510,414,1,Content Illustration
Venice_1510,414,2,Content Illustration
Venice_1510,415,1,Content Illustration
Venice_1510,415,2,Content Illustration
Venice_1510,415,3,Content Illustration
Venice_1510,416,1,Content Illustration
Venice_1510,416,2,Content Illustration
Venice_1510,417,1,Content Illustration
Venice_1510,417,2,Content Illustration
Venice_1510,417,3,Content Illustration
Venice_1510,417,4,Content Illustration
Venice_1510,417,5,Content Illustration
Venice_1510,418,1,Content Illustration
Venice_1510,418,2,Content Illustration
Venice_1510,418,3,Content Illustration
Venice_1510,418,4,Content Illustration
Venice_1510,419,1,Content Illustration
Venice_1510,419,2,Content Illustration
Venice_1510,419,3,Content Illustration
Venice_1510,419,4,Content Illustration
Venice_1510,420,1,Content Illustration
Venice_1510,420,2,Content Illustration
Venice_1510,420,3,Content Illustration
Venice_1510,420,4,Content Illustration
Venice_1510,420,5,Content Illustration
Venice_1510,420,6,Content Illustration
Venice_1510,421,1,Content Illustration
Venice_1510,421,2,Content Illustration
Venice_1510,421,3,Content Illustration
Venice_1510,434,1,Content Illustration
Venice_1510,436,1,Content Illustration
Venice_1510,444,1,Content Illustration
Venice_1510,444,2,Content Illustration
Venice_1510,444,3,Content Illustration
Venice_1510,445,1,Content Illustration
Venice_1510,445,2,Content Illustration
Venice_1510,445,3,Content Illustration
Venice_1510,445,4,Content Illustration
Venice_1510,445,5,Content Illustration
Venice_1510,446,1,Content Illustration
Venice_1510,446,2,Content Illustration
Venice_1510,446,3,Content Illustration
Venice_1510,447,1,Content Illustration
Venice_1510,447,2,Content Illustration
Venice_1510,447,3,Content Illustration
Venice_1510,447,4,Content Illustration
Venice_1510,448,1,Content Illustration
Venice_1510,448,2,Content Illustration
Venice_1510,449,1,Content Illustration
Venice_1510,450,1,Content Illustration
Venice_1510,450,2,Content Illustration
Venice_1510,450,3,Content Illustration
Venice_1510,451,1,Content Illustration
Venice_1510,451,2,Content Illustration
Venice_1510,451,3,Content Illustration
Venice_1510,452,1,Content Illustration
Venice_1510,452,2,Content Illustration
Venice_1510,452,3,Content Illustration
Venice_1510,452,4,Content Illustration
Venice_1510,452,5,Content Illustration
Venice_1510,452,6,Content Illustration
Venice_1510,453,1,Content Illustration
Venice_1510,453,2,Content Illustration
Venice_1510,453,3,Content Illustration
Venice_1510,454,1,Content Illustration
Venice_1510,454,2,Content Illustration
Venice_1510,454,3,Content Illustration
Venice_1510,454,4,Content Illustration
Venice_1510,454,5,Content Illustration
Venice_1510,455,1,Content Illustration
Venice_1510,455,2,Content Illustration
Venice_1510,455,3,Content Illustration
Venice_1510,456,1,Content Illustration
Venice_1510,456,2,Content Illustration
Venice_1510,456,3,Content Illustration
Venice_1510,456,4,Content Illustration
Venice_1510,457,1,Content Illustration
Venice_1510,457,2,Content Illustration
Venice_1510,457,3,Content Illustration
Venice_1510,457,4,Content Illustration
Venice_1510,457,5,Content Illustration
Venice_1510,458,1,Content Illustration
Venice_1510,458,2,Content Illustration
Venice_1510,459,1,Content Illustration
Venice_1510,459,2,Content Illustration
Venice_1510,460,1,Content Illustration
Venice_1510,460,2,Content Illustration
Venice_1510,460,3,Content Illustration
Venice_1510,461,1,Content Illustration
Venice_1510,461,2,Content Illustration
Venice_1510,461,3,Content Illustration
Venice_1510,462,1,Content Illustration
Venice_1510,462,2,Content Illustration
Venice_1510,463,1,Content Illustration
Venice_1510,463,2,Content Illustration
Venice_1510,463,3,Content Illustration
Venice_1510,463,4,Content Illustration
Venice_1510,464,1,Content Illustration
Venice_1510,464,2,Content Illustration
Venice_1510,465,1,Content Illustration
Venice_1510,465,2,Content Illustration
Venice_1510,465,3,Content Illustration
Venice_1510,466,1,Content Illustration
Venice_1510,466,2,Content Illustration
Venice_1510,466,3,Content Illustration
Venice_1510,466,4,Content Illustration
Venice_1510,466,5,Content Illustration
Venice_1510,467,1,Content Illustration
Venice_1510,467,2,Content Illustration
Venice_1510,468,1,Content Illustration
Venice_1510,469,1,Content Illustration
Venice_1510,469,2,Content Illustration
Venice_1510,470,1,Content Illustration
Venice_1510,470,2,Content Illustration
Venice_1510,471,1,Content Illustration
Venice_1510,471,2,Content Illustration
Venice_1510,471,3,Content Illustration
Venice_1509,100,1,Content Illustration
Venice_1509,100,2,Content Illustration
Venice_1509,101,1,Content Illustration
Venice_1509,101,2,Content Illustration
Venice_1509,102,1,Content Illustration
Venice_1509,102,2,Content Illustration
Venice_1509,102,3,Content Illustration
Venice_1509,102,4,Content Illustration
Venice_1509,103,1,Content Illustration
Venice_1509,103,2,Content Illustration
Venice_1509,106,1,Content Illustration
Venice_1509,106,2,Content Illustration
Venice_1509,108,1,Content Illustration
Venice_1509,110,1,Content Illustration
Venice_1509,111,1,Content Illustration
Venice_1509,111,2,Content Illustration
Venice_1509,112,1,Content Illustration
Venice_1509,112,2,Content Illustration
Venice_1509,112,3,Content Illustration
Venice_1509,112,4,Content Illustration
Venice_1509,112,5,Content Illustration
Venice_1509,113,1,Content Illustration
Venice_1509,113,2,Content Illustration
Venice_1509,116,1,Content Illustration
Venice_1509,116,2,Content Illustration
Venice_1509,118,1,Content Illustration
Venice_1509,119,1,Content Illustration
Venice_1509,120,1,Content Illustration
Venice_1509,122,1,Content Illustration
Venice_1509,122,2,Content Illustration
Venice_1509,122,3,Content Illustration
Venice_1509,122,4,Content Illustration
Venice_1509,123,1,Content Illustration
Venice_1509,123,2,Content Illustration
Venice_1509,123,3,Content Illustration
Venice_1509,124,1,Content Illustration
Venice_1509,124,2,Content Illustration
Venice_1509,124,3,Content Illustration
Venice_1509,124,4,Content Illustration
Venice_1509,125,1,Content Illustration
Venice_1509,125,2,Content Illustration
Venice_1509,125,3,Content Illustration
Venice_1509,126,1,Content Illustration
Venice_1509,126,2,Content Illustration
Venice_1509,127,1,Content Illustration
Venice_1509,127,2,Content Illustration
Venice_1509,128,1,Content Illustration
Venice_1509,128,2,Content Illustration
Venice_1509,128,3,Content Illustration
Venice_1509,129,1,Content Illustration
Venice_1509,129,2,Content Illustration
Venice_1509,129,3,Content Illustration
Venice_1509,129,4,Content Illustration
Venice_1509,130,1,Content Illustration
Venice_1509,130,2,Content Illustration
Venice_1509,130,3,Content Illustration
Venice_1509,131,1,Content Illustration
Venice_1509,131,2,Content Illustration
Venice_1509,132,1,Content Illustration
Venice_1509,133,1,Content Illustration
Venice_1509,133,2,Content Illustration
Venice_1509,133,3,Content Illustration
Venice_1509,133,4,Content Illustration
Venice_1509,133,5,Content Illustration
Venice_1509,133,6,Content Illustration
Venice_1509,133,7,Content Illustration
Venice_1509,133,8,Content Illustration
Venice_1509,133,9,Content Illustration
Venice_1509,134,1,Content Illustration
Venice_1509,134,2,Content Illustration
Venice_1509,134,3,Content Illustration
Venice_1509,135,1,Content Illustration
Venice_1509,135,2,Content Illustration
Venice_1509,135,3,Content Illustration
Venice_1509,135,4,Content Illustration
Venice_1509,135,5,Content Illustration
Venice_1509,136,1,Content Illustration
Venice_1509,136,2,Content Illustration
Venice_1509,136,3,Content Illustration
Venice_1509,137,1,Content Illustration
Venice_1509,137,2,Content Illustration
Venice_1509,137,3,Content Illustration
Venice_1509,137,4,Content Illustration
Venice_1509,138,1,Content Illustration
Venice_1509,138,2,Content Illustration
Venice_1509,138,3,Content Illustration
Venice_1509,139,1,Content Illustration
Venice_1509,139,2,Content Illustration
Venice_1509,139,3,Content Illustration
Venice_1509,141,1,Content Illustration
Venice_1509,141,2,Content Illustration
Venice_1509,143,1,Content Illustration
Venice_1509,143,2,Content Illustration
Venice_1509,143,3,Content Illustration
Venice_1509,143,4,Content Illustration
Venice_1509,144,1,Content Illustration
Venice_1509,144,2,Content Illustration
Venice_1509,145,1,Content Illustration
Venice_1509,145,2,Content Illustration
Venice_1509,145,3,Content Illustration
Venice_1509,145,4,Content Illustration
Venice_1509,146,1,Content Illustration
Venice_1509,146,2,Content Illustration
Venice_1509,147,1,Content Illustration
Venice_1509,147,2,Content Illustration
Venice_1509,147,3,Content Illustration
Venice_1509,148,1,Content Illustration
Venice_1509,148,2,Content Illustration
Venice_1509,149,1,Content Illustration
Venice_1509,149,2,Content Illustration
Venice_1509,149,3,Content Illustration
Venice_1509,150,1,Content Illustration
Venice_1509,150,2,Content Illustration
Venice_1509,151,1,Content Illustration
Venice_1509,152,1,Content Illustration
Venice_1509,152,2,Content Illustration
Venice_1509,153,1,Content Illustration
Venice_1509,154,1,Content Illustration
Venice_1509,154,2,Content Illustration
Venice_1509,154,3,Content Illustration
Venice_1509,156,1,Content Illustration
Venice_1509,156,2,Content Illustration
Venice_1509,157,1,Content Illustration
Venice_1509,157,2,Content Illustration
Venice_1509,157,3,Content Illustration
Venice_1509,157,4,Content Illustration
Venice_1509,158,1,Content Illustration
Venice_1509,158,2,Content Illustration
Venice_1509,159,1,Content Illustration
Venice_1509,159,2,Content Illustration
Venice_1509,159,3,Content Illustration
Venice_1509,160,1,Content Illustration
Venice_1509,160,2,Content Illustration
Venice_1509,160,3,Content Illustration
Venice_1509,161,1,Content Illustration
Venice_1509,161,2,Content Illustration
Venice_1509,161,3,Content Illustration
Venice_1509,162,1,Content Illustration
Venice_1509,162,2,Content Illustration
Venice_1509,162,3,Content Illustration
Venice_1509,163,1,Content Illustration
Venice_1509,163,2,Content Illustration
Venice_1509,164,1,Content Illustration
Venice_1509,164,2,Content Illustration
Venice_1509,164,3,Content Illustration
Venice_1509,165,1,Content Illustration
Venice_1509,165,2,Content Illustration
Venice_1509,166,1,Content Illustration
Venice_1509,166,2,Content Illustration
Venice_1509,168,1,Content Illustration
Venice_1509,168,2,Content Illustration
Venice_1509,168,3,Content Illustration
Venice_1509,16,1,Content Illustration
Venice_1509,16,10,Content Illustration
Venice_1509,16,11,Content Illustration
Venice_1509,16,12,Content Illustration
Venice_1509,16,2,Content Illustration
Venice_1509,16,3,Content Illustration
Venice_1509,16,4,Content Illustration
Venice_1509,16,5,Content Illustration
Venice_1509,16,6,Content Illustration
Venice_1509,16,7,Content Illustration
Venice_1509,16,8,Content Illustration
Venice_1509,16,9,Content Illustration
Venice_1509,172,1,Content Illustration
Venice_1509,172,2,Content Illustration
Venice_1509,174,1,Content Illustration
Venice_1509,177,1,Content Illustration
Venice_1509,17,1,Content Illustration
Venice_1509,17,2,Content Illustration
Venice_1509,17,3,Content Illustration
Venice_1509,17,4,Content Illustration
Venice_1509,17,5,Content Illustration
Venice_1509,17,6,Content Illustration
Venice_1509,17,7,Content Illustration
Venice_1509,17,8,Content Illustration
Venice_1509,17,9,Content Illustration
Venice_1509,181,1,Content Illustration
Venice_1509,185,1,Content Illustration
Venice_1509,185,2,Content Illustration
Venice_1509,185,3,Content Illustration
Venice_1509,185,4,Content Illustration
Venice_1509,185,5,Content Illustration
Venice_1509,186,1,Content Illustration
Venice_1509,186,2,Content Illustration
Venice_1509,188,1,Content Illustration
Venice_1509,188,2,Content Illustration
Venice_1509,18,1,Content Illustration
Venice_1509,18,2,Content Illustration
Venice_1509,191,1,Content Illustration
Venice_1509,194,1,Content Illustration
Venice_1509,195,1,Content Illustration
Venice_1509,195,2,Content Illustration
Venice_1509,195,3,Content Illustration
Venice_1509,195,4,Content Illustration
Venice_1509,196,1,Content Illustration
Venice_1509,196,2,Content Illustration
Venice_1509,196,3,Content Illustration
Venice_1509,198,1,Content Illustration
Venice_1509,199,1,Content Illustration
Venice_1509,19,1,Content Illustration
Venice_1509,19,2,Content Illustration
Venice_1509,19,3,Content Illustration
Venice_1509,19,4,Content Illustration
Venice_1509,202,1,Content Illustration
Venice_1509,202,2,Content Illustration
Venice_1509,202,3,Content Illustration
Venice_1509,203,1,Content Illustration
Venice_1509,203,2,Content Illustration
Venice_1509,203,3,Content Illustration
Venice_1509,203,4,Content Illustration
Venice_1509,203,5,Content Illustration
Venice_1509,204,1,Content Illustration
Venice_1509,205,1,Content Illustration
Venice_1509,205,2,Content Illustration
Venice_1509,205,3,Content Illustration
Venice_1509,206,1,Content Illustration
Venice_1509,206,2,Content Illustration
Venice_1509,206,3,Content Illustration
Venice_1509,207,1,Content Illustration
Venice_1509,207,2,Content Illustration
Venice_1509,207,3,Content Illustration
Venice_1509,208,1,Content Illustration
Venice_1509,208,2,Content Illustration
Venice_1509,208,3,Content Illustration
Venice_1509,208,4,Content Illustration
Venice_1509,209,1,Content Illustration
Venice_1509,209,2,Content Illustration
Venice_1509,20,1,Content Illustration
Venice_1509,20,2,Content Illustration
Venice_1509,20,3,Content Illustration
Venice_1509,210,1,Content Illustration
Venice_1509,211,1,Content Illustration
Venice_1509,211,2,Content Illustration
Venice_1509,211,3,Content Illustration
Venice_1509,211,4,Content Illustration
Venice_1509,211,5,Content Illustration
Venice_1509,212,1,Content Illustration
Venice_1509,212,2,Content Illustration
Venice_1509,212,3,Content Illustration
Venice_1509,212,4,Content Illustration
Venice_1509,213,1,Content Illustration
Venice_1509,213,2,Content Illustration
Venice_1509,213,3,Content Illustration
Venice_1509,213,4,Content Illustration
Venice_1509,214,1,Content Illustration
Venice_1509,214,2,Content Illustration
Venice_1509,217,1,Content Illustration
Venice_1509,217,2,Content Illustration
Venice_1509,218,1,Content Illustration
Venice_1509,218,2,Content Illustration
Venice_1509,218,3,Content Illustration
Venice_1509,219,1,Content Illustration
Venice_1509,219,2,Content Illustration
Venice_1509,219,3,Content Illustration
Venice_1509,21,1,Content Illustration
Venice_1509,21,2,Content Illustration
Venice_1509,21,3,Content Illustration
Venice_1509,21,4,Content Illustration
Venice_1509,220,1,Content Illustration
Venice_1509,220,2,Content Illustration
Venice_1509,220,3,Content Illustration
Venice_1509,221,1,Content Illustration
Venice_1509,222,1,Content Illustration
Venice_1509,222,2,Content Illustration
Venice_1509,222,3,Content Illustration
Venice_1509,222,4,Content Illustration
Venice_1509,223,1,Content Illustration
Venice_1509,223,2,Content Illustration
Venice_1509,224,1,Content Illustration
Venice_1509,225,1,Content Illustration
Venice_1509,225,2,Content Illustration
Venice_1509,225,3,Content Illustration
Venice_1509,225,4,Content Illustration
Venice_1509,226,1,Content Illustration
Venice_1509,226,2,Content Illustration
Venice_1509,226,3,Content Illustration
Venice_1509,226,4,Content Illustration
Venice_1509,226,5,Content Illustration
Venice_1509,227,1,Content Illustration
Venice_1509,227,2,Content Illustration
Venice_1509,227,3,Content Illustration
Venice_1509,227,4,Content Illustration
Venice_1509,228,1,Content Illustration
Venice_1509,228,2,Content Illustration
Venice_1509,228,3,Content Illustration
Venice_1509,229,1,Content Illustration
Venice_1509,229,2,Content Illustration
Venice_1509,229,3,Content Illustration
Venice_1509,22,1,Content Illustration
Venice_1509,22,2,Content Illustration
Venice_1509,22,3,Content Illustration
Venice_1509,22,4,Content Illustration
Venice_1509,22,5,Content Illustration
Venice_1509,230,1,Content Illustration
Venice_1509,230,2,Content Illustration
Venice_1509,230,3,Content Illustration
Venice_1509,231,1,Content Illustration
Venice_1509,231,2,Content Illustration
Venice_1509,231,3,Content Illustration
Venice_1509,232,1,Content Illustration
Venice_1509,232,2,Content Illustration
Venice_1509,233,1,Content Illustration
Venice_1509,233,2,Content Illustration
Venice_1509,233,3,Content Illustration
Venice_1509,233,4,Content Illustration
Venice_1509,234,1,Content Illustration
Venice_1509,234,2,Content Illustration
Venice_1509,235,1,Content Illustration
Venice_1509,235,2,Content Illustration
Venice_1509,235,3,Content Illustration
Venice_1509,236,1,Content Illustration
Venice_1509,236,2,Content Illustration
Venice_1509,237,1,Content Illustration
Venice_1509,238,1,Content Illustration
Venice_1509,238,2,Content Illustration
Venice_1509,23,1,Content Illustration
Venice_1509,23,2,Content Illustration
Venice_1509,23,3,Content Illustration
Venice_1509,240,1,Content Illustration
Venice_1509,240,2,Content Illustration
Venice_1509,241,1,Content Illustration
Venice_1509,241,2,Content Illustration
Venice_1509,242,1,Content Illustration
Venice_1509,242,2,Content Illustration
Venice_1509,244,1,Content Illustration
Venice_1509,244,2,Content Illustration
Venice_1509,245,1,Content Illustration
Venice_1509,245,2,Content Illustration
Venice_1509,247,1,Content Illustration
Venice_1509,247,2,Content Illustration
Venice_1509,247,3,Content Illustration
Venice_1509,248,1,Content Illustration
Venice_1509,248,2,Content Illustration
Venice_1509,249,1,Content Illustration
Venice_1509,249,2,Content Illustration
Venice_1509,24,1,Content Illustration
Venice_1509,24,2,Content Illustration
Venice_1509,24,3,Content Illustration
Venice_1509,251,1,Content Illustration
Venice_1509,252,1,Content Illustration
Venice_1509,253,1,Content Illustration
Venice_1509,253,2,Content Illustration
Venice_1509,253,3,Content Illustration
Venice_1509,253,4,Content Illustration
Venice_1509,254,1,Content Illustration
Venice_1509,254,2,Content Illustration
Venice_1509,254,3,Content Illustration
Venice_1509,254,4,Content Illustration
Venice_1509,254,5,Content Illustration
Venice_1509,255,1,Content Illustration
Venice_1509,255,2,Content Illustration
Venice_1509,256,1,Content Illustration
Venice_1509,256,2,Content Illustration
Venice_1509,256,3,Content Illustration
Venice_1509,257,1,Content Illustration
Venice_1509,257,2,Content Illustration
Venice_1509,257,3,Content Illustration
Venice_1509,257,4,Content Illustration
Venice_1509,258,1,Content Illustration
Venice_1509,258,2,Content Illustration
Venice_1509,258,3,Content Illustration
Venice_1509,259,1,Content Illustration
Venice_1509,25,1,Content Illustration
Venice_1509,25,2,Content Illustration
Venice_1509,25,3,Content Illustration
Venice_1509,25,4,Content Illustration
Venice_1509,260,1,Content Illustration
Venice_1509,261,1,Content Illustration
Venice_1509,261,2,Content Illustration
Venice_1509,262,1,Content Illustration
Venice_1509,262,2,Content Illustration
Venice_1509,262,3,Content Illustration
Venice_1509,262,4,Content Illustration
Venice_1509,263,1,Content Illustration
Venice_1509,263,2,Content Illustration
Venice_1509,263,3,Content Illustration
Venice_1509,264,1,Content Illustration
Venice_1509,264,2,Content Illustration
Venice_1509,265,1,Content Illustration
Venice_1509,265,2,Content Illustration
Venice_1509,265,3,Content Illustration
Venice_1509,266,1,Content Illustration
Venice_1509,266,2,Content Illustration
Venice_1509,266,3,Content Illustration
Venice_1509,267,1,Content Illustration
Venice_1509,267,2,Content Illustration
Venice_1509,267,3,Content Illustration
Venice_1509,268,1,Content Illustration
Venice_1509,268,2,Content Illustration
Venice_1509,269,1,Content Illustration
Venice_1509,269,2,Content Illustration
Venice_1509,26,1,Content Illustration
Venice_1509,26,2,Content Illustration
Venice_1509,26,3,Content Illustration
Venice_1509,26,4,Content Illustration
Venice_1509,26,5,Content Illustration
Venice_1509,26,6,Content Illustration
Venice_1509,26,7,Content Illustration
Venice_1509,270,1,Content Illustration
Venice_1509,270,2,Content Illustration
Venice_1509,271,1,Content Illustration
Venice_1509,271,2,Content Illustration
Venice_1509,272,1,Content Illustration
Venice_1509,272,2,Content Illustration
Venice_1509,273,1,Content Illustration
Venice_1509,273,2,Content Illustration
Venice_1509,273,3,Content Illustration
Venice_1509,273,4,Content Illustration
Venice_1509,274,1,Content Illustration
Venice_1509,274,2,Content Illustration
Venice_1509,274,3,Content Illustration
Venice_1509,274,4,Content Illustration
Venice_1509,274,5,Content Illustration
Venice_1509,274,6,Content Illustration
Venice_1509,274,7,Content Illustration
Venice_1509,275,1,Content Illustration
Venice_1509,276,1,Content Illustration
Venice_1509,276,2,Content Illustration
Venice_1509,276,3,Content Illustration
Venice_1509,277,1,Content Illustration
Venice_1509,277,2,Content Illustration
Venice_1509,277,3,Content Illustration
Venice_1509,278,1,Content Illustration
Venice_1509,278,2,Content Illustration
Venice_1509,278,3,Content Illustration
Venice_1509,279,1,Content Illustration
Venice_1509,279,2,Content Illustration
Venice_1509,27,1,Content Illustration
Venice_1509,27,2,Content Illustration
Venice_1509,280,1,Content Illustration
Venice_1509,280,2,Content Illustration
Venice_1509,280,3,Content Illustration
Venice_1509,281,1,Content Illustration
Venice_1509,281,2,Content Illustration
Venice_1509,282,1,Content Illustration
Venice_1509,282,2,Content Illustration
Venice_1509,282,3,Content Illustration
Venice_1509,283,1,Content Illustration
Venice_1509,283,2,Content Illustration
Venice_1509,283,3,Content Illustration
Venice_1509,283,4,Content Illustration
Venice_1509,283,5,Content Illustration
Venice_1509,284,1,Content Illustration
Venice_1509,284,2,Content Illustration
Venice_1509,286,1,Content Illustration
Venice_1509,286,2,Content Illustration
Venice_1509,286,3,Content Illustration
Venice_1509,287,1,Content Illustration
Venice_1509,287,2,Content Illustration
Venice_1509,287,3,Content Illustration
Venice_1509,287,4,Content Illustration
Venice_1509,289,1,Content Illustration
Venice_1509,289,2,Content Illustration
Venice_1509,289,3,Content Illustration
Venice_1509,289,4,Content Illustration
Venice_1509,289,5,Content Illustration
Venice_1509,28,1,Content Illustration
Venice_1509,28,2,Content Illustration
Venice_1509,28,3,Content Illustration
Venice_1509,28,4,Content Illustration
Venice_1509,291,1,Content Illustration
Venice_1509,291,2,Content Illustration
Venice_1509,292,1,Content Illustration
Venice_1509,292,2,Content Illustration
Venice_1509,294,1,Content Illustration
Venice_1509,295,1,Content Illustration
Venice_1509,295,2,Content Illustration
Venice_1509,295,3,Content Illustration
Venice_1509,296,1,Content Illustration
Venice_1509,297,1,Content Illustration
Venice_1509,299,1,Content Illustration
Venice_1509,29,1,Content Illustration
Venice_1509,29,2,Content Illustration
Venice_1509,29,3,Content Illustration
Venice_1509,300,1,Content Illustration
Venice_1509,300,2,Content Illustration
Venice_1509,301,1,Content Illustration
Venice_1509,301,2,Content Illustration
Venice_1509,302,1,Content Illustration
Venice_1509,303,1,Content Illustration
Venice_1509,304,1,Content Illustration
Venice_1509,305,1,Content Illustration
Venice_1509,305,2,Content Illustration
Venice_1509,305,3,Content Illustration
Venice_1509,306,1,Content Illustration
Venice_1509,306,2,Content Illustration
Venice_1509,307,1,Content Illustration
Venice_1509,307,2,Content Illustration
Venice_1509,307,3,Content Illustration
Venice_1509,307,4,Content Illustration
Venice_1509,308,1,Content Illustration
Venice_1509,308,2,Content Illustration
Venice_1509,309,1,Content Illustration
Venice_1509,309,2,Content Illustration
Venice_1509,30,1,Content Illustration
Venice_1509,30,2,Content Illustration
Venice_1509,30,3,Content Illustration
Venice_1509,30,4,Content Illustration
Venice_1509,311,1,Content Illustration
Venice_1509,313,1,Content Illustration
Venice_1509,315,1,Content Illustration
Venice_1509,317,1,Content Illustration
Venice_1509,317,2,Content Illustration
Venice_1509,318,1,Content Illustration
Venice_1509,319,1,Content Illustration
Venice_1509,319,2,Content Illustration
Venice_1509,319,3,Content Illustration
Venice_1509,319,4,Content Illustration
Venice_1509,31,1,Content Illustration
Venice_1509,31,2,Content Illustration
Venice_1509,31,3,Content Illustration
Venice_1509,31,4,Content Illustration
Venice_1509,31,5,Content Illustration
Venice_1509,320,1,Content Illustration
Venice_1509,320,2,Content Illustration
Venice_1509,321,1,Content Illustration
Venice_1509,321,2,Content Illustration
Venice_1509,323,1,Content Illustration
Venice_1509,323,2,Content Illustration
Venice_1509,324,1,Content Illustration
Venice_1509,324,2,Content Illustration
Venice_1509,324,3,Content Illustration
Venice_1509,325,1,Content Illustration
Venice_1509,325,2,Content Illustration
Venice_1509,325,3,Content Illustration
Venice_1509,327,1,Content Illustration
Venice_1509,328,1,Content Illustration
Venice_1509,328,2,Content Illustration
Venice_1509,329,1,Content Illustration
Venice_1509,32,1,Content Illustration
Venice_1509,32,2,Content Illustration
Venice_1509,32,3,Content Illustration
Venice_1509,32,4,Content Illustration
Venice_1509,331,1,Content Illustration
Venice_1509,331,2,Content Illustration
Venice_1509,332,1,Content Illustration
Venice_1509,332,2,Content Illustration
Venice_1509,332,3,Content Illustration
Venice_1509,332,4,Content Illustration
Venice_1509,332,5,Content Illustration
Venice_1509,332,6,Content Illustration
Venice_1509,332,7,Content Illustration
Venice_1509,333,1,Content Illustration
Venice_1509,333,2,Content Illustration
Venice_1509,334,1,Content Illustration
Venice_1509,334,2,Content Illustration
Venice_1509,335,1,Content Illustration
Venice_1509,33,1,Content Illustration
Venice_1509,33,2,Content Illustration
Venice_1509,33,3,Content Illustration
Venice_1509,34,1,Content Illustration
Venice_1509,34,2,Content Illustration
Venice_1509,34,3,Content Illustration
Venice_1509,35,1,Content Illustration
Venice_1509,35,2,Content Illustration
Venice_1509,35,3,Content Illustration
Venice_1509,35,4,Content Illustration
Venice_1509,36,1,Content Illustration
Venice_1509,36,2,Content Illustration
Venice_1509,36,3,Content Illustration
Venice_1509,36,4,Content Illustration
Venice_1509,36,5,Content Illustration
Venice_1509,36,6,Content Illustration
Venice_1509,37,1,Content Illustration
Venice_1509,37,2,Content Illustration
Venice_1509,38,1,Content Illustration
Venice_1509,38,2,Content Illustration
Venice_1509,38,3,Content Illustration
Venice_1509,38,4,Content Illustration
Venice_1509,39,1,Content Illustration
Venice_1509,39,2,Content Illustration
Venice_1509,39,3,Content Illustration
Venice_1509,3,1,Content Illustration
Venice_1509,40,1,Content Illustration
Venice_1509,40,2,Content Illustration
Venice_1509,40,3,Content Illustration
Venice_1509,40,4,Content Illustration
Venice_1509,41,1,Content Illustration
Venice_1509,41,2,Content Illustration
Venice_1509,41,3,Content Illustration
Venice_1509,41,4,Content Illustration
Venice_1509,41,5,Content Illustration
Venice_1509,42,1,Content Illustration
Venice_1509,42,2,Content Illustration
Venice_1509,42,3,Content Illustration
Venice_1509,42,4,Content Illustration
Venice_1509,43,1,Content Illustration
Venice_1509,43,2,Content Illustration
Venice_1509,44,1,Content Illustration
Venice_1509,44,2,Content Illustration
Venice_1509,44,3,Content Illustration
Venice_1509,45,1,Content Illustration
Venice_1509,45,2,Content Illustration
Venice_1509,45,3,Content Illustration
Venice_1509,46,1,Content Illustration
Venice_1509,46,2,Content Illustration
Venice_1509,47,1,Content Illustration
Venice_1509,47,2,Content Illustration
Venice_1509,48,1,Content Illustration
Venice_1509,48,2,Content Illustration
Venice_1509,48,3,Content Illustration
Venice_1509,48,4,Content Illustration
Venice_1509,49,1,Content Illustration
Venice_1509,49,2,Content Illustration
Venice_1509,49,3,Content Illustration
Venice_1509,49,4,Content Illustration
Venice_1509,50,1,Content Illustration
Venice_1509,50,2,Content Illustration
Venice_1509,51,1,Content Illustration
Venice_1509,51,2,Content Illustration
Venice_1509,52,1,Content Illustration
Venice_1509,53,1,Content Illustration
Venice_1509,53,2,Content Illustration
Venice_1509,53,3,Content Illustration
Venice_1509,53,4,Content Illustration
Venice_1509,53,5,Content Illustration
Venice_1509,54,1,Content Illustration
Venice_1509,54,2,Content Illustration
Venice_1509,54,3,Content Illustration
Venice_1509,54,4,Content Illustration
Venice_1509,54,5,Content Illustration
Venice_1509,55,1,Content Illustration
Venice_1509,55,2,Content Illustration
Venice_1509,55,3,Content Illustration
Venice_1509,56,1,Content Illustration
Venice_1509,56,2,Content Illustration
Venice_1509,56,3,Content Illustration
Venice_1509,57,1,Content Illustration
Venice_1509,57,2,Content Illustration
Venice_1509,57,3,Content Illustration
Venice_1509,58,1,Content Illustration
Venice_1509,58,2,Content Illustration
Venice_1509,58,3,Content Illustration
Venice_1509,58,4,Content Illustration
Venice_1509,59,1,Content Illustration
Venice_1509,59,2,Content Illustration
Venice_1509,59,3,Content Illustration
Venice_1509,60,1,Content Illustration
Venice_1509,60,2,Content Illustration
Venice_1509,61,1,Content Illustration
Venice_1509,61,2,Content Illustration
Venice_1509,61,3,Content Illustration
Venice_1509,61,4,Content Illustration
Venice_1509,62,1,Content Illustration
Venice_1509,62,2,Content Illustration
Venice_1509,62,3,Content Illustration
Venice_1509,62,4,Content Illustration
Venice_1509,63,1,Content Illustration
Venice_1509,63,2,Content Illustration
Venice_1509,63,3,Content Illustration
Venice_1509,63,4,Content Illustration
Venice_1509,64,1,Content Illustration
Venice_1509,64,2,Content Illustration
Venice_1509,64,3,Content Illustration
Venice_1509,64,4,Content Illustration
Venice_1509,64,5,Content Illustration
Venice_1509,64,6,Content Illustration
Venice_1509,65,1,Content Illustration
Venice_1509,65,2,Content Illustration
Venice_1509,65,3,Content Illustration
Venice_1509,65,4,Content Illustration
Venice_1509,65,5,Content Illustration
Venice_1509,66,1,Content Illustration
Venice_1509,66,2,Content Illustration
Venice_1509,66,3,Content Illustration
Venice_1509,66,4,Content Illustration
Venice_1509,66,5,Content Illustration
Venice_1509,67,1,Content Illustration
Venice_1509,67,2,Content Illustration
Venice_1509,67,3,Content Illustration
Venice_1509,67,4,Content Illustration
Venice_1509,67,5,Content Illustration
Venice_1509,68,1,Content Illustration
Venice_1509,68,2,Content Illustration
Venice_1509,68,3,Content Illustration
Venice_1509,68,4,Content Illustration
Venice_1509,69,1,Content Illustration
Venice_1509,69,2,Content Illustration
Venice_1509,69,3,Content Illustration
Venice_1509,69,4,Content Illustration
Venice_1509,70,1,Content Illustration
Venice_1509,70,2,Content Illustration
Venice_1509,70,3,Content Illustration
Venice_1509,70,4,Content Illustration
Venice_1509,71,1,Content Illustration
Venice_1509,71,2,Content Illustration
Venice_1509,71,3,Content Illustration
Venice_1509,71,4,Content Illustration
Venice_1509,71,5,Content Illustration
Venice_1509,71,6,Content Illustration
Venice_1509,72,1,Content Illustration
Venice_1509,72,2,Content Illustration
Venice_1509,72,3,Content Illustration
Venice_1509,73,1,Content Illustration
Venice_1509,73,2,Content Illustration
Venice_1509,73,3,Content Illustration
Venice_1509,74,1,Content Illustration
Venice_1509,74,2,Content Illustration
Venice_1509,74,3,Content Illustration
Venice_1509,74,4,Content Illustration
Venice_1509,75,1,Content Illustration
Venice_1509,75,2,Content Illustration
Venice_1509,75,3,Content Illustration
Venice_1509,75,4,Content Illustration
Venice_1509,76,1,Content Illustration
Venice_1509,76,2,Content Illustration
Venice_1509,76,3,Content Illustration
Venice_1509,77,1,Content Illustration
Venice_1509,78,1,Content Illustration
Venice_1509,78,2,Content Illustration
Venice_1509,79,1,Content Illustration
Venice_1509,79,2,Content Illustration
Venice_1509,80,1,Content Illustration
Venice_1509,81,1,Content Illustration
Venice_1509,81,2,Content Illustration
Venice_1509,88,1,Content Illustration
Venice_1509,88,2,Content Illustration
Venice_1509,93,1,Content Illustration
Venice_1509,94,1,Content Illustration
Venice_1509,94,2,Content Illustration
Venice_1509,95,1,Content Illustration
Venice_1509,95,2,Content Illustration
Venice_1509,95,3,Content Illustration
Venice_1509,95,4,Content Illustration
Venice_1509,96,1,Content Illustration
Venice_1509,98,1,Content Illustration
Paris_1516,100,1,Content Illustration
Paris_1516,100,2,Content Illustration
Paris_1516,100,3,Content Illustration
Paris_1516,101,1,Content Illustration
Paris_1516,101,2,Content Illustration
Paris_1516,101,3,Content Illustration
Paris_1516,102,1,Content Illustration
Paris_1516,102,2,Content Illustration
Paris_1516,102,3,Content Illustration
Paris_1516,102,4,Content Illustration
Paris_1516,103,1,Content Illustration
Paris_1516,103,2,Content Illustration
Paris_1516,103,3,Content Illustration
Paris_1516,103,4,Content Illustration
Paris_1516,103,5,Content Illustration
Paris_1516,104,1,Content Illustration
Paris_1516,104,2,Content Illustration
Paris_1516,104,3,Content Illustration
Paris_1516,105,1,Content Illustration
Paris_1516,105,2,Content Illustration
Paris_1516,105,3,Content Illustration
Paris_1516,105,4,Content Illustration
Paris_1516,106,1,Content Illustration
Paris_1516,106,2,Content Illustration
Paris_1516,106,3,Content Illustration
Paris_1516,107,1,Content Illustration
Paris_1516,107,2,Content Illustration
Paris_1516,107,3,Content Illustration
Paris_1516,107,4,Content Illustration
Paris_1516,107,5,Content Illustration
Paris_1516,108,1,Content Illustration
Paris_1516,108,2,Content Illustration
Paris_1516,109,1,Content Illustration
Paris_1516,109,2,Content Illustration
Paris_1516,109,3,Content Illustration
Paris_1516,110,1,Content Illustration
Paris_1516,110,2,Content Illustration
Paris_1516,111,1,Content Illustration
Paris_1516,111,2,Content Illustration
Paris_1516,111,3,Content Illustration
Paris_1516,112,1,Content Illustration
Paris_1516,112,2,Content Illustration
Paris_1516,113,1,Content Illustration
Paris_1516,113,2,Content Illustration
Paris_1516,114,1,Content Illustration
Paris_1516,114,2,Content Illustration
Paris_1516,114,3,Content Illustration
Paris_1516,115,1,Content Illustration
Paris_1516,115,2,Content Illustration
Paris_1516,11,1,Content Illustration
Paris_1516,11,10,Content Illustration
Paris_1516,11,11,Content Illustration
Paris_1516,11,12,Content Illustration
Paris_1516,11,13,Content Illustration
Paris_1516,11,14,Content Illustration
Paris_1516,11,15,Content Illustration
Paris_1516,11,2,Content Illustration
Paris_1516,11,3,Content Illustration
Paris_1516,11,4,Content Illustration
Paris_1516,11,5,Content Illustration
Paris_1516,11,6,Content Illustration
Paris_1516,11,7,Content Illustration
Paris_1516,11,8,Content Illustration
Paris_1516,11,9,Content Illustration
Paris_1516,120,1,Content Illustration
Paris_1516,122,1,Content Illustration
Paris_1516,122,2,Content Illustration
Paris_1516,129,1,Content Illustration
Paris_1516,12,1,Content Illustration
Paris_1516,12,2,Content Illustration
Paris_1516,12,3,Content Illustration
Paris_1516,12,4,Content Illustration
Paris_1516,12,5,Content Illustration
Paris_1516,12,6,Content Illustration
Paris_1516,12,7,Content Illustration
Paris_1516,12,8,Content Illustration
Paris_1516,130,1,Content Illustration
Paris_1516,130,2,Content Illustration
Paris_1516,132,1,Content Illustration
Paris_1516,133,1,Content Illustration
Paris_1516,133,2,Content Illustration
Paris_1516,134,1,Content Illustration
Paris_1516,136,1,Content Illustration
Paris_1516,136,2,Content Illustration
Paris_1516,136,3,Content Illustration
Paris_1516,137,1,Content Illustration
Paris_1516,13,1,Content Illustration
Paris_1516,13,2,Content Illustration
Paris_1516,140,1,Content Illustration
Paris_1516,140,2,Content Illustration
Paris_1516,141,1,Content Illustration
Paris_1516,142,1,Content Illustration
Paris_1516,144,1,Content Illustration
Paris_1516,144,2,Content Illustration
Paris_1516,145,1,Content Illustration
Paris_1516,146,1,Content Illustration
Paris_1516,146,2,Content Illustration
Paris_1516,149,1,Content Illustration
Paris_1516,14,1,Content Illustration
Paris_1516,14,2,Content Illustration
Paris_1516,14,3,Content Illustration
Paris_1516,151,1,Content Illustration
Paris_1516,151,2,Content Illustration
Paris_1516,152,1,Content Illustration
Paris_1516,152,2,Content Illustration
Paris_1516,154,1,Content Illustration
Paris_1516,154,2,Content Illustration
Paris_1516,155,1,Content Illustration
Paris_1516,155,2,Content Illustration
Paris_1516,155,3,Content Illustration
Paris_1516,155,4,Content Illustration
Paris_1516,155,5,Content Illustration
Paris_1516,156,1,Content Illustration
Paris_1516,157,1,Content Illustration
Paris_1516,157,2,Content Illustration
Paris_1516,158,1,Content Illustration
Paris_1516,158,2,Content Illustration
Paris_1516,159,1,Content Illustration
Paris_1516,159,2,Content Illustration
Paris_1516,159,3,Content Illustration
Paris_1516,15,1,Content Illustration
Paris_1516,15,2,Content Illustration
Paris_1516,15,3,Content Illustration
Paris_1516,160,1,Content Illustration
Paris_1516,160,2,Content Illustration
Paris_1516,160,3,Content Illustration
Paris_1516,161,1,Content Illustration
Paris_1516,161,2,Content Illustration
Paris_1516,161,3,Content Illustration
Paris_1516,162,1,Content Illustration
Paris_1516,162,2,Content Illustration
Paris_1516,162,3,Content Illustration
Paris_1516,163,1,Content Illustration
Paris_1516,163,2,Content Illustration
Paris_1516,164,1,Content Illustration
Paris_1516,164,2,Content Illustration
Paris_1516,164,3,Content Illustration
Paris_1516,165,1,Content Illustration
Paris_1516,165,2,Content Illustration
Paris_1516,165,3,Content Illustration
Paris_1516,165,4,Content Illustration
Paris_1516,165,5,Content Illustration
Paris_1516,166,1,Content Illustration
Paris_1516,166,2,Content Illustration
Paris_1516,166,3,Content Illustration
Paris_1516,167,1,Content Illustration
Paris_1516,167,2,Content Illustration
Paris_1516,167,3,Content Illustration
Paris_1516,168,1,Content Illustration
Paris_1516,168,2,Content Illustration
Paris_1516,168,3,Content Illustration
Paris_1516,168,4,Content Illustration
Paris_1516,168,5,Content Illustration
Paris_1516,169,1,Content Illustration
Paris_1516,169,2,Content Illustration
Paris_1516,169,3,Content Illustration
Paris_1516,169,4,Content Illustration
Paris_1516,169,5,Content Illustration
Paris_1516,16,1,Content Illustration
Paris_1516,16,2,Content Illustration
Paris_1516,170,1,Content Illustration
Paris_1516,170,2,Content Illustration
Paris_1516,170,3,Content Illustration
Paris_1516,171,1,Content Illustration
Paris_1516,171,2,Content Illustration
Paris_1516,171,3,Content Illustration
Paris_1516,172,1,Content Illustration
Paris_1516,172,2,Content Illustration
Paris_1516,172,3,Content Illustration
Paris_1516,173,1,Content Illustration
Paris_1516,173,2,Content Illustration
Paris_1516,174,1,Content Illustration
Paris_1516,174,2,Content Illustration
Paris_1516,174,3,Content Illustration
Paris_1516,174,4,Content Illustration
Paris_1516,175,1,Content Illustration
Paris_1516,175,2,Content Illustration
Paris_1516,175,3,Content Illustration
Paris_1516,176,1,Content Illustration
Paris_1516,176,2,Content Illustration
Paris_1516,176,3,Content Illustration
Paris_1516,177,1,Content Illustration
Paris_1516,177,2,Content Illustration
Paris_1516,177,3,Content Illustration
Paris_1516,178,1,Content Illustration
Paris_1516,178,2,Content Illustration
Paris_1516,179,1,Content Illustration
Paris_1516,179,2,Content Illustration
Paris_1516,179,3,Content Illustration
Paris_1516,17,1,Content Illustration
Paris_1516,17,2,Content Illustration
Paris_1516,180,1,Content Illustration
Paris_1516,180,2,Content Illustration
Paris_1516,180,3,Content Illustration
Paris_1516,180,4,Content Illustration
Paris_1516,180,5,Content Illustration
Paris_1516,180,6,Content Illustration
Paris_1516,181,1,Content Illustration
Paris_1516,181,2,Content Illustration
Paris_1516,181,3,Content Illustration
Paris_1516,181,4,Content Illustration
Paris_1516,181,5,Content Illustration
Paris_1516,182,1,Content Illustration
Paris_1516,182,2,Content Illustration
Paris_1516,182,3,Content Illustration
Paris_1516,183,1,Content Illustration
Paris_1516,183,2,Content Illustration
Paris_1516,183,3,Content Illustration
Paris_1516,183,4,Content Illustration
Paris_1516,183,5,Content Illustration
Paris_1516,184,1,Content Illustration
Paris_1516,184,2,Content Illustration
Paris_1516,184,3,Content Illustration
Paris_1516,185,1,Content Illustration
Paris_1516,185,2,Content Illustration
Paris_1516,186,1,Content Illustration
Paris_1516,186,2,Content Illustration
Paris_1516,186,3,Content Illustration
Paris_1516,186,4,Content Illustration
Paris_1516,186,5,Content Illustration
Paris_1516,187,1,Content Illustration
Paris_1516,187,2,Content Illustration
Paris_1516,187,3,Content Illustration
Paris_1516,187,4,Content Illustration
Paris_1516,18,1,Content Illustration
Paris_1516,18,2,Content Illustration
Paris_1516,18,3,Content Illustration
Paris_1516,18,4,Content Illustration
Paris_1516,19,1,Content Illustration
Paris_1516,19,2,Content Illustration
Paris_1516,19,3,Content Illustration
Paris_1516,19,4,Content Illustration
Paris_1516,204,1,Content Illustration
Paris_1516,204,2,Content Illustration
Paris_1516,20,1,Content Illustration
Paris_1516,20,2,Content Illustration
Paris_1516,20,3,Content Illustration
Paris_1516,20,4,Content Illustration
Paris_1516,21,1,Content Illustration
Paris_1516,21,2,Content Illustration
Paris_1516,21,3,Content Illustration
Paris_1516,225,1,Content Illustration
Paris_1516,226,1,Content Illustration
Paris_1516,22,1,Content Illustration
Paris_1516,22,2,Content Illustration
Paris_1516,22,3,Content Illustration
Paris_1516,230,1,Content Illustration
Paris_1516,234,1,Content Illustration
Paris_1516,23,1,Content Illustration
Paris_1516,23,2,Content Illustration
Paris_1516,23,3,Content Illustration
Paris_1516,240,1,Content Illustration
Paris_1516,245,1,Content Illustration
Paris_1516,246,1,Content Illustration
Paris_1516,246,2,Content Illustration
Paris_1516,246,3,Content Illustration
Paris_1516,24,1,Content Illustration
Paris_1516,24,2,Content Illustration
Paris_1516,24,3,Content Illustration
Paris_1516,24,4,Content Illustration
Paris_1516,25,1,Content Illustration
Paris_1516,25,2,Content Illustration
Paris_1516,25,3,Content Illustration
Paris_1516,25,4,Content Illustration
Paris_1516,25,5,Content Illustration
Paris_1516,260,1,Content Illustration
Paris_1516,260,2,Content Illustration
Paris_1516,260,3,Content Illustration
Paris_1516,265,1,Content Illustration
Paris_1516,266,1,Content Illustration
Paris_1516,26,1,Content Illustration
Paris_1516,26,2,Content Illustration
Paris_1516,26,3,Content Illustration
Paris_1516,271,1,Content Illustration
Paris_1516,273,1,Content Illustration
Paris_1516,273,2,Content Illustration
Paris_1516,273,3,Content Illustration
Paris_1516,275,1,Content Illustration
Paris_1516,275,2,Content Illustration
Paris_1516,275,3,Content Illustration
Paris_1516,276,1,Content Illustration
Paris_1516,278,1,Content Illustration
Paris_1516,27,1,Content Illustration
Paris_1516,27,2,Content Illustration
Paris_1516,27,3,Content Illustration
Paris_1516,282,1,Content Illustration
Paris_1516,282,2,Content Illustration
Paris_1516,282,3,Content Illustration
Paris_1516,284,1,Content Illustration
Paris_1516,284,2,Content Illustration
Paris_1516,285,1,Content Illustration
Paris_1516,285,2,Content Illustration
Paris_1516,286,1,Content Illustration
Paris_1516,286,2,Content Illustration
Paris_1516,287,1,Content Illustration
Paris_1516,287,2,Content Illustration
Paris_1516,288,1,Content Illustration
Paris_1516,288,2,Content Illustration
Paris_1516,288,3,Content Illustration
Paris_1516,288,4,Content Illustration
Paris_1516,289,1,Content Illustration
Paris_1516,289,2,Content Illustration
Paris_1516,289,3,Content Illustration
Paris_1516,28,1,Content Illustration
Paris_1516,28,2,Content Illustration
Paris_1516,28,3,Content Illustration
Paris_1516,28,4,Content Illustration
Paris_1516,290,1,Content Illustration
Paris_1516,290,2,Content Illustration
Paris_1516,290,3,Content Illustration
Paris_1516,291,1,Content Illustration
Paris_1516,291,2,Content Illustration
Paris_1516,291,3,Content Illustration
Paris_1516,292,1,Content Illustration
Paris_1516,292,2,Content Illustration
Paris_1516,293,1,Content Illustration
Paris_1516,293,2,Content Illustration
Paris_1516,294,1,Content Illustration
Paris_1516,294,2,Content Illustration
Paris_1516,294,3,Content Illustration
Paris_1516,295,1,Content Illustration
Paris_1516,295,2,Content Illustration
Paris_1516,295,3,Content Illustration
Paris_1516,295,4,Content Illustration
Paris_1516,295,5,Content Illustration
Paris_1516,296,1,Content Illustration
Paris_1516,296,2,Content Illustration
Paris_1516,296,3,Content Illustration
Paris_1516,296,4,Content Illustration
Paris_1516,296,5,Content Illustration
Paris_1516,298,1,Content Illustration
Paris_1516,299,1,Content Illustration
Paris_1516,29,1,Content Illustration
Paris_1516,29,2,Content Illustration
Paris_1516,29,3,Content Illustration
Paris_1516,300,1,Content Illustration
Paris_1516,302,1,Content Illustration
Paris_1516,302,2,Content Illustration
Paris_1516,303,1,Content Illustration
Paris_1516,303,2,Content Illustration
Paris_1516,304,1,Content Illustration
Paris_1516,304,2,Content Illustration
Paris_1516,304,3,Content Illustration
Paris_1516,305,1,Content Illustration
Paris_1516,306,1,Content Illustration
Paris_1516,307,1,Content Illustration
Paris_1516,307,2,Content Illustration
Paris_1516,308,1,Content Illustration
Paris_1516,308,2,Content Illustration
Paris_1516,309,1,Content Illustration
Paris_1516,309,2,Content Illustration
Paris_1516,30,1,Content Illustration
Paris_1516,30,2,Content Illustration
Paris_1516,30,3,Content Illustration
Paris_1516,310,1,Content Illustration
Paris_1516,310,2,Content Illustration
Paris_1516,310,3,Content Illustration
Paris_1516,311,1,Content Illustration
Paris_1516,312,1,Content Illustration
Paris_1516,312,2,Content Illustration
Paris_1516,312,3,Content Illustration
Paris_1516,313,1,Content Illustration
Paris_1516,313,2,Content Illustration
Paris_1516,315,1,Content Illustration
Paris_1516,316,1,Content Illustration
Paris_1516,317,1,Content Illustration
Paris_1516,317,2,Content Illustration
Paris_1516,318,1,Content Illustration
Paris_1516,318,2,Content Illustration
Paris_1516,318,3,Content Illustration
Paris_1516,319,1,Content Illustration
Paris_1516,319,2,Content Illustration
Paris_1516,31,1,Content Illustration
Paris_1516,31,2,Content Illustration
Paris_1516,31,3,Content Illustration
Paris_1516,31,4,Content Illustration
Paris_1516,320,1,Content Illustration
Paris_1516,320,2,Content Illustration
Paris_1516,320,3,Content Illustration
Paris_1516,320,4,Content Illustration
Paris_1516,320,5,Content Illustration
Paris_1516,320,6,Content Illustration
Paris_1516,320,7,Content Illustration
Paris_1516,320,8,Content Illustration
Paris_1516,321,1,Content Illustration
Paris_1516,321,2,Content Illustration
Paris_1516,322,1,Content Illustration
Paris_1516,322,2,Content Illustration
Paris_1516,322,3,Content Illustration
Paris_1516,323,1,Content Illustration
Paris_1516,323,2,Content Illustration
Paris_1516,323,3,Content Illustration
Paris_1516,323,4,Content Illustration
Paris_1516,323,5,Content Illustration
Paris_1516,323,6,Content Illustration
Paris_1516,324,1,Content Illustration
Paris_1516,324,2,Content Illustration
Paris_1516,324,3,Content Illustration
Paris_1516,324,4,Content Illustration
Paris_1516,324,5,Content Illustration
Paris_1516,324,6,Content Illustration
Paris_1516,325,1,Content Illustration
Paris_1516,325,2,Content Illustration
Paris_1516,325,3,Content Illustration
Paris_1516,325,4,Content Illustration
Paris_1516,325,5,Content Illustration
Paris_1516,325,6,Content Illustration
Paris_1516,326,1,Content Illustration
Paris_1516,326,2,Content Illustration
Paris_1516,326,3,Content Illustration
Paris_1516,326,4,Content Illustration
Paris_1516,326,5,Content Illustration
Paris_1516,326,6,Content Illustration
Paris_1516,327,1,Content Illustration
Paris_1516,327,2,Content Illustration
Paris_1516,328,1,Content Illustration
Paris_1516,328,2,Content Illustration
Paris_1516,328,3,Content Illustration
Paris_1516,328,4,Content Illustration
Paris_1516,329,1,Content Illustration
Paris_1516,329,2,Content Illustration
Paris_1516,329,3,Content Illustration
Paris_1516,329,4,Content Illustration
Paris_1516,329,5,Content Illustration
Paris_1516,32,1,Content Illustration
Paris_1516,32,2,Content Illustration
Paris_1516,32,3,Content Illustration
Paris_1516,330,1,Content Illustration
Paris_1516,330,2,Content Illustration
Paris_1516,330,3,Content Illustration
Paris_1516,330,4,Content Illustration
Paris_1516,330,5,Content Illustration
Paris_1516,330,6,Content Illustration
Paris_1516,331,1,Content Illustration
Paris_1516,331,2,Content Illustration
Paris_1516,331,3,Content Illustration
Paris_1516,331,4,Content Illustration
Paris_1516,333,1,Content Illustration
Paris_1516,333,2,Content Illustration
Paris_1516,333,3,Content Illustration
Paris_1516,333,4,Content Illustration
Paris_1516,333,5,Content Illustration
Paris_1516,334,1,Content Illustration
Paris_1516,334,2,Content Illustration
Paris_1516,334,3,Content Illustration
Paris_1516,334,4,Content Illustration
Paris_1516,335,1,Content Illustration
Paris_1516,335,2,Content Illustration
Paris_1516,335,3,Content Illustration
Paris_1516,335,4,Content Illustration
Paris_1516,336,1,Content Illustration
Paris_1516,336,2,Content Illustration
Paris_1516,336,3,Content Illustration
Paris_1516,336,4,Content Illustration
Paris_1516,337,1,Content Illustration
Paris_1516,337,2,Content Illustration
Paris_1516,337,3,Content Illustration
Paris_1516,337,4,Content Illustration
Paris_1516,337,5,Content Illustration
Paris_1516,337,6,Content Illustration
Paris_1516,338,1,Content Illustration
Paris_1516,338,2,Content Illustration
Paris_1516,339,1,Content Illustration
Paris_1516,33,1,Content Illustration
Paris_1516,33,2,Content Illustration
Paris_1516,33,3,Content Illustration
Paris_1516,340,1,Content Illustration
Paris_1516,340,2,Content Illustration
Paris_1516,340,3,Content Illustration
Paris_1516,341,1,Content Illustration
Paris_1516,343,1,Content Illustration
Paris_1516,344,1,Content Illustration
Paris_1516,345,1,Content Illustration
Paris_1516,345,2,Content Illustration
Paris_1516,347,1,Content Illustration
Paris_1516,349,1,Content Illustration
Paris_1516,349,2,Content Illustration
Paris_1516,34,1,Content Illustration
Paris_1516,34,2,Content Illustration
Paris_1516,34,3,Content Illustration
Paris_1516,34,4,Content Illustration
Paris_1516,351,1,Content Illustration
Paris_1516,351,2,Content Illustration
Paris_1516,351,3,Content Illustration
Paris_1516,352,1,Content Illustration
Paris_1516,352,2,Content Illustration
Paris_1516,353,1,Content Illustration
Paris_1516,353,2,Content Illustration
Paris_1516,353,3,Content Illustration
Paris_1516,354,1,Content Illustration
Paris_1516,354,2,Content Illustration
Paris_1516,354,3,Content Illustration
Paris_1516,355,1,Content Illustration
Paris_1516,355,2,Content Illustration
Paris_1516,355,3,Content Illustration
Paris_1516,356,1,Content Illustration
Paris_1516,356,2,Content Illustration
Paris_1516,357,1,Content Illustration
Paris_1516,357,2,Content Illustration
Paris_1516,357,3,Content Illustration
Paris_1516,357,4,Content Illustration
Paris_1516,358,1,Content Illustration
Paris_1516,358,2,Content Illustration
Paris_1516,359,1,Content Illustration
Paris_1516,359,2,Content Illustration
Paris_1516,359,3,Content Illustration
Paris_1516,35,1,Content Illustration
Paris_1516,35,2,Content Illustration
Paris_1516,35,3,Content Illustration
Paris_1516,35,4,Content Illustration
Paris_1516,35,5,Content Illustration
Paris_1516,35,6,Content Illustration
Paris_1516,360,1,Content Illustration
Paris_1516,361,1,Content Illustration
Paris_1516,361,2,Content Illustration
Paris_1516,362,1,Content Illustration
Paris_1516,362,2,Content Illustration
Paris_1516,362,3,Content Illustration
Paris_1516,363,1,Content Illustration
Paris_1516,363,2,Content Illustration
Paris_1516,364,1,Content Illustration
Paris_1516,365,1,Content Illustration
Paris_1516,365,2,Content Illustration
Paris_1516,365,3,Content Illustration
Paris_1516,366,1,Content Illustration
Paris_1516,366,2,Content Illustration
Paris_1516,366,3,Content Illustration
Paris_1516,367,1,Content Illustration
Paris_1516,367,2,Content Illustration
Paris_1516,367,3,Content Illustration
Paris_1516,367,4,Content Illustration
Paris_1516,368,1,Content Illustration
Paris_1516,368,2,Content Illustration
Paris_1516,369,1,Content Illustration
Paris_1516,369,2,Content Illustration
Paris_1516,369,3,Content Illustration
Paris_1516,369,4,Content Illustration
Paris_1516,36,1,Content Illustration
Paris_1516,36,2,Content Illustration
Paris_1516,36,3,Content Illustration
Paris_1516,370,1,Content Illustration
Paris_1516,370,2,Content Illustration
Paris_1516,370,3,Content Illustration
Paris_1516,371,1,Content Illustration
Paris_1516,371,2,Content Illustration
Paris_1516,371,3,Content Illustration
Paris_1516,373,1,Content Illustration
Paris_1516,377,1,Content Illustration
Paris_1516,377,2,Content Illustration
Paris_1516,377,3,Content Illustration
Paris_1516,377,4,Content Illustration
Paris_1516,378,1,Content Illustration
Paris_1516,378,2,Content Illustration
Paris_1516,378,3,Content Illustration
Paris_1516,378,4,Content Illustration
Paris_1516,379,1,Content Illustration
Paris_1516,379,2,Content Illustration
Paris_1516,379,3,Content Illustration
Paris_1516,37,1,Content Illustration
Paris_1516,37,2,Content Illustration
Paris_1516,37,3,Content Illustration
Paris_1516,380,1,Content Illustration
Paris_1516,380,2,Content Illustration
Paris_1516,381,1,Content Illustration
Paris_1516,381,2,Content Illustration
Paris_1516,382,1,Content Illustration
Paris_1516,384,1,Content Illustration
Paris_1516,384,2,Content Illustration
Paris_1516,384,3,Content Illustration
Paris_1516,384,4,Content Illustration
Paris_1516,385,1,Content Illustration
Paris_1516,385,2,Content Illustration
Paris_1516,385,3,Content Illustration
Paris_1516,385,4,Content Illustration
Paris_1516,386,1,Content Illustration
Paris_1516,386,2,Content Illustration
Paris_1516,386,3,Content Illustration
Paris_1516,387,1,Content Illustration
Paris_1516,387,2,Content Illustration
Paris_1516,387,3,Content Illustration
Paris_1516,388,1,Content Illustration
Paris_1516,388,2,Content Illustration
Paris_1516,388,3,Content Illustration
Paris_1516,389,1,Content Illustration
Paris_1516,389,2,Content Illustration
Paris_1516,389,3,Content Illustration
Paris_1516,389,4,Content Illustration
Paris_1516,38,1,Content Illustration
Paris_1516,38,2,Content Illustration
Paris_1516,38,3,Content Illustration
Paris_1516,38,4,Content Illustration
Paris_1516,38,5,Content Illustration
Paris_1516,38,6,Content Illustration
Paris_1516,390,1,Content Illustration
Paris_1516,390,2,Content Illustration
Paris_1516,390,3,Content Illustration
Paris_1516,391,1,Content Illustration
Paris_1516,392,1,Content Illustration
Paris_1516,393,1,Content Illustration
Paris_1516,393,2,Content Illustration
Paris_1516,393,3,Content Illustration
Paris_1516,394,1,Content Illustration
Paris_1516,395,1,Content Illustration
Paris_1516,395,2,Content Illustration
Paris_1516,396,1,Content Illustration
Paris_1516,396,2,Content Illustration
Paris_1516,397,1,Content Illustration
Paris_1516,397,2,Content Illustration
Paris_1516,397,3,Content Illustration
Paris_1516,398,1,Content Illustration
Paris_1516,398,2,Content Illustration
Paris_1516,398,3,Content Illustration
Paris_1516,399,1,Content Illustration
Paris_1516,399,2,Content Illustration
Paris_1516,399,3,Content Illustration
Paris_1516,399,4,Content Illustration
Paris_1516,399,5,Content Illustration
Paris_1516,39,1,Content Illustration
Paris_1516,39,2,Content Illustration
Paris_1516,39,3,Content Illustration
Paris_1516,39,4,Content Illustration
Paris_1516,39,5,Content Illustration
Paris_1516,400,1,Content Illustration
Paris_1516,400,2,Content Illustration
Paris_1516,400,3,Content Illustration
Paris_1516,401,1,Content Illustration
Paris_1516,401,2,Content Illustration
Paris_1516,401,3,Content Illustration
Paris_1516,401,4,Content Illustration
Paris_1516,401,5,Content Illustration
Paris_1516,401,6,Content Illustration
Paris_1516,402,1,Content Illustration
Paris_1516,402,2,Content Illustration
Paris_1516,402,3,Content Illustration
Paris_1516,402,4,Content Illustration
Paris_1516,402,5,Content Illustration
Paris_1516,403,1,Content Illustration
Paris_1516,403,2,Content Illustration
Paris_1516,403,3,Content Illustration
Paris_1516,404,1,Content Illustration
Paris_1516,404,2,Content Illustration
Paris_1516,405,1,Content Illustration
Paris_1516,405,2,Content Illustration
Paris_1516,406,1,Content Illustration
Paris_1516,406,2,Content Illustration
Paris_1516,407,1,Content Illustration
Paris_1516,407,2,Content Illustration
Paris_1516,407,3,Content Illustration
Paris_1516,407,4,Content Illustration
Paris_1516,408,1,Content Illustration
Paris_1516,408,2,Content Illustration
Paris_1516,409,1,Content Illustration
Paris_1516,409,2,Content Illustration
Paris_1516,40,1,Content Illustration
Paris_1516,40,2,Content Illustration
Paris_1516,40,3,Content Illustration
Paris_1516,40,4,Content Illustration
Paris_1516,410,1,Content Illustration
Paris_1516,410,2,Content Illustration
Paris_1516,411,1,Content Illustration
Paris_1516,411,2,Content Illustration
Paris_1516,411,3,Content Illustration
Paris_1516,411,4,Content Illustration
Paris_1516,411,5,Content Illustration
Paris_1516,412,1,Content Illustration
Paris_1516,412,2,Content Illustration
Paris_1516,413,1,Content Illustration
Paris_1516,413,2,Content Illustration
Paris_1516,414,1,Content Illustration
Paris_1516,414,2,Content Illustration
Paris_1516,415,1,Content Illustration
Paris_1516,415,2,Content Illustration
Paris_1516,415,3,Content Illustration
Paris_1516,415,4,Content Illustration
Paris_1516,416,1,Content Illustration
Paris_1516,416,2,Content Illustration
Paris_1516,416,3,Content Illustration
Paris_1516,417,1,Content Illustration
Paris_1516,417,2,Content Illustration
Paris_1516,417,3,Content Illustration
Paris_1516,418,1,Content Illustration
Paris_1516,419,1,Content Illustration
Paris_1516,419,2,Content Illustration
Paris_1516,419,3,Content Illustration
Paris_1516,41,1,Content Illustration
Paris_1516,41,2,Content Illustration
Paris_1516,41,3,Content Illustration
Paris_1516,41,4,Content Illustration
Paris_1516,41,5,Content Illustration
Paris_1516,420,1,Content Illustration
Paris_1516,420,2,Content Illustration
Paris_1516,420,3,Content Illustration
Paris_1516,420,4,Content Illustration
Paris_1516,420,5,Content Illustration
Paris_1516,420,6,Content Illustration
Paris_1516,420,7,Content Illustration
Paris_1516,420,8,Content Illustration
Paris_1516,420,9,Content Illustration
Paris_1516,421,1,Content Illustration
Paris_1516,421,2,Content Illustration
Paris_1516,422,1,Content Illustration
Paris_1516,422,2,Content Illustration
Paris_1516,422,3,Content Illustration
Paris_1516,423,1,Content Illustration
Paris_1516,423,2,Content Illustration
Paris_1516,423,3,Content Illustration
Paris_1516,424,1,Content Illustration
Paris_1516,424,2,Content Illustration
Paris_1516,424,3,Content Illustration
Paris_1516,425,1,Content Illustration
Paris_1516,425,2,Content Illustration
Paris_1516,425,3,Content Illustration
Paris_1516,426,1,Content Illustration
Paris_1516,426,2,Content Illustration
Paris_1516,427,1,Content Illustration
Paris_1516,427,2,Content Illustration
Paris_1516,427,3,Content Illustration
Paris_1516,429,1,Content Illustration
Paris_1516,42,1,Content Illustration
Paris_1516,42,2,Content Illustration
Paris_1516,42,3,Content Illustration
Paris_1516,430,1,Content Illustration
Paris_1516,430,2,Content Illustration
Paris_1516,431,1,Content Illustration
Paris_1516,431,2,Content Illustration
Paris_1516,431,3,Content Illustration
Paris_1516,431,4,Content Illustration
Paris_1516,431,5,Content Illustration
Paris_1516,432,1,Content Illustration
Paris_1516,432,2,Content Illustration
Paris_1516,433,1,Content Illustration
Paris_1516,434,1,Content Illustration
Paris_1516,434,2,Content Illustration
Paris_1516,435,1,Content Illustration
Paris_1516,435,2,Content Illustration
Paris_1516,435,3,Content Illustration
Paris_1516,436,1,Content Illustration
Paris_1516,436,2,Content Illustration
Paris_1516,436,3,Content Illustration
Paris_1516,438,1,Content Illustration
Paris_1516,438,2,Content Illustration
Paris_1516,438,3,Content Illustration
Paris_1516,439,1,Content Illustration
Paris_1516,439,2,Content Illustration
Paris_1516,439,3,Content Illustration
Paris_1516,43,1,Content Illustration
Paris_1516,43,2,Content Illustration
Paris_1516,43,3,Content Illustration
Paris_1516,440,1,Content Illustration
Paris_1516,441,1,Content Illustration
Paris_1516,441,2,Content Illustration
Paris_1516,441,3,Content Illustration
Paris_1516,441,4,Content Illustration
Paris_1516,441,5,Content Illustration
Paris_1516,443,1,Content Illustration
Paris_1516,443,2,Content Illustration
Paris_1516,444,1,Content Illustration
Paris_1516,444,2,Content Illustration
Paris_1516,444,3,Content Illustration
Paris_1516,445,1,Content Illustration
Paris_1516,445,2,Content Illustration
Paris_1516,445,3,Content Illustration
Paris_1516,446,1,Content Illustration
Paris_1516,446,2,Content Illustration
Paris_1516,446,3,Content Illustration
Paris_1516,447,1,Content Illustration
Paris_1516,447,2,Content Illustration
Paris_1516,447,3,Content Illustration
Paris_1516,448,1,Content Illustration
Paris_1516,449,1,Content Illustration
Paris_1516,449,2,Content Illustration
Paris_1516,449,3,Content Illustration
Paris_1516,449,4,Content Illustration
Paris_1516,44,1,Content Illustration
Paris_1516,44,2,Content Illustration
Paris_1516,44,3,Content Illustration
Paris_1516,44,4,Content Illustration
Paris_1516,450,1,Content Illustration
Paris_1516,450,2,Content Illustration
Paris_1516,451,1,Content Illustration
Paris_1516,451,2,Content Illustration
Paris_1516,452,1,Content Illustration
Paris_1516,452,2,Content Illustration
Paris_1516,453,1,Content Illustration
Paris_1516,454,1,Content Illustration
Paris_1516,455,1,Content Illustration
Paris_1516,455,2,Content Illustration
Paris_1516,456,1,Content Illustration
Paris_1516,456,2,Content Illustration
Paris_1516,456,3,Content Illustration
Paris_1516,457,1,Content Illustration
Paris_1516,457,2,Content Illustration
Paris_1516,457,3,Content Illustration
Paris_1516,458,1,Content Illustration
Paris_1516,459,1,Content Illustration
Paris_1516,459,2,Content Illustration
Paris_1516,45,1,Content Illustration
Paris_1516,45,2,Content Illustration
Paris_1516,45,3,Content Illustration
Paris_1516,45,4,Content Illustration
Paris_1516,460,1,Content Illustration
Paris_1516,460,2,Content Illustration
Paris_1516,461,1,Content Illustration
Paris_1516,461,2,Content Illustration
Paris_1516,462,1,Content Illustration
Paris_1516,462,2,Content Illustration
Paris_1516,464,1,Content Illustration
Paris_1516,465,1,Content Illustration
Paris_1516,466,1,Content Illustration
Paris_1516,466,2,Content Illustration
Paris_1516,467,1,Content Illustration
Paris_1516,467,2,Content Illustration
Paris_1516,468,1,Content Illustration
Paris_1516,469,1,Content Illustration
Paris_1516,469,2,Content Illustration
Paris_1516,46,1,Content Illustration
Paris_1516,46,2,Content Illustration
Paris_1516,470,1,Content Illustration
Paris_1516,471,1,Content Illustration
Paris_1516,471,2,Content Illustration
Paris_1516,471,3,Content Illustration
Paris_1516,472,1,Content Illustration
Paris_1516,472,2,Content Illustration
Paris_1516,473,1,Content Illustration
Paris_1516,473,2,Content Illustration
Paris_1516,474,1,Content Illustration
Paris_1516,474,2,Content Illustration
Paris_1516,475,1,Content Illustration
Paris_1516,475,2,Content Illustration
Paris_1516,475,3,Content Illustration
Paris_1516,476,1,Content Illustration
Paris_1516,476,2,Content Illustration
Paris_1516,477,1,Content Illustration
Paris_1516,477,2,Content Illustration
Paris_1516,477,3,Content Illustration
Paris_1516,478,1,Content Illustration
Paris_1516,478,2,Content Illustration
Paris_1516,478,3,Content Illustration
Paris_1516,478,4,Content Illustration
Paris_1516,479,1,Content Illustration
Paris_1516,479,2,Content Illustration
Paris_1516,479,3,Content Illustration
Paris_1516,479,4,Content Illustration
Paris_1516,47,1,Content Illustration
Paris_1516,47,2,Content Illustration
Paris_1516,47,3,Content Illustration
Paris_1516,480,1,Content Illustration
Paris_1516,480,2,Content Illustration
Paris_1516,480,3,Content Illustration
Paris_1516,480,4,Content Illustration
Paris_1516,481,1,Content Illustration
Paris_1516,481,2,Content Illustration
Paris_1516,482,1,Content Illustration
Paris_1516,482,2,Content Illustration
Paris_1516,483,1,Content Illustration
Paris_1516,483,2,Content Illustration
Paris_1516,484,1,Content Illustration
Paris_1516,485,1,Content Illustration
Paris_1516,486,1,Content Illustration
Paris_1516,487,1,Content Illustration
Paris_1516,488,1,Content Illustration
Paris_1516,489,1,Content Illustration
Paris_1516,489,2,Content Illustration
Paris_1516,48,1,Content Illustration
Paris_1516,490,1,Content Illustration
Paris_1516,491,1,Content Illustration
Paris_1516,491,2,Content Illustration
Paris_1516,492,1,Content Illustration
Paris_1516,494,1,Content Illustration
Paris_1516,494,2,Content Illustration
Paris_1516,495,1,Content Illustration
Paris_1516,495,2,Content Illustration
Paris_1516,495,3,Content Illustration
Paris_1516,495,4,Content Illustration
Paris_1516,496,1,Content Illustration
Paris_1516,496,2,Content Illustration
Paris_1516,497,1,Content Illustration
Paris_1516,497,2,Content Illustration
Paris_1516,497,3,Content Illustration
Paris_1516,498,1,Content Illustration
Paris_1516,499,1,Content Illustration
Paris_1516,499,2,Content Illustration
Paris_1516,49,1,Content Illustration
Paris_1516,49,2,Content Illustration
Paris_1516,49,3,Content Illustration
Paris_1516,49,4,Content Illustration
Paris_1516,500,1,Content Illustration
Paris_1516,501,1,Content Illustration
Paris_1516,502,1,Content Illustration
Paris_1516,503,1,Content Illustration
Paris_1516,503,2,Content Illustration
Paris_1516,504,1,Content Illustration
Paris_1516,504,2,Content Illustration
Paris_1516,505,1,Content Illustration
Paris_1516,505,2,Content Illustration
Paris_1516,505,3,Content Illustration
Paris_1516,505,4,Content Illustration
Paris_1516,506,1,Content Illustration
Paris_1516,506,2,Content Illustration
Paris_1516,506,3,Content Illustration
Paris_1516,507,1,Content Illustration
Paris_1516,508,1,Content Illustration
Paris_1516,509,1,Content Illustration
Paris_1516,509,2,Content Illustration
Paris_1516,509,3,Content Illustration
Paris_1516,509,4,Content Illustration
Paris_1516,50,1,Content Illustration
Paris_1516,50,2,Content Illustration
Paris_1516,50,3,Content Illustration
Paris_1516,50,4,Content Illustration
Paris_1516,510,1,Content Illustration
Paris_1516,510,2,Content Illustration
Paris_1516,510,3,Content Illustration
Paris_1516,511,1,Content Illustration
Paris_1516,511,2,Content Illustration
Paris_1516,511,3,Content Illustration
Paris_1516,511,4,Content Illustration
Paris_1516,512,1,Content Illustration
Paris_1516,513,1,Content Illustration
Paris_1516,514,1,Content Illustration
Paris_1516,514,2,Content Illustration
Paris_1516,515,1,Content Illustration
Paris_1516,51,1,Content Illustration
Paris_1516,51,2,Content Illustration
Paris_1516,521,1,Content Illustration
Paris_1516,521,2,Content Illustration
Paris_1516,521,3,Content Illustration
Paris_1516,521,4,Content Illustration
Paris_1516,522,1,Content Illustration
Paris_1516,523,1,Content Illustration
Paris_1516,523,2,Content Illustration
Paris_1516,523,3,Content Illustration
Paris_1516,524,1,Content Illustration
Paris_1516,524,2,Content Illustration
Paris_1516,525,1,Content Illustration
Paris_1516,52,1,Content Illustration
Paris_1516,53,1,Content Illustration
Paris_1516,53,2,Content Illustration
Paris_1516,54,1,Content Illustration
Paris_1516,54,2,Content Illustration
Paris_1516,54,3,Content Illustration
Paris_1516,55,1,Content Illustration
Paris_1516,55,2,Content Illustration
Paris_1516,55,3,Content Illustration
Paris_1516,56,1,Content Illustration
Paris_1516,56,2,Content Illustration
Paris_1516,57,1,Content Illustration
Paris_1516,58,1,Content Illustration
Paris_1516,58,2,Content Illustration
Paris_1516,59,1,Content Illustration
Paris_1516,59,2,Content Illustration
Paris_1516,59,3,Content Illustration
Paris_1516,60,1,Content Illustration
Paris_1516,60,2,Content Illustration
Paris_1516,61,1,Content Illustration
Paris_1516,61,2,Content Illustration
Paris_1516,62,1,Content Illustration
Paris_1516,62,2,Content Illustration
Paris_1516,63,1,Content Illustration
Paris_1516,63,2,Content Illustration
Paris_1516,63,3,Content Illustration
Paris_1516,63,4,Content Illustration
Paris_1516,64,1,Content Illustration
Paris_1516,64,10,Content Illustration
Paris_1516,64,2,Content Illustration
Paris_1516,64,3,Content Illustration
Paris_1516,64,4,Content Illustration
Paris_1516,64,5,Content Illustration
Paris_1516,64,6,Content Illustration
Paris_1516,64,7,Content Illustration
Paris_1516,64,8,Content Illustration
Paris_1516,64,9,Content Illustration
Paris_1516,65,1,Content Illustration
Paris_1516,65,2,Content Illustration
Paris_1516,65,3,Content Illustration
Paris_1516,65,4,Content Illustration
Paris_1516,65,5,Content Illustration
Paris_1516,65,6,Content Illustration
Paris_1516,65,7,Content Illustration
Paris_1516,65,8,Content Illustration
Paris_1516,66,1,Content Illustration
Paris_1516,66,2,Content Illustration
Paris_1516,66,3,Content Illustration
Paris_1516,67,1,Content Illustration
Paris_1516,67,2,Content Illustration
Paris_1516,67,3,Content Illustration
Paris_1516,68,1,Content Illustration
Paris_1516,68,2,Content Illustration
Paris_1516,68,3,Content Illustration
Paris_1516,68,4,Content Illustration
Paris_1516,69,1,Content Illustration
Paris_1516,69,2,Content Illustration
Paris_1516,69,3,Content Illustration
Paris_1516,70,1,Content Illustration
Paris_1516,71,1,Content Illustration
Paris_1516,71,2,Content Illustration
Paris_1516,72,1,Content Illustration
Paris_1516,72,2,Content Illustration
Paris_1516,73,1,Content Illustration
Paris_1516,73,2,Content Illustration
Paris_1516,73,3,Content Illustration
Paris_1516,73,4,Content Illustration
Paris_1516,74,1,Content Illustration
Paris_1516,74,2,Content Illustration
Paris_1516,74,3,Content Illustration
Paris_1516,74,4,Content Illustration
Paris_1516,74,5,Content Illustration
Paris_1516,75,1,Content Illustration
Paris_1516,75,2,Content Illustration
Paris_1516,75,3,Content Illustration
Paris_1516,75,4,Content Illustration
Paris_1516,76,1,Content Illustration
Paris_1516,76,2,Content Illustration
Paris_1516,77,1,Content Illustration
Paris_1516,77,2,Content Illustration
Paris_1516,77,3,Content Illustration
Paris_1516,78,1,Content Illustration
Paris_1516,78,2,Content Illustration
Paris_1516,79,1,Content Illustration
Paris_1516,79,2,Content Illustration
Paris_1516,79,3,Content Illustration
Paris_1516,80,1,Content Illustration
Paris_1516,80,2,Content Illustration
Paris_1516,80,3,Content Illustration
Paris_1516,81,1,Content Illustration
Paris_1516,81,2,Content Illustration
Paris_1516,81,3,Content Illustration
Paris_1516,81,4,Content Illustration
Paris_1516,82,1,Content Illustration
Paris_1516,82,2,Content Illustration
Paris_1516,82,3,Content Illustration
Paris_1516,82,4,Content Illustration
Paris_1516,82,5,Content Illustration
Paris_1516,83,1,Content Illustration
Paris_1516,83,2,Content Illustration
Paris_1516,83,3,Content Illustration
Paris_1516,83,4,Content Illustration
Paris_1516,83,5,Content Illustration
Paris_1516,84,1,Content Illustration
Paris_1516,84,2,Content Illustration
Paris_1516,84,3,Content Illustration
Paris_1516,84,4,Content Illustration
Paris_1516,85,1,Content Illustration
Paris_1516,85,2,Content Illustration
Paris_1516,85,3,Content Illustration
Paris_1516,85,4,Content Illustration
Paris_1516,85,5,Content Illustration
Paris_1516,85,6,Content Illustration
Paris_1516,86,1,Content Illustration
Paris_1516,86,2,Content Illustration
Paris_1516,86,3,Content Illustration
Paris_1516,86,4,Content Illustration
Paris_1516,86,5,Content Illustration
Paris_1516,86,6,Content Illustration
Paris_1516,87,1,Content Illustration
Paris_1516,87,2,Content Illustration
Paris_1516,87,3,Content Illustration
Paris_1516,87,4,Content Illustration
Paris_1516,87,5,Content Illustration
Paris_1516,87,6,Content Illustration
Paris_1516,88,1,Content Illustration
Paris_1516,88,2,Content Illustration
Paris_1516,88,3,Content Illustration
Paris_1516,88,4,Content Illustration
Paris_1516,88,5,Content Illustration
Paris_1516,88,6,Content Illustration
Paris_1516,88,7,Content Illustration
Paris_1516,89,1,Content Illustration
Paris_1516,89,2,Content Illustration
Paris_1516,89,3,Content Illustration
Paris_1516,89,4,Content Illustration
Paris_1516,89,5,Content Illustration
Paris_1516,8,1,Content Illustration
Paris_1516,8,2,Content Illustration
Paris_1516,8,3,Content Illustration
Paris_1516,8,4,Content Illustration
Paris_1516,8,5,Content Illustration
Paris_1516,8,6,Content Illustration
Paris_1516,8,7,Content Illustration
Paris_1516,8,8,Content Illustration
Paris_1516,90,1,Content Illustration
Paris_1516,90,2,Content Illustration
Paris_1516,91,1,Content Illustration
Paris_1516,91,2,Content Illustration
Paris_1516,91,3,Content Illustration
Paris_1516,92,1,Content Illustration
Paris_1516,92,2,Content Illustration
Paris_1516,92,3,Content Illustration
Paris_1516,93,1,Content Illustration
Paris_1516,93,2,Content Illustration
Paris_1516,93,3,Content Illustration
Paris_1516,93,4,Content Illustration
Paris_1516,93,5,Content Illustration
Paris_1516,94,1,Content Illustration
Paris_1516,94,2,Content Illustration
Paris_1516,94,3,Content Illustration
Paris_1516,94,4,Content Illustration
Paris_1516,94,5,Content Illustration
Paris_1516,94,6,Content Illustration
Paris_1516,95,1,Content Illustration
Paris_1516,95,2,Content Illustration
Paris_1516,95,3,Content Illustration
Paris_1516,96,1,Content Illustration
Paris_1516,96,2,Content Illustration
Paris_1516,96,3,Content Illustration
Paris_1516,97,1,Content Illustration
Paris_1516,97,2,Content Illustration
Paris_1516,97,3,Content Illustration
Paris_1516,98,1,Content Illustration
Paris_1516,98,2,Content Illustration
Paris_1516,98,3,Content Illustration
Paris_1516,99,1,Content Illustration
Paris_1516,99,2,Content Illustration
Paris_1516,99,3,Content Illustration
Paris_1516,99,4,Content Illustration
Paris_1516,99,5,Content Illustration
Paris_1516,9,1,Content Illustration
Paris_1516,9,10,Content Illustration
Paris_1516,9,11,Content Illustration
Paris_1516,9,2,Content Illustration
Paris_1516,9,3,Content Illustration
Paris_1516,9,4,Content Illustration
Paris_1516,9,5,Content Illustration
Paris_1516,9,6,Content Illustration
Paris_1516,9,7,Content Illustration
Paris_1516,9,8,Content Illustration
Paris_1516,9,9,Content Illustration
Basel_1533,100,1,Content Illustration
Basel_1533,100,2,Content Illustration
Basel_1533,102,1,Content Illustration
Basel_1533,103,1,Content Illustration
Basel_1533,103,2,Content Illustration
Basel_1533,104,1,Content Illustration
Basel_1533,106,1,Content Illustration
Basel_1533,106,2,Content Illustration
Basel_1533,106,3,Content Illustration
Basel_1533,107,1,Content Illustration
Basel_1533,108,1,Content Illustration
Basel_1533,108,2,Content Illustration
Basel_1533,109,1,Content Illustration
Basel_1533,109,2,Content Illustration
Basel_1533,109,3,Content Illustration
Basel_1533,110,1,Content Illustration
Basel_1533,110,2,Content Illustration
Basel_1533,110,3,Content Illustration
Basel_1533,111,1,Content Illustration
Basel_1533,111,2,Content Illustration
Basel_1533,111,3,Content Illustration
Basel_1533,112,1,Content Illustration
Basel_1533,112,2,Content Illustration
Basel_1533,112,3,Content Illustration
Basel_1533,113,1,Content Illustration
Basel_1533,114,1,Content Illustration
Basel_1533,114,2,Content Illustration
Basel_1533,114,3,Content Illustration
Basel_1533,115,1,Content Illustration
Basel_1533,115,2,Content Illustration
Basel_1533,115,3,Content Illustration
Basel_1533,116,1,Content Illustration
Basel_1533,117,1,Content Illustration
Basel_1533,117,2,Content Illustration
Basel_1533,118,1,Content Illustration
Basel_1533,118,2,Content Illustration
Basel_1533,119,1,Content Illustration
Basel_1533,120,1,Content Illustration
Basel_1533,120,2,Content Illustration
Basel_1533,120,3,Content Illustration
Basel_1533,121,1,Content Illustration
Basel_1533,122,1,Content Illustration
Basel_1533,122,2,Content Illustration
Basel_1533,123,1,Content Illustration
Basel_1533,124,1,Content Illustration
Basel_1533,124,2,Content Illustration
Basel_1533,124,3,Content Illustration
Basel_1533,125,1,Content Illustration
Basel_1533,125,2,Content Illustration
Basel_1533,126,1,Content Illustration
Basel_1533,127,1,Content Illustration
Basel_1533,128,1,Content Illustration
Basel_1533,128,2,Content Illustration
Basel_1533,128,3,Content Illustration
Basel_1533,129,1,Content Illustration
Basel_1533,129,2,Content Illustration
Basel_1533,130,1,Content Illustration
Basel_1533,130,2,Content Illustration
Basel_1533,131,1,Content Illustration
Basel_1533,131,2,Content Illustration
Basel_1533,132,1,Content Illustration
Basel_1533,132,2,Content Illustration
Basel_1533,133,1,Content Illustration
Basel_1533,134,1,Content Illustration
Basel_1533,134,2,Content Illustration
Basel_1533,135,1,Content Illustration
Basel_1533,135,2,Content Illustration
Basel_1533,136,1,Content Illustration
Basel_1533,136,2,Content Illustration
Basel_1533,137,1,Content Illustration
Basel_1533,137,2,Content Illustration
Basel_1533,138,1,Content Illustration
Basel_1533,138,2,Content Illustration
Basel_1533,139,1,Content Illustration
Basel_1533,139,2,Content Illustration
Basel_1533,139,3,Content Illustration
Basel_1533,139,4,Content Illustration
Basel_1533,139,5,Content Illustration
Basel_1533,139,6,Content Illustration
Basel_1533,139,7,Content Illustration
Basel_1533,140,1,Content Illustration
Basel_1533,142,1,Content Illustration
Basel_1533,143,1,Content Illustration
Basel_1533,144,1,Content Illustration
Basel_1533,144,2,Content Illustration
Basel_1533,144,3,Content Illustration
Basel_1533,144,4,Content Illustration
Basel_1533,146,1,Content Illustration
Basel_1533,146,2,Content Illustration
Basel_1533,148,1,Content Illustration
Basel_1533,148,2,Content Illustration
Basel_1533,149,1,Content Illustration
Basel_1533,14,1,Content Illustration
Basel_1533,14,2,Content Illustration
Basel_1533,14,3,Content Illustration
Basel_1533,14,4,Content Illustration
Basel_1533,14,5,Content Illustration
Basel_1533,14,6,Content Illustration
Basel_1533,14,7,Content Illustration
Basel_1533,150,1,Content Illustration
Basel_1533,150,2,Content Illustration
Basel_1533,150,3,Content Illustration
Basel_1533,151,1,Content Illustration
Basel_1533,152,1,Content Illustration
Basel_1533,152,2,Content Illustration
Basel_1533,152,3,Content Illustration
Basel_1533,153,1,Content Illustration
Basel_1533,154,1,Content Illustration
Basel_1533,154,2,Content Illustration
Basel_1533,154,3,Content Illustration
Basel_1533,155,1,Content Illustration
Basel_1533,155,2,Content Illustration
Basel_1533,155,3,Content Illustration
Basel_1533,156,1,Content Illustration
Basel_1533,156,2,Content Illustration
Basel_1533,157,1,Content Illustration
Basel_1533,157,2,Content Illustration
Basel_1533,157,3,Content Illustration
Basel_1533,157,4,Content Illustration
Basel_1533,158,1,Content Illustration
Basel_1533,159,1,Content Illustration
Basel_1533,159,2,Content Illustration
Basel_1533,15,1,Content Illustration
Basel_1533,15,2,Content Illustration
Basel_1533,15,3,Content Illustration
Basel_1533,15,4,Content Illustration
Basel_1533,15,5,Content Illustration
Basel_1533,15,6,Content Illustration
Basel_1533,15,7,Content Illustration
Basel_1533,15,8,Content Illustration
Basel_1533,15,9,Content Illustration
Basel_1533,160,1,Content Illustration
Basel_1533,160,2,Content Illustration
Basel_1533,160,3,Content Illustration
Basel_1533,161,1,Content Illustration
Basel_1533,162,1,Content Illustration
Basel_1533,162,2,Content Illustration
Basel_1533,162,3,Content Illustration
Basel_1533,163,1,Content Illustration
Basel_1533,163,2,Content Illustration
Basel_1533,164,1,Content Illustration
Basel_1533,164,2,Content Illustration
Basel_1533,164,3,Content Illustration
Basel_1533,165,1,Content Illustration
Basel_1533,165,2,Content Illustration
Basel_1533,165,3,Content Illustration
Basel_1533,166,1,Content Illustration
Basel_1533,166,2,Content Illustration
Basel_1533,166,3,Content Illustration
Basel_1533,167,1,Content Illustration
Basel_1533,167,2,Content Illustration
Basel_1533,168,1,Content Illustration
Basel_1533,168,2,Content Illustration
Basel_1533,168,3,Content Illustration
Basel_1533,169,1,Content Illustration
Basel_1533,16,1,Content Illustration
Basel_1533,16,2,Content Illustration
Basel_1533,16,3,Content Illustration
Basel_1533,172,1,Content Illustration
Basel_1533,172,2,Content Illustration
Basel_1533,173,1,Content Illustration
Basel_1533,173,2,Content Illustration
Basel_1533,174,1,Content Illustration
Basel_1533,174,2,Content Illustration
Basel_1533,174,3,Content Illustration
Basel_1533,175,1,Content Illustration
Basel_1533,175,2,Content Illustration
Basel_1533,175,3,Content Illustration
Basel_1533,175,4,Content Illustration
Basel_1533,176,1,Content Illustration
Basel_1533,176,2,Content Illustration
Basel_1533,176,3,Content Illustration
Basel_1533,176,4,Content Illustration
Basel_1533,176,5,Content Illustration
Basel_1533,177,1,Content Illustration
Basel_1533,177,2,Content Illustration
Basel_1533,178,1,Content Illustration
Basel_1533,178,2,Content Illustration
Basel_1533,179,1,Content Illustration
Basel_1533,179,2,Content Illustration
Basel_1533,17,1,Content Illustration
Basel_1533,17,2,Content Illustration
Basel_1533,180,1,Content Illustration
Basel_1533,180,2,Content Illustration
Basel_1533,181,1,Content Illustration
Basel_1533,181,2,Content Illustration
Basel_1533,182,1,Content Illustration
Basel_1533,182,2,Content Illustration
Basel_1533,183,1,Content Illustration
Basel_1533,183,2,Content Illustration
Basel_1533,184,1,Content Illustration
Basel_1533,184,2,Content Illustration
Basel_1533,184,3,Content Illustration
Basel_1533,185,1,Content Illustration
Basel_1533,185,2,Content Illustration
Basel_1533,185,3,Content Illustration
Basel_1533,186,1,Content Illustration
Basel_1533,186,2,Content Illustration
Basel_1533,187,1,Content Illustration
Basel_1533,187,2,Content Illustration
Basel_1533,188,1,Content Illustration
Basel_1533,188,2,Content Illustration
Basel_1533,189,1,Content Illustration
Basel_1533,18,1,Content Illustration
Basel_1533,18,2,Content Illustration
Basel_1533,18,3,Content Illustration
Basel_1533,190,1,Content Illustration
Basel_1533,190,2,Content Illustration
Basel_1533,191,1,Content Illustration
Basel_1533,191,2,Content Illustration
Basel_1533,191,3,Content Illustration
Basel_1533,192,1,Content Illustration
Basel_1533,192,2,Content Illustration
Basel_1533,193,1,Content Illustration
Basel_1533,193,2,Content Illustration
Basel_1533,194,1,Content Illustration
Basel_1533,194,2,Content Illustration
Basel_1533,195,1,Content Illustration
Basel_1533,195,2,Content Illustration
Basel_1533,196,1,Content Illustration
Basel_1533,196,2,Content Illustration
Basel_1533,196,3,Content Illustration
Basel_1533,197,1,Content Illustration
Basel_1533,198,1,Content Illustration
Basel_1533,198,2,Content Illustration
Basel_1533,199,1,Content Illustration
Basel_1533,19,1,Content Illustration
Basel_1533,19,2,Content Illustration
Basel_1533,19,3,Content Illustration
Basel_1533,200,1,Content Illustration
Basel_1533,200,2,Content Illustration
Basel_1533,201,1,Content Illustration
Basel_1533,201,2,Content Illustration
Basel_1533,202,1,Content Illustration
Basel_1533,202,2,Content Illustration
Basel_1533,203,1,Content Illustration
Basel_1533,203,2,Content Illustration
Basel_1533,203,3,Content Illustration
Basel_1533,204,1,Content Illustration
Basel_1533,205,1,Content Illustration
Basel_1533,206,1,Content Illustration
Basel_1533,207,1,Content Illustration
Basel_1533,207,2,Content Illustration
Basel_1533,208,1,Content Illustration
Basel_1533,208,2,Content Illustration
Basel_1533,208,3,Content Illustration
Basel_1533,20,1,Content Illustration
Basel_1533,20,2,Content Illustration
Basel_1533,20,3,Content Illustration
Basel_1533,210,1,Content Illustration
Basel_1533,211,1,Content Illustration
Basel_1533,211,2,Content Illustration
Basel_1533,211,3,Content Illustration
Basel_1533,212,1,Content Illustration
Basel_1533,212,2,Content Illustration
Basel_1533,213,1,Content Illustration
Basel_1533,213,2,Content Illustration
Basel_1533,214,1,Content Illustration
Basel_1533,214,2,Content Illustration
Basel_1533,214,3,Content Illustration
Basel_1533,215,1,Content Illustration
Basel_1533,215,2,Content Illustration
Basel_1533,216,1,Content Illustration
Basel_1533,216,2,Content Illustration
Basel_1533,216,3,Content Illustration
Basel_1533,217,1,Content Illustration
Basel_1533,217,2,Content Illustration
Basel_1533,217,3,Content Illustration
Basel_1533,218,1,Content Illustration
Basel_1533,218,2,Content Illustration
Basel_1533,219,1,Content Illustration
Basel_1533,219,2,Content Illustration
Basel_1533,21,1,Content Illustration
Basel_1533,21,2,Content Illustration
Basel_1533,21,3,Content Illustration
Basel_1533,21,4,Content Illustration
Basel_1533,220,1,Content Illustration
Basel_1533,220,2,Content Illustration
Basel_1533,220,3,Content Illustration
Basel_1533,221,1,Content Illustration
Basel_1533,221,2,Content Illustration
Basel_1533,221,3,Content Illustration
Basel_1533,221,4,Content Illustration
Basel_1533,221,5,Content Illustration
Basel_1533,222,1,Content Illustration
Basel_1533,222,2,Content Illustration
Basel_1533,223,1,Content Illustration
Basel_1533,224,1,Content Illustration
Basel_1533,224,2,Content Illustration
Basel_1533,224,3,Content Illustration
Basel_1533,224,4,Content Illustration
Basel_1533,225,1,Content Illustration
Basel_1533,225,2,Content Illustration
Basel_1533,225,3,Content Illustration
Basel_1533,226,1,Content Illustration
Basel_1533,226,2,Content Illustration
Basel_1533,226,3,Content Illustration
Basel_1533,227,1,Content Illustration
Basel_1533,227,2,Content Illustration
Basel_1533,228,1,Content Illustration
Basel_1533,228,2,Content Illustration
Basel_1533,228,3,Content Illustration
Basel_1533,229,1,Content Illustration
Basel_1533,22,1,Content Illustration
Basel_1533,22,2,Content Illustration
Basel_1533,22,3,Content Illustration
Basel_1533,22,4,Content Illustration
Basel_1533,230,1,Content Illustration
Basel_1533,231,1,Content Illustration
Basel_1533,231,2,Content Illustration
Basel_1533,231,3,Content Illustration
Basel_1533,232,1,Content Illustration
Basel_1533,232,2,Content Illustration
Basel_1533,232,3,Content Illustration
Basel_1533,233,1,Content Illustration
Basel_1533,233,2,Content Illustration
Basel_1533,234,1,Content Illustration
Basel_1533,234,2,Content Illustration
Basel_1533,234,3,Content Illustration
Basel_1533,235,1,Content Illustration
Basel_1533,235,2,Content Illustration
Basel_1533,236,1,Content Illustration
Basel_1533,237,1,Content Illustration
Basel_1533,238,1,Content Illustration
Basel_1533,238,2,Content Illustration
Basel_1533,238,3,Content Illustration
Basel_1533,238,4,Content Illustration
Basel_1533,239,1,Content Illustration
Basel_1533,239,2,Content Illustration
Basel_1533,23,1,Content Illustration
Basel_1533,23,2,Content Illustration
Basel_1533,23,3,Content Illustration
Basel_1533,23,4,Content Illustration
Basel_1533,240,1,Content Illustration
Basel_1533,240,2,Content Illustration
Basel_1533,241,1,Content Illustration
Basel_1533,241,2,Content Illustration
Basel_1533,241,3,Content Illustration
Basel_1533,242,1,Content Illustration
Basel_1533,243,1,Content Illustration
Basel_1533,243,2,Content Illustration
Basel_1533,244,1,Content Illustration
Basel_1533,244,2,Content Illustration
Basel_1533,245,1,Content Illustration
Basel_1533,245,2,Content Illustration
Basel_1533,246,1,Content Illustration
Basel_1533,247,1,Content Illustration
Basel_1533,248,1,Content Illustration
Basel_1533,248,2,Content Illustration
Basel_1533,248,3,Content Illustration
Basel_1533,249,1,Content Illustration
Basel_1533,24,1,Content Illustration
Basel_1533,24,2,Content Illustration
Basel_1533,251,1,Content Illustration
Basel_1533,251,2,Content Illustration
Basel_1533,251,3,Content Illustration
Basel_1533,252,1,Content Illustration
Basel_1533,253,1,Content Illustration
Basel_1533,253,2,Content Illustration
Basel_1533,254,1,Content Illustration
Basel_1533,254,2,Content Illustration
Basel_1533,255,1,Content Illustration
Basel_1533,255,2,Content Illustration
Basel_1533,255,3,Content Illustration
Basel_1533,256,1,Content Illustration
Basel_1533,256,2,Content Illustration
Basel_1533,257,1,Content Illustration
Basel_1533,257,2,Content Illustration
Basel_1533,258,1,Content Illustration
Basel_1533,258,2,Content Illustration
Basel_1533,259,1,Content Illustration
Basel_1533,25,1,Content Illustration
Basel_1533,25,2,Content Illustration
Basel_1533,260,1,Content Illustration
Basel_1533,261,1,Content Illustration
Basel_1533,261,2,Content Illustration
Basel_1533,261,3,Content Illustration
Basel_1533,262,1,Content Illustration
Basel_1533,262,2,Content Illustration
Basel_1533,263,1,Content Illustration
Basel_1533,263,2,Content Illustration
Basel_1533,264,1,Content Illustration
Basel_1533,264,2,Content Illustration
Basel_1533,266,1,Content Illustration
Basel_1533,267,1,Content Illustration
Basel_1533,269,1,Content Illustration
Basel_1533,26,1,Content Illustration
Basel_1533,26,2,Content Illustration
Basel_1533,26,3,Content Illustration
Basel_1533,270,1,Content Illustration
Basel_1533,271,1,Content Illustration
Basel_1533,271,2,Content Illustration
Basel_1533,271,3,Content Illustration
Basel_1533,272,1,Content Illustration
Basel_1533,272,2,Content Illustration
Basel_1533,272,3,Content Illustration
Basel_1533,273,1,Content Illustration
Basel_1533,273,2,Content Illustration
Basel_1533,274,1,Content Illustration
Basel_1533,274,2,Content Illustration
Basel_1533,275,1,Content Illustration
Basel_1533,276,1,Content Illustration
Basel_1533,276,2,Content Illustration
Basel_1533,277,1,Content Illustration
Basel_1533,277,2,Content Illustration
Basel_1533,277,3,Content Illustration
Basel_1533,279,1,Content Illustration
Basel_1533,279,2,Content Illustration
Basel_1533,27,1,Content Illustration
Basel_1533,27,2,Content Illustration
Basel_1533,27,3,Content Illustration
Basel_1533,280,1,Content Illustration
Basel_1533,280,2,Content Illustration
Basel_1533,280,3,Content Illustration
Basel_1533,28,1,Content Illustration
Basel_1533,28,2,Content Illustration
Basel_1533,28,3,Content Illustration
Basel_1533,29,1,Content Illustration
Basel_1533,29,2,Content Illustration
Basel_1533,29,3,Content Illustration
Basel_1533,30,1,Content Illustration
Basel_1533,30,2,Content Illustration
Basel_1533,30,3,Content Illustration
Basel_1533,31,1,Content Illustration
Basel_1533,31,2,Content Illustration
Basel_1533,31,3,Content Illustration
Basel_1533,32,1,Content Illustration
Basel_1533,32,2,Content Illustration
Basel_1533,33,1,Content Illustration
Basel_1533,34,1,Content Illustration
Basel_1533,34,2,Content Illustration
Basel_1533,35,1,Content Illustration
Basel_1533,35,2,Content Illustration
Basel_1533,36,1,Content Illustration
Basel_1533,37,1,Content Illustration
Basel_1533,37,2,Content Illustration
Basel_1533,38,1,Content Illustration
Basel_1533,38,2,Content Illustration
Basel_1533,39,1,Content Illustration
Basel_1533,40,1,Content Illustration
Basel_1533,40,2,Content Illustration
Basel_1533,41,1,Content Illustration
Basel_1533,41,2,Content Illustration
Basel_1533,42,1,Content Illustration
Basel_1533,42,10,Content Illustration
Basel_1533,42,11,Content Illustration
Basel_1533,42,2,Content Illustration
Basel_1533,42,3,Content Illustration
Basel_1533,42,4,Content Illustration
Basel_1533,42,5,Content Illustration
Basel_1533,42,6,Content Illustration
Basel_1533,42,7,Content Illustration
Basel_1533,42,8,Content Illustration
Basel_1533,42,9,Content Illustration
Basel_1533,43,1,Content Illustration
Basel_1533,43,2,Content Illustration
Basel_1533,43,3,Content Illustration
Basel_1533,44,1,Content Illustration
Basel_1533,44,2,Content Illustration
Basel_1533,44,3,Content Illustration
Basel_1533,45,1,Content Illustration
Basel_1533,46,1,Content Illustration
Basel_1533,46,2,Content Illustration
Basel_1533,47,1,Content Illustration
Basel_1533,47,2,Content Illustration
Basel_1533,48,1,Content Illustration
Basel_1533,48,2,Content Illustration
Basel_1533,49,1,Content Illustration
Basel_1533,49,2,Content Illustration
Basel_1533,50,1,Content Illustration
Basel_1533,50,2,Content Illustration
Basel_1533,51,1,Content Illustration
Basel_1533,51,2,Content Illustration
Basel_1533,51,3,Content Illustration
Basel_1533,51,4,Content Illustration
Basel_1533,52,1,Content Illustration
Basel_1533,52,2,Content Illustration
Basel_1533,52,3,Content Illustration
Basel_1533,52,4,Content Illustration
Basel_1533,53,1,Content Illustration
Basel_1533,53,2,Content Illustration
Basel_1533,53,3,Content Illustration
Basel_1533,54,1,Content Illustration
Basel_1533,54,2,Content Illustration
Basel_1533,54,3,Content Illustration
Basel_1533,55,1,Content Illustration
Basel_1533,55,2,Content Illustration
Basel_1533,56,1,Content Illustration
Basel_1533,57,1,Content Illustration
Basel_1533,57,2,Content Illustration
Basel_1533,57,3,Content Illustration
Basel_1533,58,1,Content Illustration
Basel_1533,58,2,Content Illustration
Basel_1533,59,1,Content Illustration
Basel_1533,59,2,Content Illustration
Basel_1533,59,3,Content Illustration
Basel_1533,59,4,Content Illustration
Basel_1533,59,5,Content Illustration
Basel_1533,60,1,Content Illustration
Basel_1533,60,2,Content Illustration
Basel_1533,61,1,Content Illustration
Basel_1533,61,2,Content Illustration
Basel_1533,62,1,Content Illustration
Basel_1533,62,2,Content Illustration
Basel_1533,62,3,Content Illustration
Basel_1533,63,1,Content Illustration
Basel_1533,63,2,Content Illustration
Basel_1533,64,1,Content Illustration
Basel_1533,64,2,Content Illustration
Basel_1533,65,1,Content Illustration
Basel_1533,65,2,Content Illustration
Basel_1533,66,1,Content Illustration
Basel_1533,67,1,Content Illustration
Basel_1533,69,1,Content Illustration
Basel_1533,70,1,Content Illustration
Basel_1533,70,2,Content Illustration
Basel_1533,72,1,Content Illustration
Basel_1533,72,2,Content Illustration
Basel_1533,73,1,Content Illustration
Basel_1533,73,2,Content Illustration
Basel_1533,74,1,Content Illustration
Basel_1533,74,2,Content Illustration
Basel_1533,76,1,Content Illustration
Basel_1533,76,2,Content Illustration
Basel_1533,76,3,Content Illustration
Basel_1533,77,1,Content Illustration
Basel_1533,77,2,Content Illustration
Basel_1533,78,1,Content Illustration
Basel_1533,78,2,Content Illustration
Basel_1533,80,1,Content Illustration
Basel_1533,80,2,Content Illustration
Basel_1533,80,3,Content Illustration
Basel_1533,80,4,Content Illustration
Basel_1533,80,5,Content Illustration
Basel_1533,80,6,Content Illustration
Basel_1533,81,1,Content Illustration
Basel_1533,81,2,Content Illustration
Basel_1533,81,3,Content Illustration
Basel_1533,81,4,Content Illustration
Basel_1533,82,1,Content Illustration
Basel_1533,82,2,Content Illustration
Basel_1533,83,1,Content Illustration
Basel_1533,83,2,Content Illustration
Basel_1533,84,1,Content Illustration
Basel_1533,84,2,Content Illustration
Basel_1533,85,1,Content Illustration
Basel_1533,85,2,Content Illustration
Basel_1533,86,1,Content Illustration
Basel_1533,86,2,Content Illustration
Basel_1533,87,1,Content Illustration
Basel_1533,87,2,Content Illustration
Basel_1533,87,3,Content Illustration
Basel_1533,87,4,Content Illustration
Basel_1533,88,1,Content Illustration
Basel_1533,88,2,Content Illustration
Basel_1533,89,1,Content Illustration
Basel_1533,89,2,Content Illustration
Basel_1533,89,3,Content Illustration
Basel_1533,90,1,Content Illustration
Basel_1533,90,2,Content Illustration
Basel_1533,91,1,Content Illustration
Basel_1533,92,1,Content Illustration
Basel_1533,92,2,Content Illustration
Basel_1533,92,3,Content Illustration
Basel_1533,92,4,Content Illustration
Basel_1533,93,1,Content Illustration
Basel_1533,93,2,Content Illustration
Basel_1533,94,1,Content Illustration
Basel_1533,94,2,Content Illustration
Basel_1533,95,1,Content Illustration
Basel_1533,95,2,Content Illustration
Basel_1533,95,3,Content Illustration
Basel_1533,96,1,Content Illustration
Basel_1533,96,2,Content Illustration
Basel_1533,96,3,Content Illustration
Basel_1533,97,1,Content Illustration
Basel_1533,98,1,Content Illustration
Basel_1533,98,2,Content Illustration
Basel_1533,99,1,Content Illustration
Basel_1533,99,2,Content Illustration
Basel_1533,99,3,Content Illustration
Paris_1536,100,1,Content Illustration
Paris_1536,100,2,Content Illustration
Paris_1536,100,3,Content Illustration
Paris_1536,101,1,Content Illustration
Paris_1536,101,2,Content Illustration
Paris_1536,102,1,Content Illustration
Paris_1536,103,1,Content Illustration
Paris_1536,103,2,Content Illustration
Paris_1536,104,1,Content Illustration
Paris_1536,104,2,Content Illustration
Paris_1536,104,3,Content Illustration
Paris_1536,105,1,Content Illustration
Paris_1536,106,1,Content Illustration
Paris_1536,107,1,Content Illustration
Paris_1536,107,2,Content Illustration
Paris_1536,108,1,Content Illustration
Paris_1536,108,2,Content Illustration
Paris_1536,109,1,Content Illustration
Paris_1536,110,1,Content Illustration
Paris_1536,111,1,Content Illustration
Paris_1536,112,1,Content Illustration
Paris_1536,112,2,Content Illustration
Paris_1536,113,1,Content Illustration
Paris_1536,114,1,Content Illustration
Paris_1536,118,1,Content Illustration
Paris_1536,11,1,Content Illustration
Paris_1536,11,2,Content Illustration
Paris_1536,11,3,Content Illustration
Paris_1536,11,4,Content Illustration
Paris_1536,120,1,Content Illustration
Paris_1536,120,2,Content Illustration
Paris_1536,121,1,Content Illustration
Paris_1536,121,2,Content Illustration
Paris_1536,122,1,Content Illustration
Paris_1536,122,2,Content Illustration
Paris_1536,122,3,Content Illustration
Paris_1536,123,1,Content Illustration
Paris_1536,124,1,Content Illustration
Paris_1536,125,1,Content Illustration
Paris_1536,126,1,Content Illustration
Paris_1536,126,2,Content Illustration
Paris_1536,127,1,Content Illustration
Paris_1536,127,2,Content Illustration
Paris_1536,12,1,Content Illustration
Paris_1536,12,2,Content Illustration
Paris_1536,12,3,Content Illustration
Paris_1536,130,1,Content Illustration
Paris_1536,131,1,Content Illustration
Paris_1536,131,2,Content Illustration
Paris_1536,132,1,Content Illustration
Paris_1536,132,2,Content Illustration
Paris_1536,133,1,Content Illustration
Paris_1536,133,2,Content Illustration
Paris_1536,134,1,Content Illustration
Paris_1536,134,2,Content Illustration
Paris_1536,135,1,Content Illustration
Paris_1536,136,1,Content Illustration
Paris_1536,136,2,Content Illustration
Paris_1536,137,1,Content Illustration
Paris_1536,137,2,Content Illustration
Paris_1536,137,3,Content Illustration
Paris_1536,137,4,Content Illustration
Paris_1536,137,5,Content Illustration
Paris_1536,137,6,Content Illustration
Paris_1536,137,7,Content Illustration
Paris_1536,137,8,Content Illustration
Paris_1536,138,1,Content Illustration
Paris_1536,139,1,Content Illustration
Paris_1536,13,1,Content Illustration
Paris_1536,13,2,Content Illustration
Paris_1536,140,1,Content Illustration
Paris_1536,140,2,Content Illustration
Paris_1536,140,3,Content Illustration
Paris_1536,141,1,Content Illustration
Paris_1536,141,2,Content Illustration
Paris_1536,141,3,Content Illustration
Paris_1536,142,1,Content Illustration
Paris_1536,143,1,Content Illustration
Paris_1536,143,2,Content Illustration
Paris_1536,143,3,Content Illustration
Paris_1536,144,1,Content Illustration
Paris_1536,144,2,Content Illustration
Paris_1536,145,1,Content Illustration
Paris_1536,145,2,Content Illustration
Paris_1536,145,3,Content Illustration
Paris_1536,145,4,Content Illustration
Paris_1536,147,1,Content Illustration
Paris_1536,148,1,Content Illustration
Paris_1536,148,2,Content Illustration
Paris_1536,149,1,Content Illustration
Paris_1536,149,2,Content Illustration
Paris_1536,149,3,Content Illustration
Paris_1536,14,1,Content Illustration
Paris_1536,14,2,Content Illustration
Paris_1536,14,3,Content Illustration
Paris_1536,150,1,Content Illustration
Paris_1536,150,2,Content Illustration
Paris_1536,150,3,Content Illustration
Paris_1536,150,4,Content Illustration
Paris_1536,150,5,Content Illustration
Paris_1536,151,1,Content Illustration
Paris_1536,152,1,Content Illustration
Paris_1536,152,2,Content Illustration
Paris_1536,152,3,Content Illustration
Paris_1536,152,4,Content Illustration
Paris_1536,152,5,Content Illustration
Paris_1536,153,1,Content Illustration
Paris_1536,154,1,Content Illustration
Paris_1536,154,2,Content Illustration
Paris_1536,155,1,Content Illustration
Paris_1536,155,2,Content Illustration
Paris_1536,155,3,Content Illustration
Paris_1536,156,1,Content Illustration
Paris_1536,157,1,Content Illustration
Paris_1536,157,2,Content Illustration
Paris_1536,158,1,Content Illustration
Paris_1536,158,2,Content Illustration
Paris_1536,158,3,Content Illustration
Paris_1536,158,4,Content Illustration
Paris_1536,159,1,Content Illustration
Paris_1536,159,2,Content Illustration
Paris_1536,159,3,Content Illustration
Paris_1536,15,1,Content Illustration
Paris_1536,160,1,Content Illustration
Paris_1536,160,2,Content Illustration
Paris_1536,160,3,Content Illustration
Paris_1536,160,4,Content Illustration
Paris_1536,161,1,Content Illustration
Paris_1536,161,2,Content Illustration
Paris_1536,161,3,Content Illustration
Paris_1536,162,1,Content Illustration
Paris_1536,163,1,Content Illustration
Paris_1536,163,2,Content Illustration
Paris_1536,164,1,Content Illustration
Paris_1536,164,2,Content Illustration
Paris_1536,164,3,Content Illustration
Paris_1536,164,4,Content Illustration
Paris_1536,165,1,Content Illustration
Paris_1536,165,2,Content Illustration
Paris_1536,165,3,Content Illustration
Paris_1536,165,4,Content Illustration
Paris_1536,166,1,Content Illustration
Paris_1536,166,2,Content Illustration
Paris_1536,166,3,Content Illustration
Paris_1536,167,1,Content Illustration
Paris_1536,167,2,Content Illustration
Paris_1536,167,3,Content Illustration
Paris_1536,168,1,Content Illustration
Paris_1536,168,2,Content Illustration
Paris_1536,168,3,Content Illustration
Paris_1536,168,4,Content Illustration
Paris_1536,169,1,Content Illustration
Paris_1536,169,2,Content Illustration
Paris_1536,16,1,Content Illustration
Paris_1536,16,2,Content Illustration
Paris_1536,16,3,Content Illustration
Paris_1536,170,1,Content Illustration
Paris_1536,170,2,Content Illustration
Paris_1536,170,3,Content Illustration
Paris_1536,170,4,Content Illustration
Paris_1536,170,5,Content Illustration
Paris_1536,170,6,Content Illustration
Paris_1536,171,1,Content Illustration
Paris_1536,171,2,Content Illustration
Paris_1536,171,3,Content Illustration
Paris_1536,171,4,Content Illustration
Paris_1536,172,1,Content Illustration
Paris_1536,172,2,Content Illustration
Paris_1536,172,3,Content Illustration
Paris_1536,172,4,Content Illustration
Paris_1536,173,1,Content Illustration
Paris_1536,173,2,Content Illustration
Paris_1536,174,1,Content Illustration
Paris_1536,174,2,Content Illustration
Paris_1536,175,1,Content Illustration
Paris_1536,176,1,Content Illustration
Paris_1536,176,2,Content Illustration
Paris_1536,176,3,Content Illustration
Paris_1536,177,1,Content Illustration
Paris_1536,177,2,Content Illustration
Paris_1536,178,1,Content Illustration
Paris_1536,178,2,Content Illustration
Paris_1536,179,1,Content Illustration
Paris_1536,17,1,Content Illustration
Paris_1536,17,2,Content Illustration
Paris_1536,17,3,Content Illustration
Paris_1536,17,4,Content Illustration
Paris_1536,17,5,Content Illustration
Paris_1536,180,1,Content Illustration
Paris_1536,181,1,Content Illustration
Paris_1536,181,2,Content Illustration
Paris_1536,181,3,Content Illustration
Paris_1536,181,4,Content Illustration
Paris_1536,182,1,Content Illustration
Paris_1536,18,1,Content Illustration
Paris_1536,18,2,Content Illustration
Paris_1536,18,3,Content Illustration
Paris_1536,19,1,Content Illustration
Paris_1536,19,2,Content Illustration
Paris_1536,19,3,Content Illustration
Paris_1536,20,1,Content Illustration
Paris_1536,21,1,Content Illustration
Paris_1536,21,2,Content Illustration
Paris_1536,22,1,Content Illustration
Paris_1536,23,1,Content Illustration
Paris_1536,24,1,Content Illustration
Paris_1536,24,2,Content Illustration
Paris_1536,24,3,Content Illustration
Paris_1536,25,1,Content Illustration
Paris_1536,25,2,Content Illustration
Paris_1536,26,1,Content Illustration
Paris_1536,26,2,Content Illustration
Paris_1536,27,1,Content Illustration
Paris_1536,27,2,Content Illustration
Paris_1536,28,1,Content Illustration
Paris_1536,28,2,Content Illustration
Paris_1536,29,1,Content Illustration
Paris_1536,29,2,Content Illustration
Paris_1536,30,1,Content Illustration
Paris_1536,30,2,Content Illustration
Paris_1536,31,1,Content Illustration
Paris_1536,31,2,Content Illustration
Paris_1536,32,1,Content Illustration
Paris_1536,32,2,Content Illustration
Paris_1536,32,3,Content Illustration
Paris_1536,33,1,Content Illustration
Paris_1536,33,2,Content Illustration
Paris_1536,34,1,Content Illustration
Paris_1536,34,2,Content Illustration
Paris_1536,35,1,Content Illustration
Paris_1536,35,2,Content Illustration
Paris_1536,35,3,Content Illustration
Paris_1536,35,4,Content Illustration
Paris_1536,36,1,Content Illustration
Paris_1536,37,1,Content Illustration
Paris_1536,37,2,Content Illustration
Paris_1536,38,1,Content Illustration
Paris_1536,38,2,Content Illustration
Paris_1536,39,1,Content Illustration
Paris_1536,39,2,Content Illustration
Paris_1536,39,3,Content Illustration
Paris_1536,40,1,Content Illustration
Paris_1536,40,2,Content Illustration
Paris_1536,41,1,Content Illustration
Paris_1536,41,2,Content Illustration
Paris_1536,42,1,Content Illustration
Paris_1536,42,2,Content Illustration
Paris_1536,42,3,Content Illustration
Paris_1536,43,1,Content Illustration
Paris_1536,43,2,Content Illustration
Paris_1536,44,1,Content Illustration
Paris_1536,44,2,Content Illustration
Paris_1536,45,1,Content Illustration
Paris_1536,46,1,Content Illustration
Paris_1536,46,2,Content Illustration
Paris_1536,47,1,Content Illustration
Paris_1536,48,1,Content Illustration
Paris_1536,48,2,Content Illustration
Paris_1536,49,1,Content Illustration
Paris_1536,49,2,Content Illustration
Paris_1536,50,1,Content Illustration
Paris_1536,51,1,Content Illustration
Paris_1536,51,2,Content Illustration
Paris_1536,53,1,Content Illustration
Paris_1536,53,2,Content Illustration
Paris_1536,54,1,Content Illustration
Paris_1536,54,2,Content Illustration
Paris_1536,55,1,Content Illustration
Paris_1536,55,2,Content Illustration
Paris_1536,56,1,Content Illustration
Paris_1536,57,1,Content Illustration
Paris_1536,58,1,Content Illustration
Paris_1536,59,1,Content Illustration
Paris_1536,60,1,Content Illustration
Paris_1536,61,1,Content Illustration
Paris_1536,62,1,Content Illustration
Paris_1536,63,1,Content Illustration
Paris_1536,64,1,Content Illustration
Paris_1536,64,2,Content Illustration
Paris_1536,65,1,Content Illustration
Paris_1536,65,2,Content Illustration
Paris_1536,67,1,Content Illustration
Paris_1536,67,2,Content Illustration
Paris_1536,67,3,Content Illustration
Paris_1536,68,1,Content Illustration
Paris_1536,68,2,Content Illustration
Paris_1536,68,3,Content Illustration
Paris_1536,68,4,Content Illustration
Paris_1536,69,1,Content Illustration
Paris_1536,69,2,Content Illustration
Paris_1536,69,3,Content Illustration
Paris_1536,70,1,Content Illustration
Paris_1536,71,1,Content Illustration
Paris_1536,71,2,Content Illustration
Paris_1536,72,1,Content Illustration
Paris_1536,72,2,Content Illustration
Paris_1536,72,3,Content Illustration
Paris_1536,73,1,Content Illustration
Paris_1536,74,1,Content Illustration
Paris_1536,75,1,Content Illustration
Paris_1536,76,1,Content Illustration
Paris_1536,76,2,Content Illustration
Paris_1536,77,1,Content Illustration
Paris_1536,77,2,Content Illustration
Paris_1536,77,3,Content Illustration
Paris_1536,78,1,Content Illustration
Paris_1536,78,2,Content Illustration
Paris_1536,78,3,Content Illustration
Paris_1536,78,4,Content Illustration
Paris_1536,79,1,Content Illustration
Paris_1536,80,1,Content Illustration
Paris_1536,80,2,Content Illustration
Paris_1536,81,1,Content Illustration
Paris_1536,82,1,Content Illustration
Paris_1536,82,2,Content Illustration
Paris_1536,83,1,Content Illustration
Paris_1536,83,2,Content Illustration
Paris_1536,84,1,Content Illustration
Paris_1536,84,2,Content Illustration
Paris_1536,85,1,Content Illustration
Paris_1536,85,2,Content Illustration
Paris_1536,85,3,Content Illustration
Paris_1536,86,1,Content Illustration
Paris_1536,86,2,Content Illustration
Paris_1536,86,3,Content Illustration
Paris_1536,86,4,Content Illustration
Paris_1536,86,5,Content Illustration
Paris_1536,86,6,Content Illustration
Paris_1536,87,1,Content Illustration
Paris_1536,87,2,Content Illustration
Paris_1536,87,3,Content Illustration
Paris_1536,88,1,Content Illustration
Paris_1536,88,2,Content Illustration
Paris_1536,88,3,Content Illustration
Paris_1536,88,4,Content Illustration
Paris_1536,89,1,Content Illustration
Paris_1536,89,2,Content Illustration
Paris_1536,89,3,Content Illustration
Paris_1536,90,1,Content Illustration
Paris_1536,91,1,Content Illustration
Paris_1536,92,1,Content Illustration
Paris_1536,92,2,Content Illustration
Paris_1536,93,1,Content Illustration
Paris_1536,93,2,Content Illustration
Paris_1536,94,1,Content Illustration
Paris_1536,94,2,Content Illustration
Paris_1536,95,1,Content Illustration
Paris_1536,95,2,Content Illustration
Paris_1536,96,1,Content Illustration
Paris_1536,97,1,Content Illustration
Paris_1536,98,1,Content Illustration
Paris_1536,99,1,Content Illustration
Paris_1544,15,1,Content Illustration
Paris_1544,15,2,Content Illustration
Paris_1544,15,3,Content Illustration
Paris_1544,15,4,Content Illustration
Paris_1544,16,1,Content Illustration
Paris_1544,16,2,Content Illustration
Paris_1544,16,3,Content Illustration
Paris_1544,17,1,Content Illustration
Paris_1544,17,2,Content Illustration
Paris_1544,18,1,Content Illustration
Paris_1544,18,2,Content Illustration
Paris_1544,18,3,Content Illustration
Paris_1544,19,1,Content Illustration
Paris_1544,20,1,Content Illustration
Paris_1544,20,2,Content Illustration
Paris_1544,21,1,Content Illustration
Paris_1544,21,2,Content Illustration
Paris_1544,21,3,Content Illustration
Paris_1544,21,4,Content Illustration
Paris_1544,21,5,Content Illustration
Paris_1544,22,1,Content Illustration
Paris_1544,22,2,Content Illustration
Paris_1544,22,3,Content Illustration
Paris_1544,23,1,Content Illustration
Paris_1544,23,2,Content Illustration
Paris_1544,23,3,Content Illustration
Paris_1544,24,1,Content Illustration
Paris_1544,24,2,Content Illustration
Paris_1544,25,1,Content Illustration
Paris_1544,26,1,Content Illustration
Paris_1544,26,2,Content Illustration
Paris_1544,27,1,Content Illustration
Paris_1544,27,2,Content Illustration
Paris_1544,28,1,Content Illustration
Paris_1544,28,2,Content Illustration
Paris_1544,29,1,Content Illustration
Paris_1544,29,2,Content Illustration
Paris_1544,29,3,Content Illustration
Paris_1544,29,4,Content Illustration
Paris_1544,30,1,Content Illustration
Paris_1544,30,2,Content Illustration
Paris_1544,31,1,Content Illustration
Paris_1544,31,2,Content Illustration
Paris_1544,31,3,Content Illustration
Paris_1544,31,4,Content Illustration
Paris_1544,32,1,Content Illustration
Paris_1544,32,2,Content Illustration
Paris_1544,32,3,Content Illustration
Paris_1544,33,1,Content Illustration
Paris_1544,33,2,Content Illustration
Paris_1544,33,3,Content Illustration
Paris_1544,33,4,Content Illustration
Paris_1544,34,1,Content Illustration
Paris_1544,34,2,Content Illustration
Paris_1544,35,1,Content Illustration
Paris_1544,35,2,Content Illustration
Paris_1544,36,1,Content Illustration
Paris_1544,36,2,Content Illustration
Paris_1544,36,3,Content Illustration
Paris_1544,37,1,Content Illustration
Paris_1544,37,2,Content Illustration
Paris_1544,38,1,Content Illustration
Paris_1544,38,2,Content Illustration
Paris_1544,38,3,Content Illustration
Paris_1544,39,1,Content Illustration
Paris_1544,39,2,Content Illustration
Paris_1544,40,1,Content Illustration
Paris_1544,40,2,Content Illustration
Paris_1544,41,1,Content Illustration
Paris_1544,41,2,Content Illustration
Paris_1544,42,1,Content Illustration
Paris_1544,42,2,Content Illustration
Paris_1544,42,3,Content Illustration
Paris_1544,42,4,Content Illustration
Paris_1544,43,1,Content Illustration
Paris_1544,43,2,Content Illustration
Paris_1544,44,1,Content Illustration
Paris_1544,44,2,Content Illustration
Paris_1544,45,1,Content Illustration
Paris_1544,45,2,Content Illustration
Paris_1544,46,1,Content Illustration
Paris_1544,46,2,Content Illustration
Paris_1544,47,1,Content Illustration
Paris_1544,48,1,Content Illustration
Paris_1544,48,2,Content Illustration
Paris_1544,49,1,Content Illustration
Paris_1544,49,2,Content Illustration
Paris_1544,50,1,Content Illustration
Paris_1544,52,1,Content Illustration
Paris_1544,54,1,Content Illustration
Paris_1544,55,1,Content Illustration
Paris_1544,56,1,Content Illustration
Paris_1544,56,2,Content Illustration
Paris_1544,57,1,Content Illustration
Paris_1544,58,1,Content Illustration
Paris_1544,59,1,Content Illustration
Paris_1544,60,1,Content Illustration
Paris_1544,61,1,Content Illustration
Paris_1544,62,1,Content Illustration
Paris_1544,62,2,Content Illustration
Paris_1544,64,1,Content Illustration
Paris_1544,64,2,Content Illustration
Paris_1544,64,3,Content Illustration
Paris_1544,64,4,Content Illustration
Paris_1544,65,1,Content Illustration
Paris_1544,65,2,Content Illustration
Paris_1544,65,3,Content Illustration
Paris_1544,65,4,Content Illustration
Paris_1544,66,1,Content Illustration
Paris_1544,66,2,Content Illustration
Paris_1544,67,1,Content Illustration
Paris_1544,68,1,Content Illustration
Paris_1544,68,2,Content Illustration
Paris_1544,68,3,Content Illustration
Paris_1544,69,1,Content Illustration
Paris_1544,69,2,Content Illustration
Paris_1544,71,1,Content Illustration
Paris_1544,72,1,Content Illustration
Paris_1544,72,2,Content Illustration
Paris_1544,73,1,Content Illustration
Paris_1544,73,2,Content Illustration
Paris_1544,73,3,Content Illustration
Paris_1544,74,1,Content Illustration
Paris_1544,74,2,Content Illustration
Paris_1544,74,3,Content Illustration
Paris_1544,75,1,Content Illustration
Paris_1544,75,2,Content Illustration
Paris_1544,76,1,Content Illustration
Paris_1544,77,1,Content Illustration
Paris_1544,77,2,Content Illustration
Paris_1544,78,1,Content Illustration
Paris_1544,78,2,Content Illustration
Paris_1544,79,1,Content Illustration
Paris_1544,79,2,Content Illustration
Paris_1544,79,3,Content Illustration
Paris_1544,80,1,Content Illustration
Paris_1544,80,2,Content Illustration
Paris_1544,80,3,Content Illustration
Paris_1544,80,4,Content Illustration
Paris_1544,80,5,Content Illustration
Paris_1544,81,1,Content Illustration
Paris_1544,81,2,Content Illustration
Paris_1544,81,3,Content Illustration
Paris_1544,81,4,Content Illustration
Paris_1544,82,1,Content Illustration
Paris_1544,82,2,Content Illustration
Paris_1544,82,3,Content Illustration
Paris_1544,83,1,Content Illustration
Paris_1544,83,2,Content Illustration
Paris_1544,83,3,Content Illustration
Paris_1544,83,4,Content Illustration
Paris_1544,83,5,Content Illustration
Paris_1544,83,6,Content Illustration
Paris_1544,84,1,Content Illustration
Paris_1544,84,2,Content Illustration
Paris_1544,84,3,Content Illustration
Paris_1544,85,1,Content Illustration
Paris_1544,86,1,Content Illustration
Paris_1544,86,2,Content Illustration
Paris_1544,87,1,Content Illustration
Paris_1544,87,2,Content Illustration
Paris_1544,88,1,Content Illustration
Paris_1544,88,2,Content Illustration
Paris_1544,88,3,Content Illustration
Paris_1544,89,1,Content Illustration
Paris_1544,89,2,Content Illustration
Paris_1544,89,3,Content Illustration
Paris_1544,89,4,Content Illustration
Paris_1544,90,1,Content Illustration
Paris_1544,91,1,Content Illustration
Paris_1544,91,2,Content Illustration
Paris_1544,92,1,Content Illustration
Paris_1544,92,2,Content Illustration
Paris_1544,93,1,Content Illustration
Paris_1544,94,1,Content Illustration
Paris_1544,94,2,Content Illustration
Paris_1544,94,3,Content Illustration
Paris_1544,94,4,Content Illustration
Paris_1544,95,1,Content Illustration
Paris_1544,95,2,Content Illustration
Paris_1544,96,1,Content Illustration
Paris_1544,97,1,Content Illustration
Paris_1544,97,2,Content Illustration
Paris_1544,97,3,Content Illustration
Paris_1544,98,1,Content Illustration
Paris_1544,98,2,Content Illustration
Paris_1544,99,1,Content Illustration
Paris_1544,100,1,Content Illustration
Paris_1544,100,2,Content Illustration
Paris_1544,101,1,Content Illustration
Paris_1544,102,1,Content Illustration
Paris_1544,103,1,Content Illustration
Paris_1544,104,1,Content Illustration
Paris_1544,104,2,Content Illustration
Paris_1544,105,1,Content Illustration
Paris_1544,105,2,Content Illustration
Paris_1544,106,1,Content Illustration
Paris_1544,110,1,Content Illustration
Paris_1544,112,1,Content Illustration
Paris_1544,112,2,Content Illustration
Paris_1544,113,1,Content Illustration
Paris_1544,113,2,Content Illustration
Paris_1544,113,3,Content Illustration
Paris_1544,114,1,Content Illustration
Paris_1544,114,2,Content Illustration
Paris_1544,116,1,Content Illustration
Paris_1544,117,1,Content Illustration
Paris_1544,118,1,Content Illustration
Paris_1544,119,1,Content Illustration
Paris_1544,119,2,Content Illustration
Paris_1544,119,3,Content Illustration
Paris_1544,121,1,Content Illustration
Paris_1544,122,1,Content Illustration
Paris_1544,122,2,Content Illustration
Paris_1544,123,1,Content Illustration
Paris_1544,124,1,Content Illustration
Paris_1544,124,2,Content Illustration
Paris_1544,125,1,Content Illustration
Paris_1544,125,2,Content Illustration
Paris_1544,125,3,Content Illustration
Paris_1544,126,1,Content Illustration
Paris_1544,126,2,Content Illustration
Paris_1544,127,1,Content Illustration
Paris_1544,127,2,Content Illustration
Paris_1544,127,3,Content Illustration
Paris_1544,127,4,Content Illustration
Paris_1544,127,5,Content Illustration
Paris_1544,127,6,Content Illustration
Paris_1544,127,7,Content Illustration
Paris_1544,127,8,Content Illustration
Paris_1544,127,9,Content Illustration
Paris_1544,128,1,Content Illustration
Paris_1544,129,1,Content Illustration
Paris_1544,129,2,Content Illustration
Paris_1544,130,1,Content Illustration
Paris_1544,131,1,Content Illustration
Paris_1544,131,2,Content Illustration
Paris_1544,132,1,Content Illustration
Paris_1544,132,2,Content Illustration
Paris_1544,132,3,Content Illustration
Paris_1544,133,1,Content Illustration
Paris_1544,133,2,Content Illustration
Paris_1544,134,1,Content Illustration
Paris_1544,134,2,Content Illustration
Paris_1544,134,3,Content Illustration
Paris_1544,134,4,Content Illustration
Paris_1544,136,1,Content Illustration
Paris_1544,137,1,Content Illustration
Paris_1544,137,2,Content Illustration
Paris_1544,137,3,Content Illustration
Paris_1544,137,4,Content Illustration
Paris_1544,138,1,Content Illustration
Paris_1544,138,2,Content Illustration
Paris_1544,138,3,Content Illustration
Paris_1544,138,4,Content Illustration
Paris_1544,139,1,Content Illustration
Paris_1544,139,2,Content Illustration
Paris_1544,140,1,Content Illustration
Paris_1544,140,2,Content Illustration
Paris_1544,140,3,Content Illustration
Paris_1544,140,4,Content Illustration
Paris_1544,141,1,Content Illustration
Paris_1544,141,2,Content Illustration
Paris_1544,142,1,Content Illustration
Paris_1544,142,2,Content Illustration
Paris_1544,143,1,Content Illustration
Paris_1544,143,2,Content Illustration
Paris_1544,143,3,Content Illustration
Paris_1544,144,1,Content Illustration
Paris_1544,144,2,Content Illustration
Paris_1544,145,1,Content Illustration
Paris_1544,145,2,Content Illustration
Paris_1544,145,3,Content Illustration
Paris_1544,146,1,Content Illustration
Paris_1544,146,2,Content Illustration
Paris_1544,147,1,Content Illustration
Paris_1544,147,2,Content Illustration
Paris_1544,147,3,Content Illustration
Paris_1544,147,4,Content Illustration
Paris_1544,147,5,Content Illustration
Paris_1544,148,1,Content Illustration
Paris_1544,148,2,Content Illustration
Paris_1544,149,1,Content Illustration
Paris_1544,149,2,Content Illustration
Paris_1544,150,1,Content Illustration
Paris_1544,150,2,Content Illustration
Paris_1544,150,3,Content Illustration
Paris_1544,151,1,Content Illustration
Paris_1544,151,2,Content Illustration
Paris_1544,151,3,Content Illustration
Paris_1544,151,4,Content Illustration
Paris_1544,152,1,Content Illustration
Paris_1544,152,2,Content Illustration
Paris_1544,152,3,Content Illustration
Paris_1544,153,1,Content Illustration
Paris_1544,153,2,Content Illustration
Paris_1544,153,3,Content Illustration
Paris_1544,154,1,Content Illustration
Paris_1544,154,2,Content Illustration
Paris_1544,154,3,Content Illustration
Paris_1544,154,4,Content Illustration
Paris_1544,155,1,Content Illustration
Paris_1544,155,2,Content Illustration
Paris_1544,155,3,Content Illustration
Paris_1544,156,1,Content Illustration
Paris_1544,156,2,Content Illustration
Paris_1544,156,3,Content Illustration
Paris_1544,156,4,Content Illustration
Paris_1544,157,1,Content Illustration
Paris_1544,157,2,Content Illustration
Paris_1544,157,3,Content Illustration
Paris_1544,157,4,Content Illustration
Paris_1544,158,1,Content Illustration
Paris_1544,158,2,Content Illustration
Paris_1544,159,1,Content Illustration
Paris_1544,161,1,Content Illustration
Paris_1544,161,2,Content Illustration
Paris_1544,161,3,Content Illustration
Paris_1544,162,1,Content Illustration
Paris_1544,162,2,Content Illustration
Paris_1544,163,1,Content Illustration
Paris_1544,164,1,Content Illustration
Paris_1544,164,2,Content Illustration
Paris_1544,164,3,Content Illustration
Paris_1544,164,4,Content Illustration
Paris_1544,164,5,Content Illustration
Paris_1551,11,1,Content Illustration
Paris_1551,12,1,Content Illustration
Paris_1551,12,2,Content Illustration
Paris_1551,12,3,Content Illustration
Paris_1551,12,4,Content Illustration
Paris_1551,13,1,Content Illustration
Paris_1551,13,2,Content Illustration
Paris_1551,13,3,Content Illustration
Paris_1551,14,1,Content Illustration
Paris_1551,14,2,Content Illustration
Paris_1551,15,1,Content Illustration
Paris_1551,16,1,Content Illustration
Paris_1551,16,2,Content Illustration
Paris_1551,17,1,Content Illustration
Paris_1551,18,1,Content Illustration
Paris_1551,18,2,Content Illustration
Paris_1551,19,1,Content Illustration
Paris_1551,19,2,Content Illustration
Paris_1551,20,1,Content Illustration
Paris_1551,20,2,Content Illustration
Paris_1551,21,1,Content Illustration
Paris_1551,21,2,Content Illustration
Paris_1551,22,1,Content Illustration
Paris_1551,22,2,Content Illustration
Paris_1551,22,3,Content Illustration
Paris_1551,24,1,Content Illustration
Paris_1551,25,1,Content Illustration
Paris_1551,25,2,Content Illustration
Paris_1551,26,1,Content Illustration
Paris_1551,26,2,Content Illustration
Paris_1551,27,1,Content Illustration
Paris_1551,28,1,Content Illustration
Paris_1551,29,1,Content Illustration
Paris_1551,29,2,Content Illustration
Paris_1551,30,1,Content Illustration
Paris_1551,31,1,Content Illustration
Paris_1551,31,2,Content Illustration
Paris_1551,31,3,Content Illustration
Paris_1551,32,1,Content Illustration
Paris_1551,32,2,Content Illustration
Paris_1551,33,1,Content Illustration
Paris_1551,34,1,Content Illustration
Paris_1551,34,2,Content Illustration
Paris_1551,35,1,Content Illustration
Paris_1551,35,2,Content Illustration
Paris_1551,36,1,Content Illustration
Paris_1551,37,1,Content Illustration
Paris_1551,37,2,Content Illustration
Paris_1551,38,1,Content Illustration
Paris_1551,38,2,Content Illustration
Paris_1551,39,1,Content Illustration
Paris_1551,40,1,Content Illustration
Paris_1551,40,2,Content Illustration
Paris_1551,41,1,Content Illustration
Paris_1551,41,2,Content Illustration
Paris_1551,42,1,Content Illustration
Paris_1551,42,2,Content Illustration
Paris_1551,43,1,Content Illustration
Paris_1551,44,1,Content Illustration
Paris_1551,44,2,Content Illustration
Paris_1551,45,1,Content Illustration
Paris_1551,45,2,Content Illustration
Paris_1551,46,1,Content Illustration
Paris_1551,47,1,Content Illustration
Paris_1551,47,2,Content Illustration
Paris_1551,47,3,Content Illustration
Paris_1551,48,1,Content Illustration
Paris_1551,49,1,Content Illustration
Paris_1551,49,2,Content Illustration
Paris_1551,50,1,Content Illustration
Paris_1551,50,2,Content Illustration
Paris_1551,51,1,Content Illustration
Paris_1551,51,2,Content Illustration
Paris_1551,52,1,Content Illustration
Paris_1551,52,2,Content Illustration
Paris_1551,53,1,Content Illustration
Paris_1551,54,1,Content Illustration
Paris_1551,55,1,Content Illustration
Paris_1551,55,2,Content Illustration
Paris_1551,56,1,Content Illustration
Paris_1551,57,1,Content Illustration
Paris_1551,58,1,Content Illustration
Paris_1551,59,1,Content Illustration
Paris_1551,60,1,Content Illustration
Paris_1551,60,2,Content Illustration
Paris_1551,61,1,Content Illustration
Paris_1551,63,1,Content Illustration
Paris_1551,64,1,Content Illustration
Paris_1551,65,1,Content Illustration
Paris_1551,66,1,Content Illustration
Paris_1551,67,1,Content Illustration
Paris_1551,68,1,Content Illustration
Paris_1551,69,1,Content Illustration
Paris_1551,70,1,Content Illustration
Paris_1551,71,1,Content Illustration
Paris_1551,73,1,Content Illustration
Paris_1551,75,1,Content Illustration
Paris_1551,76,1,Content Illustration
Paris_1551,77,1,Content Illustration
Paris_1551,78,1,Content Illustration
Paris_1551,79,1,Content Illustration
Paris_1551,81,1,Content Illustration
Paris_1551,81,2,Content Illustration
Paris_1551,82,1,Content Illustration
Paris_1551,82,2,Content Illustration
Paris_1551,82,3,Content Illustration
Paris_1551,82,4,Content Illustration
Paris_1551,82,5,Content Illustration
Paris_1551,83,1,Content Illustration
Paris_1551,83,2,Content Illustration
Paris_1551,83,3,Content Illustration
Paris_1551,84,1,Content Illustration
Paris_1551,85,1,Content Illustration
Paris_1551,86,1,Content Illustration
Paris_1551,87,1,Content Illustration
Paris_1551,88,1,Content Illustration
Paris_1551,88,2,Content Illustration
Paris_1551,89,1,Content Illustration
Paris_1551,91,1,Content Illustration
Paris_1551,93,1,Content Illustration
Paris_1551,93,2,Content Illustration
Paris_1551,94,1,Content Illustration
Paris_1551,94,2,Content Illustration
Paris_1551,95,1,Content Illustration
Paris_1551,95,2,Content Illustration
Paris_1551,96,1,Content Illustration
Paris_1551,96,2,Content Illustration
Paris_1551,97,1,Content Illustration
Paris_1551,98,1,Content Illustration
Paris_1551,99,1,Content Illustration
Paris_1551,100,1,Content Illustration
Paris_1551,101,1,Content Illustration
Paris_1551,102,1,Content Illustration
Paris_1551,102,2,Content Illustration
Paris_1551,103,1,Content Illustration
Paris_1551,103,2,Content Illustration
Paris_1551,104,1,Content Illustration
Paris_1551,105,1,Content Illustration
Paris_1551,105,2,Content Illustration
Paris_1551,105,3,Content Illustration
Paris_1551,105,4,Content Illustration
Paris_1551,105,5,Content Illustration
Paris_1551,105,6,Content Illustration
Paris_1551,106,1,Content Illustration
Paris_1551,106,2,Content Illustration
Paris_1551,107,1,Content Illustration
Paris_1551,107,2,Content Illustration
Paris_1551,108,1,Content Illustration
Paris_1551,108,2,Content Illustration
Paris_1551,109,1,Content Illustration
Paris_1551,109,2,Content Illustration
Paris_1551,109,3,Content Illustration
Paris_1551,110,1,Content Illustration
Paris_1551,110,2,Content Illustration
Paris_1551,110,3,Content Illustration
Paris_1551,110,4,Content Illustration
Paris_1551,110,5,Content Illustration
Paris_1551,110,6,Content Illustration
Paris_1551,111,1,Content Illustration
Paris_1551,112,1,Content Illustration
Paris_1551,113,1,Content Illustration
Paris_1551,114,1,Content Illustration
Paris_1551,115,1,Content Illustration
Paris_1551,116,1,Content Illustration
Paris_1551,116,2,Content Illustration
Paris_1551,117,1,Content Illustration
Paris_1551,117,2,Content Illustration
Paris_1551,118,1,Content Illustration
Paris_1551,119,1,Content Illustration
Paris_1551,119,2,Content Illustration
Paris_1551,119,3,Content Illustration
Paris_1551,119,4,Content Illustration
Paris_1551,120,1,Content Illustration
Paris_1551,121,1,Content Illustration
Paris_1551,122,1,Content Illustration
Paris_1551,122,2,Content Illustration
Paris_1551,123,1,Content Illustration
Paris_1551,124,1,Content Illustration
Paris_1551,125,1,Content Illustration
Paris_1551,125,2,Content Illustration
Paris_1551,125,3,Content Illustration
Paris_1551,126,1,Content Illustration
Paris_1551,127,1,Content Illustration
Paris_1551,127,2,Content Illustration
Paris_1551,129,1,Content Illustration
Paris_1551,129,2,Content Illustration
Paris_1551,130,1,Content Illustration
Paris_1551,130,2,Content Illustration
Paris_1551,131,1,Content Illustration
Paris_1551,132,1,Content Illustration
Paris_1551,133,1,Content Illustration
Paris_1551,134,1,Content Illustration
Paris_1551,134,2,Content Illustration
Paris_1551,135,1,Content Illustration
Paris_1551,137,1,Content Illustration
Paris_1551,138,1,Content Illustration
Paris_1551,139,1,Content Illustration
Paris_1551,140,1,Content Illustration
Paris_1551,141,1,Content Illustration
Paris_1551,142,1,Content Illustration
Paris_1551,142,2,Content Illustration
Paris_1551,148,1,Content Illustration
Paris_1551,151,1,Content Illustration
Paris_1551,152,1,Content Illustration
Paris_1551,153,1,Content Illustration
Paris_1551,153,2,Content Illustration
Paris_1551,154,1,Content Illustration
Paris_1551,154,2,Content Illustration
Paris_1551,157,1,Content Illustration
Paris_1551,159,1,Content Illustration
Paris_1551,160,1,Content Illustration
Paris_1551,161,1,Content Illustration
Paris_1551,161,2,Content Illustration
Paris_1551,162,1,Content Illustration
Paris_1551,164,1,Content Illustration
Paris_1551,165,1,Content Illustration
Paris_1551,166,1,Content Illustration
Paris_1551,167,1,Content Illustration
Paris_1551,168,1,Content Illustration
Paris_1551,169,1,Content Illustration
Paris_1551,170,1,Content Illustration
Paris_1551,170,2,Content Illustration
Paris_1551,171,1,Content Illustration
Paris_1551,173,1,Content Illustration
Paris_1551,173,2,Content Illustration
Paris_1551,174,1,Content Illustration
Paris_1551,174,2,Content Illustration
Paris_1551,174,3,Content Illustration
Paris_1551,174,4,Content Illustration
Paris_1551,174,5,Content Illustration
Paris_1551,174,6,Content Illustration
Paris_1551,175,1,Content Illustration
Paris_1551,176,1,Content Illustration
Paris_1551,177,1,Content Illustration
Paris_1551,178,1,Content Illustration
Paris_1551,178,2,Content Illustration
Paris_1551,179,1,Content Illustration
Paris_1551,179,2,Content Illustration
Paris_1551,179,3,Content Illustration
Paris_1551,180,1,Content Illustration
Paris_1551,181,1,Content Illustration
Paris_1551,181,2,Content Illustration
Paris_1551,182,1,Content Illustration
Paris_1551,182,2,Content Illustration
Paris_1551,183,1,Content Illustration
Paris_1551,183,2,Content Illustration
Paris_1551,184,1,Content Illustration
Paris_1551,184,2,Content Illustration
Paris_1551,184,3,Content Illustration
Paris_1551,185,1,Content Illustration
Paris_1551,187,1,Content Illustration
Paris_1551,187,2,Content Illustration
Paris_1551,188,1,Content Illustration
Paris_1551,189,1,Content Illustration
Paris_1551,189,2,Content Illustration
Paris_1551,190,1,Content Illustration
Paris_1551,190,2,Content Illustration
Paris_1551,190,3,Content Illustration
Paris_1551,190,4,Content Illustration
Paris_1551,191,1,Content Illustration
Paris_1551,191,2,Content Illustration
Paris_1551,192,1,Content Illustration
Paris_1551,193,1,Content Illustration
Paris_1551,193,2,Content Illustration
Paris_1551,193,3,Content Illustration
Paris_1551,193,4,Content Illustration
Paris_1551,194,1,Content Illustration
Paris_1551,194,2,Content Illustration
Paris_1551,194,3,Content Illustration
Paris_1551,195,1,Content Illustration
Paris_1551,196,1,Content Illustration
Paris_1551,197,1,Content Illustration
Paris_1551,197,2,Content Illustration
Paris_1551,197,3,Content Illustration
Paris_1551,198,1,Content Illustration
Paris_1551,199,1,Content Illustration
Paris_1551,200,1,Content Illustration
Paris_1551,200,2,Content Illustration
Paris_1551,201,1,Content Illustration
Paris_1551,201,2,Content Illustration
Paris_1551,201,3,Content Illustration
Paris_1551,202,1,Content Illustration
Paris_1551,202,2,Content Illustration
Paris_1551,203,1,Content Illustration
Paris_1551,203,2,Content Illustration
Paris_1551,203,3,Content Illustration
Paris_1551,204,1,Content Illustration
Paris_1551,204,2,Content Illustration
Paris_1551,204,3,Content Illustration
Paris_1551,205,1,Content Illustration
Paris_1551,206,1,Content Illustration
Paris_1551,207,1,Content Illustration
Paris_1551,207,2,Content Illustration
Paris_1551,207,3,Content Illustration
Paris_1551,208,1,Content Illustration
Paris_1551,208,2,Content Illustration
Paris_1551,209,1,Content Illustration
Paris_1551,209,2,Content Illustration
Paris_1551,209,3,Content Illustration
Paris_1551,210,1,Content Illustration
Paris_1551,210,2,Content Illustration
Paris_1551,211,1,Content Illustration
Paris_1551,212,1,Content Illustration
Paris_1551,212,2,Content Illustration
Paris_1551,212,3,Content Illustration
Paris_1551,213,1,Content Illustration
Paris_1551,213,2,Content Illustration
Paris_1551,213,3,Content Illustration
Paris_1551,213,4,Content Illustration
Paris_1551,213,5,Content Illustration
Paris_1551,214,1,Content Illustration
Paris_1551,215,1,Content Illustration
Paris_1551,215,2,Content Illustration
Paris_1551,215,3,Content Illustration
Paris_1551,215,4,Content Illustration
Paris_1551,216,1,Content Illustration
Paris_1551,216,2,Content Illustration
Paris_1551,216,3,Content Illustration
Paris_1551,217,1,Content Illustration
Paris_1551,217,2,Content Illustration
Paris_1551,217,3,Content Illustration
Paris_1551,218,1,Content Illustration
Paris_1551,219,1,Content Illustration
Paris_1551,220,1,Content Illustration
Paris_1551,221,1,Content Illustration
Paris_1551,221,2,Content Illustration
Paris_1551,223,1,Content Illustration
Paris_1551,223,2,Content Illustration
Paris_1551,224,1,Content Illustration
Paris_1551,224,2,Content Illustration
Paris_1551,225,1,Content Illustration
Paris_1551,227,1,Content Illustration
Paris_1551,228,1,Content Illustration
Paris_1551,228,2,Content Illustration
Paris_1551,228,3,Content Illustration
Paris_1551,228,4,Content Illustration
Basel_1537,10,1,Content Illustration
Basel_1537,10,2,Content Illustration
Basel_1537,10,3,Content Illustration
Basel_1537,10,4,Content Illustration
Basel_1537,10,5,Content Illustration
Basel_1537,10,6,Content Illustration
Basel_1537,11,1,Content Illustration
Basel_1537,11,2,Content Illustration
Basel_1537,11,3,Content Illustration
Basel_1537,11,4,Content Illustration
Basel_1537,11,5,Content Illustration
Basel_1537,11,6,Content Illustration
Basel_1537,11,7,Content Illustration
Basel_1537,11,8,Content Illustration
Basel_1537,11,9,Content Illustration
Basel_1537,11,10,Content Illustration
Basel_1537,11,11,Content Illustration
Basel_1537,11,12,Content Illustration
Basel_1537,11,13,Content Illustration
Basel_1537,11,14,Content Illustration
Basel_1537,11,15,Content Illustration
Basel_1537,11,16,Content Illustration
Basel_1537,12,1,Content Illustration
Basel_1537,12,2,Content Illustration
Basel_1537,13,1,Content Illustration
Basel_1537,13,2,Content Illustration
Basel_1537,13,3,Content Illustration
Basel_1537,13,4,Content Illustration
Basel_1537,13,5,Content Illustration
Basel_1537,13,6,Content Illustration
Basel_1537,14,1,Content Illustration
Basel_1537,14,2,Content Illustration
Basel_1537,14,3,Content Illustration
Basel_1537,14,4,Content Illustration
Basel_1537,14,5,Content Illustration
Basel_1537,14,6,Content Illustration
Basel_1537,14,7,Content Illustration
Basel_1537,14,8,Content Illustration
Basel_1537,14,9,Content Illustration
Basel_1537,14,10,Content Illustration
Basel_1537,15,1,Content Illustration
Basel_1537,15,2,Content Illustration
Basel_1537,16,1,Content Illustration
Basel_1537,16,2,Content Illustration
Basel_1537,17,1,Content Illustration
Basel_1537,17,2,Content Illustration
Basel_1537,17,3,Content Illustration
Basel_1537,18,1,Content Illustration
Basel_1537,18,2,Content Illustration
Basel_1537,18,3,Content Illustration
Basel_1537,19,1,Content Illustration
Basel_1537,19,2,Content Illustration
Basel_1537,20,1,Content Illustration
Basel_1537,20,2,Content Illustration
Basel_1537,20,3,Content Illustration
Basel_1537,21,1,Content Illustration
Basel_1537,21,2,Content Illustration
Basel_1537,21,3,Content Illustration
Basel_1537,22,1,Content Illustration
Basel_1537,22,2,Content Illustration
Basel_1537,22,3,Content Illustration
Basel_1537,22,4,Content Illustration
Basel_1537,23,1,Content Illustration
Basel_1537,23,2,Content Illustration
Basel_1537,23,3,Content Illustration
Basel_1537,23,4,Content Illustration
Basel_1537,24,1,Content Illustration
Basel_1537,24,2,Content Illustration
Basel_1537,24,3,Content Illustration
Basel_1537,24,4,Content Illustration
Basel_1537,25,1,Content Illustration
Basel_1537,25,2,Content Illustration
Basel_1537,25,3,Content Illustration
Basel_1537,26,1,Content Illustration
Basel_1537,26,2,Content Illustration
Basel_1537,26,3,Content Illustration
Basel_1537,26,4,Content Illustration
Basel_1537,27,1,Content Illustration
Basel_1537,27,2,Content Illustration
Basel_1537,27,3,Content Illustration
Basel_1537,27,4,Content Illustration
Basel_1537,27,5,Content Illustration
Basel_1537,27,6,Content Illustration
Basel_1537,28,1,Content Illustration
Basel_1537,28,2,Content Illustration
Basel_1537,28,3,Content Illustration
Basel_1537,28,4,Content Illustration
Basel_1537,29,1,Content Illustration
Basel_1537,29,2,Content Illustration
Basel_1537,29,3,Content Illustration
Basel_1537,30,1,Content Illustration
Basel_1537,30,2,Content Illustration
Basel_1537,30,3,Content Illustration
Basel_1537,31,1,Content Illustration
Basel_1537,31,2,Content Illustration
Basel_1537,31,3,Content Illustration
Basel_1537,31,4,Content Illustration
Basel_1537,32,1,Content Illustration
Basel_1537,32,2,Content Illustration
Basel_1537,33,1,Content Illustration
Basel_1537,33,2,Content Illustration
Basel_1537,33,3,Content Illustration
Basel_1537,34,1,Content Illustration
Basel_1537,34,2,Content Illustration
Basel_1537,34,3,Content Illustration
Basel_1537,35,1,Content Illustration
Basel_1537,35,2,Content Illustration
Basel_1537,35,3,Content Illustration
Basel_1537,35,4,Content Illustration
Basel_1537,35,5,Content Illustration
Basel_1537,36,1,Content Illustration
Basel_1537,36,2,Content Illustration
Basel_1537,36,3,Content Illustration
Basel_1537,36,4,Content Illustration
Basel_1537,36,5,Content Illustration
Basel_1537,36,6,Content Illustration
Basel_1537,36,7,Content Illustration
Basel_1537,37,1,Content Illustration
Basel_1537,37,2,Content Illustration
Basel_1537,37,3,Content Illustration
Basel_1537,37,4,Content Illustration
Basel_1537,37,5,Content Illustration
Basel_1537,37,6,Content Illustration
Basel_1537,37,7,Content Illustration
Basel_1537,37,8,Content Illustration
Basel_1537,38,1,Content Illustration
Basel_1537,38,2,Content Illustration
Basel_1537,38,3,Content Illustration
Basel_1537,38,4,Content Illustration
Basel_1537,39,1,Content Illustration
Basel_1537,39,2,Content Illustration
Basel_1537,39,3,Content Illustration
Basel_1537,39,4,Content Illustration
Basel_1537,39,5,Content Illustration
Basel_1537,40,1,Content Illustration
Basel_1537,40,2,Content Illustration
Basel_1537,40,3,Content Illustration
Basel_1537,40,4,Content Illustration
Basel_1537,41,1,Content Illustration
Basel_1537,41,2,Content Illustration
Basel_1537,41,3,Content Illustration
Basel_1537,41,4,Content Illustration
Basel_1537,42,1,Content Illustration
Basel_1537,42,2,Content Illustration
Basel_1537,42,3,Content Illustration
Basel_1537,42,4,Content Illustration
Basel_1537,42,5,Content Illustration
Basel_1537,43,1,Content Illustration
Basel_1537,43,2,Content Illustration
Basel_1537,43,3,Content Illustration
Basel_1537,44,1,Content Illustration
Basel_1537,44,2,Content Illustration
Basel_1537,44,3,Content Illustration
Basel_1537,44,4,Content Illustration
Basel_1537,45,1,Content Illustration
Basel_1537,45,2,Content Illustration
Basel_1537,45,3,Content Illustration
Basel_1537,46,1,Content Illustration
Basel_1537,46,2,Content Illustration
Basel_1537,46,3,Content Illustration
Basel_1537,46,4,Content Illustration
Basel_1537,46,5,Content Illustration
Basel_1537,47,1,Content Illustration
Basel_1537,47,2,Content Illustration
Basel_1537,47,3,Content Illustration
Basel_1537,48,1,Content Illustration
Basel_1537,48,2,Content Illustration
Basel_1537,48,3,Content Illustration
Basel_1537,49,1,Content Illustration
Basel_1537,50,1,Content Illustration
Basel_1537,50,2,Content Illustration
Basel_1537,50,3,Content Illustration
Basel_1537,51,1,Content Illustration
Basel_1537,51,2,Content Illustration
Basel_1537,51,3,Content Illustration
Basel_1537,52,1,Content Illustration
Basel_1537,52,2,Content Illustration
Basel_1537,53,1,Content Illustration
Basel_1537,53,2,Content Illustration
Basel_1537,53,3,Content Illustration
Basel_1537,54,1,Content Illustration
Basel_1537,54,2,Content Illustration
Basel_1537,54,3,Content Illustration
Basel_1537,54,4,Content Illustration
Basel_1537,55,1,Content Illustration
Basel_1537,55,2,Content Illustration
Basel_1537,56,1,Content Illustration
Basel_1537,56,2,Content Illustration
Basel_1537,56,3,Content Illustration
Basel_1537,57,1,Content Illustration
Basel_1537,57,2,Content Illustration
Basel_1537,58,1,Content Illustration
Basel_1537,58,2,Content Illustration
Basel_1537,59,1,Content Illustration
Basel_1537,59,2,Content Illustration
Basel_1537,59,3,Content Illustration
Basel_1537,60,1,Content Illustration
Basel_1537,60,2,Content Illustration
Basel_1537,60,3,Content Illustration
Basel_1537,61,1,Content Illustration
Basel_1537,61,2,Content Illustration
Basel_1537,61,3,Content Illustration
Basel_1537,61,4,Content Illustration
Basel_1537,62,1,Content Illustration
Basel_1537,62,2,Content Illustration
Basel_1537,62,3,Content Illustration
Basel_1537,62,4,Content Illustration
Basel_1537,62,5,Content Illustration
Basel_1537,62,6,Content Illustration
Basel_1537,62,7,Content Illustration
Basel_1537,62,8,Content Illustration
Basel_1537,63,1,Content Illustration
Basel_1537,63,2,Content Illustration
Basel_1537,63,3,Content Illustration
Basel_1537,63,4,Content Illustration
Basel_1537,63,5,Content Illustration
Basel_1537,63,6,Content Illustration
Basel_1537,63,7,Content Illustration
Basel_1537,64,1,Content Illustration
Basel_1537,64,2,Content Illustration
Basel_1537,64,3,Content Illustration
Basel_1537,64,4,Content Illustration
Basel_1537,65,1,Content Illustration
Basel_1537,65,2,Content Illustration
Basel_1537,66,1,Content Illustration
Basel_1537,66,2,Content Illustration
Basel_1537,66,3,Content Illustration
Basel_1537,66,4,Content Illustration
Basel_1537,67,1,Content Illustration
Basel_1537,67,2,Content Illustration
Basel_1537,67,3,Content Illustration
Basel_1537,68,1,Content Illustration
Basel_1537,69,1,Content Illustration
Basel_1537,69,2,Content Illustration
Basel_1537,70,1,Content Illustration
Basel_1537,70,2,Content Illustration
Basel_1537,71,1,Content Illustration
Basel_1537,71,2,Content Illustration
Basel_1537,71,3,Content Illustration
Basel_1537,71,4,Content Illustration
Basel_1537,71,5,Content Illustration
Basel_1537,72,1,Content Illustration
Basel_1537,72,2,Content Illustration
Basel_1537,72,3,Content Illustration
Basel_1537,72,4,Content Illustration
Basel_1537,73,1,Content Illustration
Basel_1537,73,2,Content Illustration
Basel_1537,73,3,Content Illustration
Basel_1537,74,1,Content Illustration
Basel_1537,74,2,Content Illustration
Basel_1537,75,1,Content Illustration
Basel_1537,75,2,Content Illustration
Basel_1537,75,3,Content Illustration
Basel_1537,76,1,Content Illustration
Basel_1537,76,2,Content Illustration
Basel_1537,77,1,Content Illustration
Basel_1537,77,2,Content Illustration
Basel_1537,78,1,Content Illustration
Basel_1537,78,2,Content Illustration
Basel_1537,78,3,Content Illustration
Basel_1537,78,4,Content Illustration
Basel_1537,78,5,Content Illustration
Basel_1537,79,1,Content Illustration
Basel_1537,79,2,Content Illustration
Basel_1537,79,3,Content Illustration
Basel_1537,80,1,Content Illustration
Basel_1537,80,2,Content Illustration
Basel_1537,80,3,Content Illustration
Basel_1537,81,1,Content Illustration
Basel_1537,81,2,Content Illustration
Basel_1537,81,3,Content Illustration
Basel_1537,81,4,Content Illustration
Basel_1537,81,5,Content Illustration
Basel_1537,81,6,Content Illustration
Basel_1537,81,7,Content Illustration
Basel_1537,82,1,Content Illustration
Basel_1537,82,2,Content Illustration
Basel_1537,82,3,Content Illustration
Basel_1537,82,4,Content Illustration
Basel_1537,83,1,Content Illustration
Basel_1537,83,2,Content Illustration
Basel_1537,83,3,Content Illustration
Basel_1537,84,1,Content Illustration
Basel_1537,84,2,Content Illustration
Basel_1537,84,3,Content Illustration
Basel_1537,84,4,Content Illustration
Basel_1537,85,1,Content Illustration
Basel_1537,85,2,Content Illustration
Basel_1537,85,3,Content Illustration
Basel_1537,86,1,Content Illustration
Basel_1537,86,2,Content Illustration
Basel_1537,86,3,Content Illustration
Basel_1537,87,1,Content Illustration
Basel_1537,88,1,Content Illustration
Basel_1537,88,2,Content Illustration
Basel_1537,88,3,Content Illustration
Basel_1537,89,1,Content Illustration
Basel_1537,89,2,Content Illustration
Basel_1537,89,3,Content Illustration
Basel_1537,89,4,Content Illustration
Basel_1537,90,1,Content Illustration
Basel_1537,90,2,Content Illustration
Basel_1537,90,3,Content Illustration
Basel_1537,91,1,Content Illustration
Basel_1537,91,2,Content Illustration
Basel_1537,91,3,Content Illustration
Basel_1537,91,4,Content Illustration
Basel_1537,91,5,Content Illustration
Basel_1537,91,6,Content Illustration
Basel_1537,92,1,Content Illustration
Basel_1537,92,2,Content Illustration
Basel_1537,93,1,Content Illustration
Basel_1537,94,1,Content Illustration
Basel_1537,94,2,Content Illustration
Basel_1537,95,1,Content Illustration
Basel_1537,95,2,Content Illustration
Basel_1537,95,3,Content Illustration
Basel_1537,95,4,Content Illustration
Basel_1537,96,1,Content Illustration
Basel_1537,96,2,Content Illustration
Basel_1537,96,3,Content Illustration
Basel_1537,96,4,Content Illustration
Basel_1537,97,1,Content Illustration
Basel_1537,97,2,Content Illustration
Basel_1537,98,1,Content Illustration
Basel_1537,98,2,Content Illustration
Basel_1537,98,3,Content Illustration
Basel_1537,99,1,Content Illustration
Basel_1537,99,2,Content Illustration
Basel_1537,100,1,Content Illustration
Basel_1537,100,2,Content Illustration
Basel_1537,100,3,Content Illustration
Basel_1537,101,1,Content Illustration
Basel_1537,101,2,Content Illustration
Basel_1537,101,3,Content Illustration
Basel_1537,101,4,Content Illustration
Basel_1537,102,1,Content Illustration
Basel_1537,102,2,Content Illustration
Basel_1537,102,3,Content Illustration
Basel_1537,103,1,Content Illustration
Basel_1537,103,2,Content Illustration
Basel_1537,103,3,Content Illustration
Basel_1537,103,4,Content Illustration
Basel_1537,104,1,Content Illustration
Basel_1537,104,2,Content Illustration
Basel_1537,104,3,Content Illustration
Basel_1537,105,1,Content Illustration
Basel_1537,105,2,Content Illustration
Basel_1537,106,1,Content Illustration
Basel_1537,106,2,Content Illustration
Basel_1537,107,1,Content Illustration
Basel_1537,107,2,Content Illustration
Basel_1537,108,1,Content Illustration
Basel_1537,108,2,Content Illustration
Basel_1537,109,1,Content Illustration
Basel_1537,109,2,Content Illustration
Basel_1537,110,1,Content Illustration
Basel_1537,111,1,Content Illustration
Basel_1537,113,1,Content Illustration
Basel_1537,113,2,Content Illustration
Basel_1537,113,3,Content Illustration
Basel_1537,113,4,Content Illustration
Basel_1537,116,1,Content Illustration
Basel_1537,117,1,Content Illustration
Basel_1537,117,2,Content Illustration
Basel_1537,118,1,Content Illustration
Basel_1537,118,2,Content Illustration
Basel_1537,118,3,Content Illustration
Basel_1537,119,1,Content Illustration
Basel_1537,119,2,Content Illustration
Basel_1537,119,3,Content Illustration
Basel_1537,119,4,Content Illustration
Basel_1537,119,5,Content Illustration
Basel_1537,119,6,Content Illustration
Basel_1537,121,1,Content Illustration
Basel_1537,124,1,Content Illustration
Basel_1537,125,1,Content Illustration
Basel_1537,125,2,Content Illustration
Basel_1537,127,1,Content Illustration
Basel_1537,127,2,Content Illustration
Basel_1537,128,1,Content Illustration
Basel_1537,129,1,Content Illustration
Basel_1537,130,1,Content Illustration
Basel_1537,130,2,Content Illustration
Basel_1537,130,3,Content Illustration
Basel_1537,133,1,Content Illustration
Basel_1537,133,2,Content Illustration
Basel_1537,134,1,Content Illustration
Basel_1537,134,2,Content Illustration
Basel_1537,134,3,Content Illustration
Basel_1537,134,4,Content Illustration
Basel_1537,135,1,Content Illustration
Basel_1537,135,2,Content Illustration
Basel_1537,135,3,Content Illustration
Basel_1537,138,1,Content Illustration
Basel_1537,139,1,Content Illustration
Basel_1537,139,2,Content Illustration
Basel_1537,139,3,Content Illustration
Basel_1537,141,1,Content Illustration
Basel_1537,141,2,Content Illustration
Basel_1537,143,1,Content Illustration
Basel_1537,144,1,Content Illustration
Basel_1537,144,2,Content Illustration
Basel_1537,144,3,Content Illustration
Basel_1537,145,1,Content Illustration
Basel_1537,145,2,Content Illustration
Basel_1537,146,1,Content Illustration
Basel_1537,146,2,Content Illustration
Basel_1537,146,3,Content Illustration
Basel_1537,146,4,Content Illustration
Basel_1537,147,1,Content Illustration
Basel_1537,147,2,Content Illustration
Basel_1537,148,1,Content Illustration
Basel_1537,148,2,Content Illustration
Basel_1537,148,3,Content Illustration
Basel_1537,149,1,Content Illustration
Basel_1537,149,2,Content Illustration
Basel_1537,149,3,Content Illustration
Basel_1537,150,1,Content Illustration
Basel_1537,150,2,Content Illustration
Basel_1537,151,1,Content Illustration
Basel_1537,151,2,Content Illustration
Basel_1537,152,1,Content Illustration
Basel_1537,152,2,Content Illustration
Basel_1537,152,3,Content Illustration
Basel_1537,153,1,Content Illustration
Basel_1537,153,2,Content Illustration
Basel_1537,154,1,Content Illustration
Basel_1537,154,2,Content Illustration
Basel_1537,154,3,Content Illustration
Basel_1537,155,1,Content Illustration
Basel_1537,155,2,Content Illustration
Basel_1537,156,1,Content Illustration
Basel_1537,156,2,Content Illustration
Basel_1537,156,3,Content Illustration
Basel_1537,157,1,Content Illustration
Basel_1537,157,2,Content Illustration
Basel_1537,157,3,Content Illustration
Basel_1537,158,1,Content Illustration
Basel_1537,158,2,Content Illustration
Basel_1537,158,3,Content Illustration
Basel_1537,158,4,Content Illustration
Basel_1537,158,5,Content Illustration
Basel_1537,158,6,Content Illustration
Basel_1537,159,1,Content Illustration
Basel_1537,159,2,Content Illustration
Basel_1537,160,1,Content Illustration
Basel_1537,160,2,Content Illustration
Basel_1537,161,1,Content Illustration
Basel_1537,161,2,Content Illustration
Basel_1537,162,1,Content Illustration
Basel_1537,162,2,Content Illustration
Basel_1537,162,3,Content Illustration
Basel_1537,163,1,Content Illustration
Basel_1537,164,1,Content Illustration
Basel_1537,164,2,Content Illustration
Basel_1537,164,3,Content Illustration
Basel_1537,165,1,Content Illustration
Basel_1537,166,1,Content Illustration
Basel_1537,166,2,Content Illustration
Basel_1537,166,3,Content Illustration
Basel_1537,166,4,Content Illustration
Basel_1537,167,1,Content Illustration
Basel_1537,167,2,Content Illustration
Basel_1537,167,3,Content Illustration
Basel_1537,167,4,Content Illustration
Basel_1537,167,5,Content Illustration
Basel_1537,167,6,Content Illustration
Basel_1537,167,7,Content Illustration
Basel_1537,168,1,Content Illustration
Basel_1537,168,2,Content Illustration
Basel_1537,168,3,Content Illustration
Basel_1537,168,4,Content Illustration
Basel_1537,168,5,Content Illustration
Basel_1537,169,1,Content Illustration
Basel_1537,169,2,Content Illustration
Basel_1537,169,3,Content Illustration
Basel_1537,170,1,Content Illustration
Basel_1537,170,2,Content Illustration
Basel_1537,171,1,Content Illustration
Basel_1537,171,2,Content Illustration
Basel_1537,171,3,Content Illustration
Basel_1537,171,4,Content Illustration
Basel_1537,172,1,Content Illustration
Basel_1537,172,2,Content Illustration
Basel_1537,172,3,Content Illustration
Basel_1537,172,4,Content Illustration
Basel_1537,173,1,Content Illustration
Basel_1537,174,1,Content Illustration
Basel_1537,174,2,Content Illustration
Basel_1537,174,3,Content Illustration
Basel_1537,174,4,Content Illustration
Basel_1537,175,1,Content Illustration
Basel_1537,175,2,Content Illustration
Basel_1537,176,1,Content Illustration
Basel_1537,176,2,Content Illustration
Basel_1537,176,3,Content Illustration
Basel_1537,177,1,Content Illustration
Basel_1537,177,2,Content Illustration
Basel_1537,178,1,Content Illustration
Basel_1537,178,2,Content Illustration
Basel_1537,178,3,Content Illustration
Basel_1537,178,4,Content Illustration
Basel_1537,178,5,Content Illustration
Basel_1537,179,1,Content Illustration
Basel_1537,179,2,Content Illustration
Basel_1537,187,1,Content Illustration
Basel_1537,189,1,Content Illustration
Basel_1537,189,2,Content Illustration
Basel_1537,189,3,Content Illustration
Basel_1537,204,1,Content Illustration
Basel_1537,204,2,Content Illustration
Basel_1537,219,1,Content Illustration
Basel_1537,219,2,Content Illustration
Basel_1537,223,1,Content Illustration
Basel_1537,231,1,Content Illustration
Basel_1537,232,1,Content Illustration
Basel_1537,232,2,Content Illustration
Basel_1537,232,3,Content Illustration
Basel_1537,232,4,Content Illustration
Basel_1537,235,1,Content Illustration
Basel_1537,236,1,Content Illustration
Basel_1537,237,1,Content Illustration
Basel_1537,237,2,Content Illustration
Basel_1537,237,3,Content Illustration
Basel_1537,239,1,Content Illustration
Basel_1537,244,1,Content Illustration
Basel_1537,244,2,Content Illustration
Basel_1537,244,3,Content Illustration
Basel_1537,246,1,Content Illustration
Basel_1537,246,2,Content Illustration
Basel_1537,255,1,Content Illustration
Basel_1537,256,1,Content Illustration
Basel_1537,256,2,Content Illustration
Basel_1537,257,1,Content Illustration
Basel_1537,257,2,Content Illustration
Basel_1537,258,1,Content Illustration
Basel_1537,259,1,Content Illustration
Basel_1537,260,1,Content Illustration
Basel_1537,260,2,Content Illustration
Basel_1537,260,3,Content Illustration
Basel_1537,261,1,Content Illustration
Basel_1537,263,1,Content Illustration
Basel_1537,266,1,Content Illustration
Basel_1537,266,2,Content Illustration
Basel_1537,266,3,Content Illustration
Basel_1537,266,4,Content Illustration
Basel_1537,267,1,Content Illustration
Basel_1537,268,1,Content Illustration
Basel_1537,268,2,Content Illustration
Basel_1537,269,1,Content Illustration
Basel_1537,269,2,Content Illustration
Basel_1537,270,1,Content Illustration
Basel_1537,270,2,Content Illustration
Basel_1537,270,3,Content Illustration
Basel_1537,271,1,Content Illustration
Basel_1537,271,2,Content Illustration
Basel_1537,271,3,Content Illustration
Basel_1537,272,1,Content Illustration
Basel_1537,272,2,Content Illustration
Basel_1537,272,3,Content Illustration
Basel_1537,273,1,Content Illustration
Basel_1537,274,1,Content Illustration
Basel_1537,274,2,Content Illustration
Basel_1537,274,3,Content Illustration
Basel_1537,274,4,Content Illustration
Basel_1537,275,1,Content Illustration
Basel_1537,275,2,Content Illustration
Basel_1537,275,3,Content Illustration
Basel_1537,276,1,Content Illustration
Basel_1537,276,2,Content Illustration
Basel_1537,277,1,Content Illustration
Basel_1537,277,2,Content Illustration
Basel_1537,278,1,Content Illustration
Basel_1537,278,2,Content Illustration
Basel_1537,278,3,Content Illustration
Basel_1537,279,1,Content Illustration
Basel_1537,279,2,Content Illustration
Basel_1537,279,3,Content Illustration
Basel_1537,279,4,Content Illustration
Basel_1537,281,1,Content Illustration
Basel_1537,281,2,Content Illustration
Basel_1537,284,1,Content Illustration
Basel_1537,285,1,Content Illustration
Basel_1537,285,2,Content Illustration
Basel_1537,286,1,Content Illustration
Basel_1537,286,2,Content Illustration
Basel_1537,286,3,Content Illustration
Basel_1537,287,1,Content Illustration
Basel_1537,287,2,Content Illustration
Basel_1537,287,3,Content Illustration
Basel_1537,287,4,Content Illustration
Basel_1537,288,1,Content Illustration
Basel_1537,288,2,Content Illustration
Basel_1537,289,1,Content Illustration
Basel_1537,289,2,Content Illustration
Basel_1537,290,1,Content Illustration
Basel_1537,290,2,Content Illustration
Basel_1537,290,3,Content Illustration
Basel_1537,291,1,Content Illustration
Basel_1537,291,2,Content Illustration
Basel_1537,292,1,Content Illustration
Basel_1537,292,2,Content Illustration
Basel_1537,293,1,Content Illustration
Basel_1537,293,2,Content Illustration
Basel_1537,294,1,Content Illustration
Basel_1537,294,2,Content Illustration
Basel_1537,294,3,Content Illustration
Basel_1537,294,4,Content Illustration
Basel_1537,295,1,Content Illustration
Basel_1537,296,1,Content Illustration
Basel_1537,296,2,Content Illustration
Basel_1537,298,1,Content Illustration
Basel_1537,298,2,Content Illustration
Basel_1537,298,3,Content Illustration
Basel_1537,299,1,Content Illustration
Basel_1537,299,2,Content Illustration
Basel_1537,300,1,Content Illustration
Basel_1537,300,2,Content Illustration
Basel_1537,301,1,Content Illustration
Basel_1537,301,2,Content Illustration
Basel_1537,301,3,Content Illustration
Basel_1537,301,4,Content Illustration
Basel_1537,301,5,Content Illustration
Basel_1537,301,6,Content Illustration
Basel_1537,302,1,Content Illustration
Basel_1537,302,2,Content Illustration
Basel_1537,303,1,Content Illustration
Basel_1537,303,2,Content Illustration
Basel_1537,303,3,Content Illustration
Basel_1537,303,4,Content Illustration
Basel_1537,303,5,Content Illustration
Basel_1537,304,1,Content Illustration
Basel_1537,304,2,Content Illustration
Basel_1537,305,1,Content Illustration
Basel_1537,305,2,Content Illustration
Basel_1537,305,3,Content Illustration
Basel_1537,305,4,Content Illustration
Basel_1537,305,5,Content Illustration
Basel_1537,305,6,Content Illustration
Basel_1537,306,1,Content Illustration
Basel_1537,306,2,Content Illustration
Basel_1537,306,3,Content Illustration
Basel_1537,306,4,Content Illustration
Basel_1537,306,5,Content Illustration
Basel_1537,306,6,Content Illustration
Basel_1537,307,1,Content Illustration
Basel_1537,307,2,Content Illustration
Basel_1537,307,3,Content Illustration
Basel_1537,307,4,Content Illustration
Basel_1537,307,5,Content Illustration
Basel_1537,307,6,Content Illustration
Basel_1537,308,1,Content Illustration
Basel_1537,308,2,Content Illustration
Basel_1537,308,3,Content Illustration
Basel_1537,309,1,Content Illustration
Basel_1537,309,2,Content Illustration
Basel_1537,309,3,Content Illustration
Basel_1537,310,1,Content Illustration
Basel_1537,310,2,Content Illustration
Basel_1537,310,3,Content Illustration
Basel_1537,310,4,Content Illustration
Basel_1537,310,5,Content Illustration
Basel_1537,311,1,Content Illustration
Basel_1537,311,2,Content Illustration
Basel_1537,311,3,Content Illustration
Basel_1537,311,4,Content Illustration
Basel_1537,311,5,Content Illustration
Basel_1537,312,1,Content Illustration
Basel_1537,312,2,Content Illustration
Basel_1537,312,3,Content Illustration
Basel_1537,312,4,Content Illustration
Basel_1537,313,1,Content Illustration
Basel_1537,313,2,Content Illustration
Basel_1537,314,1,Content Illustration
Basel_1537,314,2,Content Illustration
Basel_1537,314,3,Content Illustration
Basel_1537,314,4,Content Illustration
Basel_1537,315,1,Content Illustration
Basel_1537,315,2,Content Illustration
Basel_1537,315,3,Content Illustration
Basel_1537,315,4,Content Illustration
Basel_1537,316,1,Content Illustration
Basel_1537,316,2,Content Illustration
Basel_1537,316,3,Content Illustration
Basel_1537,317,1,Content Illustration
Basel_1537,317,2,Content Illustration
Basel_1537,317,3,Content Illustration
Basel_1537,317,4,Content Illustration
Basel_1537,318,1,Content Illustration
Basel_1537,318,2,Content Illustration
Basel_1537,319,1,Content Illustration
Basel_1537,319,2,Content Illustration
Basel_1537,319,3,Content Illustration
Basel_1537,319,4,Content Illustration
Basel_1537,320,1,Content Illustration
Basel_1537,320,2,Content Illustration
Basel_1537,320,3,Content Illustration
Basel_1537,321,1,Content Illustration
Basel_1537,321,2,Content Illustration
Basel_1537,321,3,Content Illustration
Basel_1537,321,4,Content Illustration
Basel_1537,322,1,Content Illustration
Basel_1537,322,2,Content Illustration
Basel_1537,322,3,Content Illustration
Basel_1537,322,4,Content Illustration
Basel_1537,322,5,Content Illustration
Basel_1537,323,1,Content Illustration
Basel_1537,323,2,Content Illustration
Basel_1537,324,1,Content Illustration
Basel_1537,325,1,Content Illustration
Basel_1537,325,2,Content Illustration
Basel_1537,326,1,Content Illustration
Basel_1537,326,2,Content Illustration
Basel_1537,327,1,Content Illustration
Basel_1537,328,1,Content Illustration
Basel_1537,328,2,Content Illustration
Basel_1537,329,1,Content Illustration
Basel_1537,329,2,Content Illustration
Basel_1537,329,3,Content Illustration
Basel_1537,330,1,Content Illustration
Basel_1537,330,2,Content Illustration
Basel_1537,330,3,Content Illustration
Basel_1537,331,1,Content Illustration
Basel_1537,331,2,Content Illustration
Basel_1537,332,1,Content Illustration
Basel_1537,332,2,Content Illustration
Basel_1537,333,1,Content Illustration
Basel_1537,333,2,Content Illustration
Basel_1537,333,3,Content Illustration
Basel_1537,333,4,Content Illustration
Basel_1537,334,1,Content Illustration
Basel_1537,335,1,Content Illustration
Basel_1537,335,2,Content Illustration
Basel_1537,336,1,Content Illustration
Basel_1537,336,2,Content Illustration
Basel_1537,336,3,Content Illustration
Basel_1537,336,4,Content Illustration
Basel_1537,337,1,Content Illustration
Basel_1537,337,2,Content Illustration
Basel_1537,338,1,Content Illustration
Basel_1537,339,1,Content Illustration
Basel_1537,339,2,Content Illustration
Basel_1537,340,1,Content Illustration
Basel_1537,340,2,Content Illustration
Basel_1537,340,3,Content Illustration
Basel_1537,341,1,Content Illustration
Basel_1537,342,1,Content Illustration
Basel_1537,342,2,Content Illustration
Basel_1537,343,1,Content Illustration
Basel_1537,343,2,Content Illustration
Basel_1537,344,1,Content Illustration
Basel_1537,344,2,Content Illustration
Basel_1537,344,3,Content Illustration
Basel_1537,344,4,Content Illustration
Basel_1537,345,1,Content Illustration
Basel_1537,345,2,Content Illustration
Basel_1537,346,1,Content Illustration
Basel_1537,346,2,Content Illustration
Basel_1537,346,3,Content Illustration
Basel_1537,347,1,Content Illustration
Basel_1537,347,2,Content Illustration
Basel_1537,347,3,Content Illustration
Basel_1537,347,4,Content Illustration
Basel_1537,348,1,Content Illustration
Basel_1537,348,2,Content Illustration
Basel_1537,349,1,Content Illustration
Basel_1537,351,1,Content Illustration
Basel_1537,353,1,Content Illustration
Basel_1537,353,2,Content Illustration
Basel_1537,354,1,Content Illustration
Basel_1537,354,2,Content Illustration
Basel_1537,354,3,Content Illustration
Basel_1537,354,4,Content Illustration
Basel_1537,355,1,Content Illustration
Basel_1537,355,2,Content Illustration
Basel_1537,355,3,Content Illustration
Basel_1537,356,1,Content Illustration
Basel_1537,356,2,Content Illustration
Basel_1537,356,3,Content Illustration
Basel_1537,357,1,Content Illustration
Basel_1537,358,1,Content Illustration
Basel_1537,358,2,Content Illustration
Basel_1537,360,1,Content Illustration
Basel_1537,360,2,Content Illustration
Basel_1537,361,1,Content Illustration
Basel_1537,361,2,Content Illustration
Basel_1537,361,3,Content Illustration
Basel_1537,361,4,Content Illustration
Basel_1537,362,1,Content Illustration
Basel_1537,362,2,Content Illustration
Basel_1537,363,1,Content Illustration
Basel_1537,363,2,Content Illustration
Basel_1537,363,3,Content Illustration
Basel_1537,364,1,Content Illustration
Basel_1537,364,2,Content Illustration
Basel_1537,364,3,Content Illustration
Basel_1537,364,4,Content Illustration
Basel_1537,365,1,Content Illustration
Basel_1537,365,2,Content Illustration
Basel_1537,365,3,Content Illustration
Basel_1537,366,1,Content Illustration
Basel_1537,366,2,Content Illustration
Basel_1537,366,3,Content Illustration
Basel_1537,367,1,Content Illustration
Basel_1537,368,1,Content Illustration
Basel_1537,368,2,Content Illustration
Basel_1537,369,1,Content Illustration
Basel_1537,369,2,Content Illustration
Basel_1537,370,1,Content Illustration
Basel_1537,370,2,Content Illustration
Basel_1537,371,1,Content Illustration
Basel_1537,371,2,Content Illustration
Basel_1537,371,3,Content Illustration
Basel_1537,372,1,Content Illustration
Basel_1537,372,2,Content Illustration
Basel_1537,373,1,Content Illustration
Basel_1537,373,2,Content Illustration
Basel_1537,373,3,Content Illustration
Basel_1537,374,1,Content Illustration
Basel_1537,374,2,Content Illustration
Basel_1537,374,3,Content Illustration
Basel_1537,374,4,Content Illustration
Basel_1537,375,1,Content Illustration
Basel_1537,375,2,Content Illustration
Basel_1537,375,3,Content Illustration
Basel_1537,376,1,Content Illustration
Basel_1537,376,2,Content Illustration
Basel_1537,376,3,Content Illustration
Basel_1537,376,4,Content Illustration
Basel_1537,377,1,Content Illustration
Basel_1537,377,2,Content Illustration
Basel_1537,377,3,Content Illustration
Basel_1537,377,4,Content Illustration
Basel_1537,377,5,Content Illustration
Basel_1537,377,6,Content Illustration
Basel_1537,378,1,Content Illustration
Basel_1537,378,2,Content Illustration
Basel_1537,378,3,Content Illustration
Basel_1537,378,4,Content Illustration
Basel_1537,379,1,Content Illustration
Basel_1537,379,2,Content Illustration
Basel_1537,380,1,Content Illustration
Basel_1537,380,2,Content Illustration
Basel_1537,380,3,Content Illustration
Basel_1537,381,1,Content Illustration
Basel_1537,381,2,Content Illustration
Basel_1537,382,1,Content Illustration
Basel_1537,382,2,Content Illustration
Basel_1537,382,3,Content Illustration
Basel_1537,382,4,Content Illustration
Basel_1537,382,5,Content Illustration
Basel_1537,383,1,Content Illustration
Basel_1537,383,2,Content Illustration
Basel_1537,383,3,Content Illustration
Basel_1537,384,1,Content Illustration
Basel_1537,384,2,Content Illustration
Basel_1537,384,3,Content Illustration
Basel_1537,386,1,Content Illustration
Basel_1537,386,2,Content Illustration
Basel_1537,386,3,Content Illustration
Basel_1537,386,4,Content Illustration
Basel_1537,386,5,Content Illustration
Basel_1537,386,6,Content Illustration
Basel_1537,387,1,Content Illustration
Basel_1537,387,2,Content Illustration
Basel_1537,387,3,Content Illustration
Basel_1537,388,1,Content Illustration
Basel_1537,388,2,Content Illustration
Basel_1537,390,1,Content Illustration
Basel_1537,390,2,Content Illustration
Basel_1537,390,3,Content Illustration
Basel_1537,390,4,Content Illustration
Basel_1537,390,5,Content Illustration
Basel_1537,390,6,Content Illustration
Basel_1537,391,1,Content Illustration
Basel_1537,391,2,Content Illustration
Basel_1537,392,1,Content Illustration
Basel_1537,393,1,Content Illustration
Basel_1537,394,1,Content Illustration
Basel_1537,394,2,Content Illustration
Basel_1537,394,3,Content Illustration
Basel_1537,395,1,Content Illustration
Basel_1537,395,2,Content Illustration
Basel_1537,395,3,Content Illustration
Basel_1537,395,4,Content Illustration
Basel_1537,395,5,Content Illustration
Basel_1537,396,1,Content Illustration
Basel_1537,396,2,Content Illustration
Basel_1537,396,3,Content Illustration
Basel_1537,396,4,Content Illustration
Basel_1537,396,5,Content Illustration
Basel_1537,397,1,Content Illustration
Basel_1537,398,1,Content Illustration
Basel_1537,398,2,Content Illustration
Basel_1537,398,3,Content Illustration
Basel_1537,398,4,Content Illustration
Basel_1537,399,1,Content Illustration
Basel_1537,399,2,Content Illustration
Basel_1537,399,3,Content Illustration
Basel_1537,400,1,Content Illustration
Basel_1537,400,2,Content Illustration
Basel_1537,400,3,Content Illustration
Basel_1537,401,1,Content Illustration
Basel_1537,401,2,Content Illustration
Basel_1537,401,3,Content Illustration
Basel_1537,401,4,Content Illustration
Basel_1537,402,1,Content Illustration
Basel_1537,402,2,Content Illustration
Basel_1537,403,1,Content Illustration
Basel_1537,403,2,Content Illustration
Basel_1537,404,1,Content Illustration
Basel_1537,404,2,Content Illustration
Basel_1537,404,3,Content Illustration
Basel_1537,405,1,Content Illustration
Basel_1537,405,2,Content Illustration
Basel_1537,405,3,Content Illustration
Basel_1537,405,4,Content Illustration
Basel_1537,406,1,Content Illustration
Basel_1537,406,2,Content Illustration
Basel_1537,406,3,Content Illustration
Basel_1537,406,4,Content Illustration
Basel_1537,406,5,Content Illustration
Basel_1537,407,1,Content Illustration
Basel_1537,407,2,Content Illustration
Basel_1537,408,1,Content Illustration
Basel_1537,408,2,Content Illustration
Basel_1537,409,1,Content Illustration
Basel_1537,409,2,Content Illustration
Basel_1537,409,3,Content Illustration
Basel_1537,409,4,Content Illustration
Basel_1537,410,1,Content Illustration
Basel_1537,410,2,Content Illustration
Basel_1537,410,3,Content Illustration
Basel_1537,410,4,Content Illustration
Basel_1537,411,1,Content Illustration
Basel_1537,411,2,Content Illustration
Basel_1537,411,3,Content Illustration
Basel_1537,411,4,Content Illustration
Basel_1537,412,1,Content Illustration
Basel_1537,412,2,Content Illustration
Basel_1537,413,1,Content Illustration
Basel_1537,413,2,Content Illustration
Basel_1537,414,1,Content Illustration
Basel_1537,414,2,Content Illustration
Basel_1537,415,1,Content Illustration
Basel_1537,415,2,Content Illustration
Basel_1537,416,1,Content Illustration
Basel_1537,416,2,Content Illustration
Basel_1537,416,3,Content Illustration
Basel_1537,417,1,Content Illustration
Basel_1537,417,2,Content Illustration
Basel_1537,418,1,Content Illustration
Basel_1537,418,2,Content Illustration
Basel_1537,418,3,Content Illustration
Basel_1537,418,4,Content Illustration
Basel_1537,419,1,Content Illustration
Basel_1537,419,2,Content Illustration
Basel_1537,419,3,Content Illustration
Basel_1537,420,1,Content Illustration
Basel_1537,420,2,Content Illustration
Basel_1537,420,3,Content Illustration
Basel_1537,420,4,Content Illustration
Basel_1537,421,1,Content Illustration
Basel_1537,421,2,Content Illustration
Basel_1537,421,3,Content Illustration
Basel_1537,422,1,Content Illustration
Basel_1537,423,1,Content Illustration
Basel_1537,423,2,Content Illustration
Basel_1537,423,3,Content Illustration
Basel_1537,423,4,Content Illustration
Basel_1537,424,1,Content Illustration
Basel_1537,424,2,Content Illustration
Basel_1537,424,3,Content Illustration
Basel_1537,425,1,Content Illustration
Basel_1537,425,2,Content Illustration
Basel_1537,426,1,Content Illustration
Basel_1537,428,1,Content Illustration
Basel_1537,428,2,Content Illustration
Basel_1537,429,1,Content Illustration
Basel_1537,429,2,Content Illustration
Basel_1537,430,1,Content Illustration
Basel_1537,430,2,Content Illustration
Basel_1537,430,3,Content Illustration
Basel_1537,430,4,Content Illustration
Basel_1537,430,5,Content Illustration
Basel_1537,430,6,Content Illustration
Basel_1537,430,7,Content Illustration
Basel_1537,431,1,Content Illustration
Basel_1537,432,1,Content Illustration
Basel_1537,432,2,Content Illustration
Basel_1537,433,1,Content Illustration
Basel_1537,433,2,Content Illustration
Basel_1537,434,1,Content Illustration
Basel_1537,434,2,Content Illustration
Basel_1537,435,1,Content Illustration
Basel_1537,435,2,Content Illustration
Basel_1537,435,3,Content Illustration
Basel_1537,435,4,Content Illustration
Basel_1537,436,1,Content Illustration
Basel_1537,436,2,Content Illustration
Basel_1537,436,3,Content Illustration
Basel_1537,436,4,Content Illustration
Basel_1537,437,1,Content Illustration
Basel_1537,437,2,Content Illustration
Basel_1537,437,3,Content Illustration
Basel_1537,437,4,Content Illustration
Basel_1537,438,1,Content Illustration
Basel_1537,438,2,Content Illustration
Basel_1537,439,1,Content Illustration
Basel_1537,439,2,Content Illustration
Basel_1537,440,1,Content Illustration
Basel_1537,440,2,Content Illustration
Basel_1537,441,1,Content Illustration
Basel_1537,442,1,Content Illustration
Basel_1537,443,1,Content Illustration
Basel_1537,444,1,Content Illustration
Basel_1537,444,2,Content Illustration
Basel_1537,445,1,Content Illustration
Basel_1537,445,2,Content Illustration
Basel_1537,446,1,Content Illustration
Basel_1537,446,2,Content Illustration
Basel_1537,447,1,Content Illustration
Basel_1537,447,2,Content Illustration
Basel_1537,448,1,Content Illustration
Basel_1537,448,2,Content Illustration
Basel_1537,449,1,Content Illustration
Basel_1537,449,2,Content Illustration
Basel_1537,449,3,Content Illustration
Basel_1537,449,4,Content Illustration
Basel_1537,450,1,Content Illustration
Basel_1537,450,2,Content Illustration
Basel_1537,450,3,Content Illustration
Basel_1537,451,1,Content Illustration
Basel_1537,451,2,Content Illustration
Basel_1537,451,3,Content Illustration
Basel_1537,452,1,Content Illustration
Basel_1537,452,2,Content Illustration
Basel_1537,452,3,Content Illustration
Basel_1537,453,1,Content Illustration
Basel_1537,453,2,Content Illustration
Basel_1537,454,1,Content Illustration
Basel_1537,454,2,Content Illustration
Basel_1537,455,1,Content Illustration
Basel_1537,455,2,Content Illustration
Basel_1537,456,1,Content Illustration
Basel_1537,457,1,Content Illustration
Basel_1537,458,1,Content Illustration
Basel_1537,459,1,Content Illustration
Basel_1537,460,1,Content Illustration
Basel_1537,461,1,Content Illustration
Basel_1537,462,1,Content Illustration
Basel_1537,463,1,Content Illustration
Basel_1537,464,1,Content Illustration
Basel_1537,464,2,Content Illustration
Basel_1537,465,1,Content Illustration
Basel_1537,465,2,Content Illustration
Basel_1537,466,1,Content Illustration
Basel_1537,466,2,Content Illustration
Basel_1537,466,3,Content Illustration
Basel_1537,467,1,Content Illustration
Basel_1537,468,1,Content Illustration
Basel_1537,468,2,Content Illustration
Basel_1537,468,3,Content Illustration
Basel_1537,469,1,Content Illustration
Basel_1537,469,2,Content Illustration
Basel_1537,470,1,Content Illustration
Basel_1537,470,2,Content Illustration
Basel_1537,471,1,Content Illustration
Basel_1537,471,2,Content Illustration
Basel_1537,472,1,Content Illustration
Basel_1537,473,1,Content Illustration
Basel_1537,473,2,Content Illustration
Basel_1537,474,1,Content Illustration
Basel_1537,474,2,Content Illustration
Basel_1537,475,1,Content Illustration
Basel_1537,476,1,Content Illustration
Basel_1537,476,2,Content Illustration
Basel_1537,476,3,Content Illustration
Basel_1537,476,4,Content Illustration
Basel_1537,476,5,Content Illustration
Basel_1537,477,1,Content Illustration
Basel_1537,477,2,Content Illustration
Basel_1537,477,3,Content Illustration
Basel_1537,478,1,Content Illustration
Basel_1537,479,1,Content Illustration
Basel_1537,479,2,Content Illustration
Basel_1537,480,1,Content Illustration
Basel_1537,480,2,Content Illustration
Basel_1537,480,3,Content Illustration
Basel_1537,480,4,Content Illustration
Basel_1537,480,5,Content Illustration
Basel_1537,481,1,Content Illustration
Basel_1537,481,2,Content Illustration
Basel_1537,481,3,Content Illustration
Basel_1537,482,1,Content Illustration
Basel_1537,482,2,Content Illustration
Basel_1537,482,3,Content Illustration
Basel_1537,483,1,Content Illustration
Basel_1537,484,1,Content Illustration
Basel_1537,484,2,Content Illustration
Basel_1537,490,1,Content Illustration
Basel_1537,490,2,Content Illustration
Basel_1537,490,3,Content Illustration
Basel_1537,491,1,Content Illustration
Basel_1537,491,2,Content Illustration
Basel_1537,492,1,Content Illustration
Basel_1537,492,2,Content Illustration
Basel_1537,492,3,Content Illustration
Basel_1537,493,1,Content Illustration
Basel_1537,493,2,Content Illustration
Basel_1537,496,1,Content Illustration
Basel_1537,497,1,Content Illustration
Basel_1537,497,2,Content Illustration
Basel_1537,498,1,Content Illustration
Basel_1537,498,2,Content Illustration
Basel_1537,499,1,Content Illustration
Basel_1537,499,2,Content Illustration
Basel_1537,500,1,Content Illustration
Basel_1537,500,2,Content Illustration
Basel_1537,501,1,Content Illustration
Basel_1537,502,1,Content Illustration
Basel_1537,503,1,Content Illustration
Basel_1537,503,2,Content Illustration
Basel_1537,503,3,Content Illustration
Basel_1537,504,1,Content Illustration
Basel_1537,505,1,Content Illustration
Basel_1537,505,2,Content Illustration
Basel_1537,506,1,Content Illustration
Basel_1537,507,1,Content Illustration
Basel_1537,508,1,Content Illustration
Basel_1537,508,2,Content Illustration
Basel_1537,509,1,Content Illustration
Basel_1537,509,2,Content Illustration
Basel_1537,510,1,Content Illustration
Basel_1537,510,2,Content Illustration
Basel_1537,511,1,Content Illustration
Basel_1537,512,1,Content Illustration
Basel_1537,512,2,Content Illustration
Basel_1537,513,1,Content Illustration
Basel_1537,513,2,Content Illustration
Basel_1537,513,3,Content Illustration
Basel_1537,516,1,Content Illustration
Basel_1537,516,2,Content Illustration
Basel_1537,516,3,Content Illustration
Basel_1537,516,4,Content Illustration
Basel_1537,516,5,Content Illustration
Basel_1537,517,1,Content Illustration
Basel_1537,517,2,Content Illustration
Basel_1537,517,3,Content Illustration
Basel_1537,517,4,Content Illustration
Basel_1537,518,1,Content Illustration
Basel_1537,518,2,Content Illustration
Basel_1537,518,3,Content Illustration
Basel_1537,518,4,Content Illustration
Basel_1537,518,5,Content Illustration
Basel_1537,519,1,Content Illustration
Basel_1537,519,2,Content Illustration
Basel_1537,519,3,Content Illustration
Basel_1537,519,4,Content Illustration
Basel_1537,520,1,Content Illustration
Basel_1537,520,2,Content Illustration
Basel_1537,520,3,Content Illustration
Basel_1537,521,1,Content Illustration
Basel_1537,521,2,Content Illustration
Basel_1537,521,3,Content Illustration
Basel_1537,522,1,Content Illustration
Basel_1537,522,2,Content Illustration
Basel_1537,522,3,Content Illustration
Basel_1537,523,1,Content Illustration
Basel_1537,523,2,Content Illustration
Basel_1537,523,3,Content Illustration
Basel_1537,524,1,Content Illustration
Basel_1537,524,2,Content Illustration
Basel_1537,524,3,Content Illustration
Basel_1537,525,1,Content Illustration
Basel_1537,525,2,Content Illustration
Basel_1537,525,3,Content Illustration
Basel_1537,525,4,Content Illustration
Basel_1537,526,1,Content Illustration
Basel_1537,526,2,Content Illustration
Basel_1537,526,3,Content Illustration
Basel_1537,527,1,Content Illustration
Basel_1537,529,1,Content Illustration
Basel_1537,529,2,Content Illustration
Basel_1537,530,1,Content Illustration
Basel_1537,530,2,Content Illustration
Basel_1537,530,3,Content Illustration
Basel_1537,530,4,Content Illustration
Basel_1537,531,1,Content Illustration
Basel_1537,531,2,Content Illustration
Basel_1537,531,3,Content Illustration
Basel_1537,531,4,Content Illustration
Basel_1537,532,1,Content Illustration
Basel_1537,532,2,Content Illustration
Basel_1537,532,3,Content Illustration
Basel_1537,532,4,Content Illustration
Basel_1537,533,1,Content Illustration
Basel_1537,533,2,Content Illustration
Basel_1537,533,3,Content Illustration
Basel_1537,533,4,Content Illustration
Basel_1537,534,1,Content Illustration
Basel_1537,534,2,Content Illustration
Basel_1537,534,3,Content Illustration
Basel_1537,534,4,Content Illustration
Basel_1537,535,1,Content Illustration
Basel_1537,535,2,Content Illustration
Basel_1537,535,3,Content Illustration
Basel_1537,536,1,Content Illustration
Basel_1537,536,2,Content Illustration
Basel_1537,536,3,Content Illustration
Basel_1537,537,1,Content Illustration
Basel_1537,537,2,Content Illustration
Basel_1537,537,3,Content Illustration
Basel_1537,538,1,Content Illustration
Basel_1537,538,2,Content Illustration
Basel_1537,538,3,Content Illustration
Basel_1537,539,1,Content Illustration
Basel_1537,539,2,Content Illustration
Basel_1537,539,3,Content Illustration
Basel_1537,540,1,Content Illustration
Basel_1537,540,2,Content Illustration
Basel_1537,540,3,Content Illustration
Basel_1537,541,1,Content Illustration
Basel_1537,541,2,Content Illustration
Basel_1537,541,3,Content Illustration
Basel_1537,542,1,Content Illustration
Basel_1537,542,2,Content Illustration
Basel_1537,542,3,Content Illustration
Basel_1537,543,1,Content Illustration
Basel_1537,543,2,Content Illustration
Basel_1537,543,3,Content Illustration
Basel_1537,543,4,Content Illustration
Basel_1537,544,1,Content Illustration
Basel_1537,544,2,Content Illustration
Basel_1537,544,3,Content Illustration
Basel_1537,544,4,Content Illustration
Basel_1537,545,1,Content Illustration
Basel_1537,545,2,Content Illustration
Basel_1537,545,3,Content Illustration
Basel_1537,545,4,Content Illustration
Basel_1537,545,5,Content Illustration
Basel_1537,545,6,Content Illustration
Basel_1537,546,1,Content Illustration
Basel_1537,546,2,Content Illustration
Basel_1537,546,3,Content Illustration
Basel_1537,546,4,Content Illustration
Basel_1537,546,5,Content Illustration
Basel_1537,546,6,Content Illustration
Basel_1537,547,1,Content Illustration
Basel_1537,547,2,Content Illustration
Basel_1537,547,3,Content Illustration
Basel_1537,547,4,Content Illustration
Basel_1537,558,1,Content Illustration
Basel_1537,559,1,Content Illustration
Basel_1537,559,2,Content Illustration
Basel_1537,559,3,Content Illustration
Basel_1537,559,4,Content Illustration
Basel_1537,560,1,Content Illustration
Basel_1537,560,2,Content Illustration
Basel_1537,560,3,Content Illustration
Basel_1537,560,4,Content Illustration
Basel_1537,561,1,Content Illustration
Basel_1537,562,1,Content Illustration
Basel_1537,562,2,Content Illustration
Basel_1537,562,3,Content Illustration
Basel_1537,563,1,Content Illustration
Basel_1537,563,2,Content Illustration
Basel_1537,563,3,Content Illustration
Basel_1537,564,1,Content Illustration
Basel_1537,564,2,Content Illustration
Basel_1537,565,1,Content Illustration
Basel_1537,565,2,Content Illustration
Basel_1537,565,3,Content Illustration
Basel_1537,566,1,Content Illustration
Basel_1537,566,2,Content Illustration
Basel_1537,566,3,Content Illustration
Basel_1537,566,4,Content Illustration
Basel_1537,566,5,Content Illustration
Basel_1537,567,1,Content Illustration
Basel_1537,567,2,Content Illustration
Basel_1537,567,3,Content Illustration
Basel_1537,567,4,Content Illustration
Basel_1537,568,1,Content Illustration
Basel_1537,568,2,Content Illustration
Basel_1537,568,3,Content Illustration
Basel_1537,568,4,Content Illustration
Basel_1537,568,5,Content Illustration
Basel_1537,569,1,Content Illustration
Basel_1537,569,2,Content Illustration
Basel_1537,569,3,Content Illustration
Basel_1537,570,1,Content Illustration
Basel_1537,570,2,Content Illustration
Basel_1537,570,3,Content Illustration
Basel_1537,571,1,Content Illustration
Basel_1537,571,2,Content Illustration
Basel_1537,571,3,Content Illustration
Basel_1537,572,1,Content Illustration
Basel_1537,572,2,Content Illustration
Basel_1537,572,3,Content Illustration
Basel_1537,572,4,Content Illustration
Basel_1537,573,1,Content Illustration
Basel_1537,573,2,Content Illustration
Basel_1537,573,3,Content Illustration
Basel_1537,573,4,Content Illustration
Basel_1537,573,5,Content Illustration
Basel_1537,574,1,Content Illustration
Basel_1537,574,2,Content Illustration
Basel_1537,574,3,Content Illustration
Basel_1537,574,4,Content Illustration
Basel_1537,574,5,Content Illustration
Basel_1537,575,1,Content Illustration
Basel_1537,575,2,Content Illustration
Basel_1537,575,3,Content Illustration
Basel_1537,575,4,Content Illustration
Basel_1537,576,1,Content Illustration
Basel_1537,576,2,Content Illustration
Basel_1537,576,3,Content Illustration
Basel_1537,576,4,Content Illustration
Basel_1537,577,1,Content Illustration
Basel_1537,577,2,Content Illustration
Basel_1537,577,3,Content Illustration
Basel_1537,578,1,Content Illustration
Basel_1537,578,2,Content Illustration
Basel_1537,578,3,Content Illustration
Basel_1537,578,4,Content Illustration
Basel_1537,578,5,Content Illustration
Basel_1537,579,1,Content Illustration
Basel_1537,579,2,Content Illustration
Basel_1537,580,1,Content Illustration
Basel_1537,580,2,Content Illustration
Basel_1537,580,3,Content Illustration
Basel_1537,581,1,Content Illustration
Basel_1537,581,2,Content Illustration
Basel_1537,581,3,Content Illustration
Basel_1537,582,1,Content Illustration
Basel_1537,582,2,Content Illustration
Basel_1537,582,3,Content Illustration
Basel_1537,583,1,Content Illustration
Basel_1537,583,2,Content Illustration
Basel_1537,584,1,Content Illustration
Basel_1537,584,2,Content Illustration
Basel_1537,584,3,Content Illustration
Basel_1537,584,4,Content Illustration
Basel_1537,585,1,Content Illustration
Basel_1537,585,2,Content Illustration
Basel_1537,585,3,Content Illustration
Basel_1537,585,4,Content Illustration
Basel_1537,586,1,Content Illustration
Basel_1537,586,2,Content Illustration
Basel_1537,586,3,Content Illustration
Basel_1537,586,4,Content Illustration
Basel_1537,587,1,Content Illustration
Basel_1537,587,2,Content Illustration
Basel_1537,587,3,Content Illustration
Basel_1537,587,4,Content Illustration
Basel_1537,588,1,Content Illustration
Basel_1537,588,2,Content Illustration
Basel_1537,588,3,Content Illustration
Basel_1537,589,1,Content Illustration
Basel_1537,589,2,Content Illustration
Basel_1537,590,1,Content Illustration
Basel_1537,590,2,Content Illustration
Basel_1537,590,3,Content Illustration
Basel_1537,590,4,Content Illustration
Basel_1537,591,1,Content Illustration
Basel_1537,591,2,Content Illustration
Basel_1537,591,3,Content Illustration
Basel_1537,592,1,Content Illustration
Basel_1537,592,2,Content Illustration
Basel_1537,593,1,Content Illustration
Basel_1537,594,1,Content Illustration
Basel_1537,594,2,Content Illustration
Basel_1537,594,3,Content Illustration
Basel_1537,595,1,Content Illustration
Basel_1537,595,2,Content Illustration
Basel_1537,595,3,Content Illustration
Basel_1537,596,1,Content Illustration
Basel_1537,596,2,Content Illustration
Basel_1537,596,3,Content Illustration
Basel_1537,596,4,Content Illustration
Basel_1537,597,1,Content Illustration
Basel_1537,597,2,Content Illustration
Basel_1537,598,1,Content Illustration
Basel_1537,598,2,Content Illustration
Basel_1537,599,1,Content Illustration
Basel_1537,599,2,Content Illustration
Basel_1537,599,3,Content Illustration
Basel_1537,599,4,Content Illustration
Basel_1537,600,1,Content Illustration
Basel_1546,8,1,Content Illustration
Basel_1546,8,2,Content Illustration
Basel_1546,8,3,Content Illustration
Basel_1546,8,4,Content Illustration
Basel_1546,8,5,Content Illustration
Basel_1546,8,6,Content Illustration
Basel_1546,8,7,Content Illustration
Basel_1546,9,1,Content Illustration
Basel_1546,9,2,Content Illustration
Basel_1546,9,3,Content Illustration
Basel_1546,9,4,Content Illustration
Basel_1546,9,5,Content Illustration
Basel_1546,9,6,Content Illustration
Basel_1546,9,7,Content Illustration
Basel_1546,9,8,Content Illustration
Basel_1546,9,9,Content Illustration
Basel_1546,9,10,Content Illustration
Basel_1546,9,11,Content Illustration
Basel_1546,9,12,Content Illustration
Basel_1546,9,13,Content Illustration
Basel_1546,9,14,Content Illustration
Basel_1546,10,1,Content Illustration
Basel_1546,10,2,Content Illustration
Basel_1546,11,1,Content Illustration
Basel_1546,11,2,Content Illustration
Basel_1546,11,3,Content Illustration
Basel_1546,11,4,Content Illustration
Basel_1546,11,5,Content Illustration
Basel_1546,11,6,Content Illustration
Basel_1546,11,7,Content Illustration
Basel_1546,12,1,Content Illustration
Basel_1546,12,2,Content Illustration
Basel_1546,12,3,Content Illustration
Basel_1546,12,4,Content Illustration
Basel_1546,12,5,Content Illustration
Basel_1546,12,6,Content Illustration
Basel_1546,12,7,Content Illustration
Basel_1546,12,8,Content Illustration
Basel_1546,12,9,Content Illustration
Basel_1546,12,10,Content Illustration
Basel_1546,12,11,Content Illustration
Basel_1546,12,12,Content Illustration
Basel_1546,13,1,Content Illustration
Basel_1546,13,2,Content Illustration
Basel_1546,14,1,Content Illustration
Basel_1546,14,2,Content Illustration
Basel_1546,15,1,Content Illustration
Basel_1546,15,2,Content Illustration
Basel_1546,15,3,Content Illustration
Basel_1546,16,1,Content Illustration
Basel_1546,16,2,Content Illustration
Basel_1546,16,3,Content Illustration
Basel_1546,17,1,Content Illustration
Basel_1546,17,2,Content Illustration
Basel_1546,18,1,Content Illustration
Basel_1546,18,2,Content Illustration
Basel_1546,18,3,Content Illustration
Basel_1546,19,1,Content Illustration
Basel_1546,19,2,Content Illustration
Basel_1546,19,3,Content Illustration
Basel_1546,20,1,Content Illustration
Basel_1546,20,2,Content Illustration
Basel_1546,20,3,Content Illustration
Basel_1546,21,1,Content Illustration
Basel_1546,21,2,Content Illustration
Basel_1546,21,3,Content Illustration
Basel_1546,21,4,Content Illustration
Basel_1546,22,1,Content Illustration
Basel_1546,22,2,Content Illustration
Basel_1546,22,3,Content Illustration
Basel_1546,22,4,Content Illustration
Basel_1546,23,1,Content Illustration
Basel_1546,23,2,Content Illustration
Basel_1546,23,3,Content Illustration
Basel_1546,24,1,Content Illustration
Basel_1546,24,2,Content Illustration
Basel_1546,24,3,Content Illustration
Basel_1546,24,4,Content Illustration
Basel_1546,25,1,Content Illustration
Basel_1546,25,2,Content Illustration
Basel_1546,25,3,Content Illustration
Basel_1546,25,4,Content Illustration
Basel_1546,25,5,Content Illustration
Basel_1546,25,6,Content Illustration
Basel_1546,26,1,Content Illustration
Basel_1546,26,2,Content Illustration
Basel_1546,26,3,Content Illustration
Basel_1546,26,4,Content Illustration
Basel_1546,27,1,Content Illustration
Basel_1546,27,2,Content Illustration
Basel_1546,27,3,Content Illustration
Basel_1546,28,1,Content Illustration
Basel_1546,28,2,Content Illustration
Basel_1546,28,3,Content Illustration
Basel_1546,29,1,Content Illustration
Basel_1546,29,2,Content Illustration
Basel_1546,29,3,Content Illustration
Basel_1546,30,1,Content Illustration
Basel_1546,30,2,Content Illustration
Basel_1546,31,1,Content Illustration
Basel_1546,31,2,Content Illustration
Basel_1546,31,3,Content Illustration
Basel_1546,32,1,Content Illustration
Basel_1546,32,2,Content Illustration
Basel_1546,32,3,Content Illustration
Basel_1546,33,1,Content Illustration
Basel_1546,33,2,Content Illustration
Basel_1546,33,3,Content Illustration
Basel_1546,33,4,Content Illustration
Basel_1546,33,5,Content Illustration
Basel_1546,34,1,Content Illustration
Basel_1546,34,2,Content Illustration
Basel_1546,34,3,Content Illustration
Basel_1546,34,4,Content Illustration
Basel_1546,34,5,Content Illustration
Basel_1546,34,6,Content Illustration
Basel_1546,34,7,Content Illustration
Basel_1546,34,8,Content Illustration
Basel_1546,35,1,Content Illustration
Basel_1546,35,2,Content Illustration
Basel_1546,35,3,Content Illustration
Basel_1546,35,4,Content Illustration
Basel_1546,35,5,Content Illustration
Basel_1546,35,6,Content Illustration
Basel_1546,36,1,Content Illustration
Basel_1546,36,2,Content Illustration
Basel_1546,36,3,Content Illustration
Basel_1546,36,4,Content Illustration
Basel_1546,37,1,Content Illustration
Basel_1546,37,2,Content Illustration
Basel_1546,37,3,Content Illustration
Basel_1546,37,4,Content Illustration
Basel_1546,37,5,Content Illustration
Basel_1546,38,1,Content Illustration
Basel_1546,38,2,Content Illustration
Basel_1546,38,3,Content Illustration
Basel_1546,38,4,Content Illustration
Basel_1546,39,1,Content Illustration
Basel_1546,39,2,Content Illustration
Basel_1546,39,3,Content Illustration
Basel_1546,39,4,Content Illustration
Basel_1546,40,1,Content Illustration
Basel_1546,40,2,Content Illustration
Basel_1546,40,3,Content Illustration
Basel_1546,40,4,Content Illustration
Basel_1546,41,1,Content Illustration
Basel_1546,41,2,Content Illustration
Basel_1546,41,3,Content Illustration
Basel_1546,42,1,Content Illustration
Basel_1546,42,2,Content Illustration
Basel_1546,42,3,Content Illustration
Basel_1546,43,1,Content Illustration
Basel_1546,43,2,Content Illustration
Basel_1546,43,3,Content Illustration
Basel_1546,44,1,Content Illustration
Basel_1546,44,2,Content Illustration
Basel_1546,44,3,Content Illustration
Basel_1546,44,4,Content Illustration
Basel_1546,45,1,Content Illustration
Basel_1546,46,1,Content Illustration
Basel_1546,46,2,Content Illustration
Basel_1546,46,3,Content Illustration
Basel_1546,47,1,Content Illustration
Basel_1546,48,1,Content Illustration
Basel_1546,48,2,Content Illustration
Basel_1546,48,3,Content Illustration
Basel_1546,48,4,Content Illustration
Basel_1546,49,1,Content Illustration
Basel_1546,49,2,Content Illustration
Basel_1546,49,3,Content Illustration
Basel_1546,50,1,Content Illustration
Basel_1546,50,2,Content Illustration
Basel_1546,51,1,Content Illustration
Basel_1546,51,2,Content Illustration
Basel_1546,51,3,Content Illustration
Basel_1546,52,1,Content Illustration
Basel_1546,52,2,Content Illustration
Basel_1546,52,3,Content Illustration
Basel_1546,52,4,Content Illustration
Basel_1546,53,1,Content Illustration
Basel_1546,53,2,Content Illustration
Basel_1546,54,1,Content Illustration
Basel_1546,54,2,Content Illustration
Basel_1546,55,1,Content Illustration
Basel_1546,55,2,Content Illustration
Basel_1546,56,1,Content Illustration
Basel_1546,56,2,Content Illustration
Basel_1546,57,1,Content Illustration
Basel_1546,57,2,Content Illustration
Basel_1546,57,3,Content Illustration
Basel_1546,58,1,Content Illustration
Basel_1546,58,2,Content Illustration
Basel_1546,58,3,Content Illustration
Basel_1546,59,1,Content Illustration
Basel_1546,59,2,Content Illustration
Basel_1546,59,3,Content Illustration
Basel_1546,59,4,Content Illustration
Basel_1546,60,1,Content Illustration
Basel_1546,60,2,Content Illustration
Basel_1546,60,3,Content Illustration
Basel_1546,61,1,Content Illustration
Basel_1546,61,2,Content Illustration
Basel_1546,61,3,Content Illustration
Basel_1546,61,4,Content Illustration
Basel_1546,61,5,Content Illustration
Basel_1546,62,1,Content Illustration
Basel_1546,62,2,Content Illustration
Basel_1546,62,3,Content Illustration
Basel_1546,62,4,Content Illustration
Basel_1546,63,1,Content Illustration
Basel_1546,63,2,Content Illustration
Basel_1546,64,1,Content Illustration
Basel_1546,64,2,Content Illustration
Basel_1546,64,3,Content Illustration
Basel_1546,64,4,Content Illustration
Basel_1546,65,1,Content Illustration
Basel_1546,65,2,Content Illustration
Basel_1546,65,3,Content Illustration
Basel_1546,66,1,Content Illustration
Basel_1546,67,1,Content Illustration
Basel_1546,67,2,Content Illustration
Basel_1546,68,1,Content Illustration
Basel_1546,68,2,Content Illustration
Basel_1546,69,1,Content Illustration
Basel_1546,69,2,Content Illustration
Basel_1546,69,3,Content Illustration
Basel_1546,69,4,Content Illustration
Basel_1546,69,5,Content Illustration
Basel_1546,70,1,Content Illustration
Basel_1546,70,2,Content Illustration
Basel_1546,70,3,Content Illustration
Basel_1546,70,4,Content Illustration
Basel_1546,71,1,Content Illustration
Basel_1546,71,2,Content Illustration
Basel_1546,71,3,Content Illustration
Basel_1546,72,1,Content Illustration
Basel_1546,72,2,Content Illustration
Basel_1546,73,1,Content Illustration
Basel_1546,73,2,Content Illustration
Basel_1546,73,3,Content Illustration
Basel_1546,74,1,Content Illustration
Basel_1546,74,2,Content Illustration
Basel_1546,75,1,Content Illustration
Basel_1546,75,2,Content Illustration
Basel_1546,76,1,Content Illustration
Basel_1546,76,2,Content Illustration
Basel_1546,76,3,Content Illustration
Basel_1546,76,4,Content Illustration
Basel_1546,76,5,Content Illustration
Basel_1546,77,1,Content Illustration
Basel_1546,77,2,Content Illustration
Basel_1546,77,3,Content Illustration
Basel_1546,78,1,Content Illustration
Basel_1546,78,2,Content Illustration
Basel_1546,78,3,Content Illustration
Basel_1546,79,1,Content Illustration
Basel_1546,79,2,Content Illustration
Basel_1546,79,3,Content Illustration
Basel_1546,79,4,Content Illustration
Basel_1546,79,5,Content Illustration
Basel_1546,79,6,Content Illustration
Basel_1546,79,7,Content Illustration
Basel_1546,79,8,Content Illustration
Basel_1546,80,1,Content Illustration
Basel_1546,80,2,Content Illustration
Basel_1546,80,3,Content Illustration
Basel_1546,80,4,Content Illustration
Basel_1546,81,1,Content Illustration
Basel_1546,81,2,Content Illustration
Basel_1546,81,3,Content Illustration
Basel_1546,82,1,Content Illustration
Basel_1546,82,2,Content Illustration
Basel_1546,82,3,Content Illustration
Basel_1546,82,4,Content Illustration
Basel_1546,82,5,Content Illustration
Basel_1546,83,1,Content Illustration
Basel_1546,83,2,Content Illustration
Basel_1546,83,3,Content Illustration
Basel_1546,84,1,Content Illustration
Basel_1546,84,2,Content Illustration
Basel_1546,84,3,Content Illustration
Basel_1546,84,4,Content Illustration
Basel_1546,85,1,Content Illustration
Basel_1546,86,1,Content Illustration
Basel_1546,86,2,Content Illustration
Basel_1546,86,3,Content Illustration
Basel_1546,87,1,Content Illustration
Basel_1546,87,2,Content Illustration
Basel_1546,87,3,Content Illustration
Basel_1546,88,1,Content Illustration
Basel_1546,88,2,Content Illustration
Basel_1546,88,3,Content Illustration
Basel_1546,88,4,Content Illustration
Basel_1546,88,5,Content Illustration
Basel_1546,88,6,Content Illustration
Basel_1546,89,1,Content Illustration
Basel_1546,89,2,Content Illustration
Basel_1546,89,3,Content Illustration
Basel_1546,90,1,Content Illustration
Basel_1546,90,2,Content Illustration
Basel_1546,91,1,Content Illustration
Basel_1546,92,1,Content Illustration
Basel_1546,92,2,Content Illustration
Basel_1546,93,1,Content Illustration
Basel_1546,93,2,Content Illustration
Basel_1546,93,3,Content Illustration
Basel_1546,93,4,Content Illustration
Basel_1546,94,1,Content Illustration
Basel_1546,94,2,Content Illustration
Basel_1546,94,3,Content Illustration
Basel_1546,95,1,Content Illustration
Basel_1546,95,2,Content Illustration
Basel_1546,96,1,Content Illustration
Basel_1546,96,2,Content Illustration
Basel_1546,96,3,Content Illustration
Basel_1546,97,1,Content Illustration
Basel_1546,97,2,Content Illustration
Basel_1546,98,1,Content Illustration
Basel_1546,98,2,Content Illustration
Basel_1546,98,3,Content Illustration
Basel_1546,99,1,Content Illustration
Basel_1546,99,2,Content Illustration
Basel_1546,99,3,Content Illustration
Basel_1546,100,1,Content Illustration
Basel_1546,100,2,Content Illustration
Basel_1546,100,3,Content Illustration
Basel_1546,100,4,Content Illustration
Basel_1546,101,1,Content Illustration
Basel_1546,101,2,Content Illustration
Basel_1546,101,3,Content Illustration
Basel_1546,102,1,Content Illustration
Basel_1546,102,2,Content Illustration
Basel_1546,102,3,Content Illustration
Basel_1546,103,1,Content Illustration
Basel_1546,103,2,Content Illustration
Basel_1546,104,1,Content Illustration
Basel_1546,104,2,Content Illustration
Basel_1546,105,1,Content Illustration
Basel_1546,105,2,Content Illustration
Basel_1546,106,1,Content Illustration
Basel_1546,106,2,Content Illustration
Basel_1546,107,1,Content Illustration
Basel_1546,108,1,Content Illustration
Basel_1546,108,2,Content Illustration
Basel_1546,109,1,Content Illustration
Basel_1546,111,1,Content Illustration
Basel_1546,111,2,Content Illustration
Basel_1546,111,3,Content Illustration
Basel_1546,115,1,Content Illustration
Basel_1546,115,2,Content Illustration
Basel_1546,116,1,Content Illustration
Basel_1546,116,2,Content Illustration
Basel_1546,116,3,Content Illustration
Basel_1546,117,1,Content Illustration
Basel_1546,117,2,Content Illustration
Basel_1546,117,3,Content Illustration
Basel_1546,117,4,Content Illustration
Basel_1546,117,5,Content Illustration
Basel_1546,119,1,Content Illustration
Basel_1546,121,1,Content Illustration
Basel_1546,121,2,Content Illustration
Basel_1546,123,1,Content Illustration
Basel_1546,123,2,Content Illustration
Basel_1546,124,1,Content Illustration
Basel_1546,124,2,Content Illustration
Basel_1546,125,1,Content Illustration
Basel_1546,126,1,Content Illustration
Basel_1546,127,1,Content Illustration
Basel_1546,128,1,Content Illustration
Basel_1546,128,2,Content Illustration
Basel_1546,128,3,Content Illustration
Basel_1546,129,1,Content Illustration
Basel_1546,131,1,Content Illustration
Basel_1546,131,2,Content Illustration
Basel_1546,131,3,Content Illustration
Basel_1546,132,1,Content Illustration
Basel_1546,132,2,Content Illustration
Basel_1546,132,3,Content Illustration
Basel_1546,133,1,Content Illustration
Basel_1546,133,2,Content Illustration
Basel_1546,134,1,Content Illustration
Basel_1546,135,1,Content Illustration
Basel_1546,135,2,Content Illustration
Basel_1546,135,3,Content Illustration
Basel_1546,135,4,Content Illustration
Basel_1546,137,1,Content Illustration
Basel_1546,137,2,Content Illustration
Basel_1546,138,1,Content Illustration
Basel_1546,139,1,Content Illustration
Basel_1546,139,2,Content Illustration
Basel_1546,140,1,Content Illustration
Basel_1546,140,2,Content Illustration
Basel_1546,140,3,Content Illustration
Basel_1546,141,1,Content Illustration
Basel_1546,141,2,Content Illustration
Basel_1546,142,1,Content Illustration
Basel_1546,142,2,Content Illustration
Basel_1546,142,3,Content Illustration
Basel_1546,142,4,Content Illustration
Basel_1546,143,1,Content Illustration
Basel_1546,143,2,Content Illustration
Basel_1546,143,3,Content Illustration
Basel_1546,143,4,Content Illustration
Basel_1546,144,1,Content Illustration
Basel_1546,144,2,Content Illustration
Basel_1546,144,3,Content Illustration
Basel_1546,145,1,Content Illustration
Basel_1546,145,2,Content Illustration
Basel_1546,146,1,Content Illustration
Basel_1546,146,2,Content Illustration
Basel_1546,147,1,Content Illustration
Basel_1546,147,2,Content Illustration
Basel_1546,148,1,Content Illustration
Basel_1546,148,2,Content Illustration
Basel_1546,148,3,Content Illustration
Basel_1546,149,1,Content Illustration
Basel_1546,149,2,Content Illustration
Basel_1546,150,1,Content Illustration
Basel_1546,150,2,Content Illustration
Basel_1546,150,3,Content Illustration
Basel_1546,151,1,Content Illustration
Basel_1546,151,2,Content Illustration
Basel_1546,152,1,Content Illustration
Basel_1546,152,2,Content Illustration
Basel_1546,152,3,Content Illustration
Basel_1546,153,1,Content Illustration
Basel_1546,153,2,Content Illustration
Basel_1546,153,3,Content Illustration
Basel_1546,154,1,Content Illustration
Basel_1546,154,2,Content Illustration
Basel_1546,154,3,Content Illustration
Basel_1546,154,4,Content Illustration
Basel_1546,154,5,Content Illustration
Basel_1546,154,6,Content Illustration
Basel_1546,155,1,Content Illustration
Basel_1546,155,2,Content Illustration
Basel_1546,156,1,Content Illustration
Basel_1546,156,2,Content Illustration
Basel_1546,157,1,Content Illustration
Basel_1546,158,1,Content Illustration
Basel_1546,158,2,Content Illustration
Basel_1546,158,3,Content Illustration
Basel_1546,159,1,Content Illustration
Basel_1546,160,1,Content Illustration
Basel_1546,160,2,Content Illustration
Basel_1546,160,3,Content Illustration
Basel_1546,161,1,Content Illustration
Basel_1546,162,1,Content Illustration
Basel_1546,162,2,Content Illustration
Basel_1546,162,3,Content Illustration
Basel_1546,162,4,Content Illustration
Basel_1546,163,1,Content Illustration
Basel_1546,163,2,Content Illustration
Basel_1546,163,3,Content Illustration
Basel_1546,163,4,Content Illustration
Basel_1546,163,5,Content Illustration
Basel_1546,163,6,Content Illustration
Basel_1546,164,1,Content Illustration
Basel_1546,164,2,Content Illustration
Basel_1546,165,1,Content Illustration
Basel_1546,165,2,Content Illustration
Basel_1546,165,3,Content Illustration
Basel_1546,165,4,Content Illustration
Basel_1546,166,1,Content Illustration
Basel_1546,166,2,Content Illustration
Basel_1546,167,1,Content Illustration
Basel_1546,167,2,Content Illustration
Basel_1546,167,3,Content Illustration
Basel_1546,167,4,Content Illustration
Basel_1546,168,1,Content Illustration
Basel_1546,168,2,Content Illustration
Basel_1546,168,3,Content Illustration
Basel_1546,168,4,Content Illustration
Basel_1546,169,1,Content Illustration
Basel_1546,170,1,Content Illustration
Basel_1546,170,2,Content Illustration
Basel_1546,170,3,Content Illustration
Basel_1546,170,4,Content Illustration
Basel_1546,171,1,Content Illustration
Basel_1546,171,2,Content Illustration
Basel_1546,172,1,Content Illustration
Basel_1546,172,2,Content Illustration
Basel_1546,172,3,Content Illustration
Basel_1546,173,1,Content Illustration
Basel_1546,173,2,Content Illustration
Basel_1546,174,1,Content Illustration
Basel_1546,174,2,Content Illustration
Basel_1546,174,3,Content Illustration
Basel_1546,174,4,Content Illustration
Basel_1546,175,1,Content Illustration
Basel_1546,175,2,Content Illustration
Basel_1546,182,1,Content Illustration
Basel_1546,183,1,Content Illustration
Basel_1546,185,1,Content Illustration
Basel_1546,185,2,Content Illustration
Basel_1546,185,3,Content Illustration
Basel_1546,194,1,Content Illustration
Basel_1546,194,2,Content Illustration
Basel_1546,194,3,Content Illustration
Basel_1546,200,1,Content Illustration
Basel_1546,202,1,Content Illustration
Basel_1546,227,1,Content Illustration
Basel_1546,229,1,Content Illustration
Basel_1546,230,1,Content Illustration
Basel_1546,231,1,Content Illustration
Basel_1546,232,1,Content Illustration
Basel_1546,233,1,Content Illustration
Basel_1546,235,1,Content Illustration
Basel_1546,237,1,Content Illustration
Basel_1546,237,2,Content Illustration
Basel_1546,237,3,Content Illustration
Basel_1546,238,1,Content Illustration
Basel_1546,238,2,Content Illustration
Basel_1546,238,3,Content Illustration
Basel_1546,240,1,Content Illustration
Basel_1546,240,2,Content Illustration
Basel_1546,240,3,Content Illustration
Basel_1546,240,4,Content Illustration
Basel_1546,242,1,Content Illustration
Basel_1546,242,2,Content Illustration
Basel_1546,251,1,Content Illustration
Basel_1546,252,1,Content Illustration
Basel_1546,253,1,Content Illustration
Basel_1546,253,2,Content Illustration
Basel_1546,254,1,Content Illustration
Basel_1546,255,1,Content Illustration
Basel_1546,256,1,Content Illustration
Basel_1546,256,2,Content Illustration
Basel_1546,256,3,Content Illustration
Basel_1546,258,1,Content Illustration
Basel_1546,259,1,Content Illustration
Basel_1546,261,1,Content Illustration
Basel_1546,262,1,Content Illustration
Basel_1546,262,2,Content Illustration
Basel_1546,262,3,Content Illustration
Basel_1546,263,1,Content Illustration
Basel_1546,264,1,Content Illustration
Basel_1546,264,2,Content Illustration
Basel_1546,264,3,Content Illustration
Basel_1546,265,1,Content Illustration
Basel_1546,266,1,Content Illustration
Basel_1546,266,2,Content Illustration
Basel_1546,266,3,Content Illustration
Basel_1546,267,1,Content Illustration
Basel_1546,267,2,Content Illustration
Basel_1546,267,3,Content Illustration
Basel_1546,268,1,Content Illustration
Basel_1546,268,2,Content Illustration
Basel_1546,268,3,Content Illustration
Basel_1546,269,1,Content Illustration
Basel_1546,270,1,Content Illustration
Basel_1546,270,2,Content Illustration
Basel_1546,270,3,Content Illustration
Basel_1546,270,4,Content Illustration
Basel_1546,271,1,Content Illustration
Basel_1546,271,2,Content Illustration
Basel_1546,271,3,Content Illustration
Basel_1546,272,1,Content Illustration
Basel_1546,272,2,Content Illustration
Basel_1546,273,1,Content Illustration
Basel_1546,273,2,Content Illustration
Basel_1546,274,1,Content Illustration
Basel_1546,275,1,Content Illustration
Basel_1546,275,2,Content Illustration
Basel_1546,277,1,Content Illustration
Basel_1546,277,2,Content Illustration
Basel_1546,280,1,Content Illustration
Basel_1546,281,1,Content Illustration
Basel_1546,281,2,Content Illustration
Basel_1546,282,1,Content Illustration
Basel_1546,282,2,Content Illustration
Basel_1546,282,3,Content Illustration
Basel_1546,283,1,Content Illustration
Basel_1546,283,2,Content Illustration
Basel_1546,284,1,Content Illustration
Basel_1546,285,1,Content Illustration
Basel_1546,285,2,Content Illustration
Basel_1546,286,1,Content Illustration
Basel_1546,286,2,Content Illustration
Basel_1546,286,3,Content Illustration
Basel_1546,287,1,Content Illustration
Basel_1546,287,2,Content Illustration
Basel_1546,288,1,Content Illustration
Basel_1546,288,2,Content Illustration
Basel_1546,289,1,Content Illustration
Basel_1546,289,2,Content Illustration
Basel_1546,289,3,Content Illustration
Basel_1546,290,1,Content Illustration
Basel_1546,290,2,Content Illustration
Basel_1546,290,3,Content Illustration
Basel_1546,291,1,Content Illustration
Basel_1546,292,1,Content Illustration
Basel_1546,292,2,Content Illustration
Basel_1546,292,3,Content Illustration
Basel_1546,294,1,Content Illustration
Basel_1546,295,1,Content Illustration
Basel_1546,295,2,Content Illustration
Basel_1546,295,3,Content Illustration
Basel_1546,295,4,Content Illustration
Basel_1546,296,1,Content Illustration
Basel_1546,296,2,Content Illustration
Basel_1546,297,1,Content Illustration
Basel_1546,297,2,Content Illustration
Basel_1546,297,3,Content Illustration
Basel_1546,297,4,Content Illustration
Basel_1546,297,5,Content Illustration
Basel_1546,297,6,Content Illustration
Basel_1546,298,1,Content Illustration
Basel_1546,298,2,Content Illustration
Basel_1546,299,1,Content Illustration
Basel_1546,299,2,Content Illustration
Basel_1546,299,3,Content Illustration
Basel_1546,299,4,Content Illustration
Basel_1546,299,5,Content Illustration
Basel_1546,300,1,Content Illustration
Basel_1546,300,2,Content Illustration
Basel_1546,301,1,Content Illustration
Basel_1546,301,2,Content Illustration
Basel_1546,301,3,Content Illustration
Basel_1546,301,4,Content Illustration
Basel_1546,301,5,Content Illustration
Basel_1546,301,6,Content Illustration
Basel_1546,302,1,Content Illustration
Basel_1546,302,2,Content Illustration
Basel_1546,302,3,Content Illustration
Basel_1546,302,4,Content Illustration
Basel_1546,302,5,Content Illustration
Basel_1546,302,6,Content Illustration
Basel_1546,303,1,Content Illustration
Basel_1546,303,2,Content Illustration
Basel_1546,303,3,Content Illustration
Basel_1546,303,4,Content Illustration
Basel_1546,303,5,Content Illustration
Basel_1546,304,1,Content Illustration
Basel_1546,304,2,Content Illustration
Basel_1546,305,1,Content Illustration
Basel_1546,305,2,Content Illustration
Basel_1546,305,3,Content Illustration
Basel_1546,306,1,Content Illustration
Basel_1546,306,2,Content Illustration
Basel_1546,306,3,Content Illustration
Basel_1546,306,4,Content Illustration
Basel_1546,307,1,Content Illustration
Basel_1546,307,2,Content Illustration
Basel_1546,307,3,Content Illustration
Basel_1546,307,4,Content Illustration
Basel_1546,307,5,Content Illustration
Basel_1546,308,1,Content Illustration
Basel_1546,308,2,Content Illustration
Basel_1546,308,3,Content Illustration
Basel_1546,308,4,Content Illustration
Basel_1546,309,1,Content Illustration
Basel_1546,309,2,Content Illustration
Basel_1546,310,1,Content Illustration
Basel_1546,310,2,Content Illustration
Basel_1546,310,3,Content Illustration
Basel_1546,310,4,Content Illustration
Basel_1546,311,1,Content Illustration
Basel_1546,311,2,Content Illustration
Basel_1546,311,3,Content Illustration
Basel_1546,311,4,Content Illustration
Basel_1546,312,1,Content Illustration
Basel_1546,312,2,Content Illustration
Basel_1546,312,3,Content Illustration
Basel_1546,313,1,Content Illustration
Basel_1546,313,2,Content Illustration
Basel_1546,314,1,Content Illustration
Basel_1546,314,2,Content Illustration
Basel_1546,315,1,Content Illustration
Basel_1546,315,2,Content Illustration
Basel_1546,315,3,Content Illustration
Basel_1546,316,1,Content Illustration
Basel_1546,317,1,Content Illustration
Basel_1546,317,2,Content Illustration
Basel_1546,317,3,Content Illustration
Basel_1546,318,1,Content Illustration
Basel_1546,318,2,Content Illustration
Basel_1546,318,3,Content Illustration
Basel_1546,318,4,Content Illustration
Basel_1546,319,1,Content Illustration
Basel_1546,319,2,Content Illustration
Basel_1546,319,3,Content Illustration
Basel_1546,320,1,Content Illustration
Basel_1546,320,2,Content Illustration
Basel_1546,320,3,Content Illustration
Basel_1546,321,1,Content Illustration
Basel_1546,321,2,Content Illustration
Basel_1546,322,1,Content Illustration
Basel_1546,322,2,Content Illustration
Basel_1546,323,1,Content Illustration
Basel_1546,324,1,Content Illustration
Basel_1546,324,2,Content Illustration
Basel_1546,325,1,Content Illustration
Basel_1546,325,2,Content Illustration
Basel_1546,325,3,Content Illustration
Basel_1546,325,4,Content Illustration
Basel_1546,326,1,Content Illustration
Basel_1546,326,2,Content Illustration
Basel_1546,327,1,Content Illustration
Basel_1546,327,2,Content Illustration
Basel_1546,327,3,Content Illustration
Basel_1546,328,1,Content Illustration
Basel_1546,328,2,Content Illustration
Basel_1546,329,1,Content Illustration
Basel_1546,329,2,Content Illustration
Basel_1546,329,3,Content Illustration
Basel_1546,329,4,Content Illustration
Basel_1546,330,1,Content Illustration
Basel_1546,331,1,Content Illustration
Basel_1546,331,2,Content Illustration
Basel_1546,332,1,Content Illustration
Basel_1546,332,2,Content Illustration
Basel_1546,332,3,Content Illustration
Basel_1546,332,4,Content Illustration
Basel_1546,333,1,Content Illustration
Basel_1546,333,2,Content Illustration
Basel_1546,334,1,Content Illustration
Basel_1546,335,1,Content Illustration
Basel_1546,335,2,Content Illustration
Basel_1546,336,1,Content Illustration
Basel_1546,336,2,Content Illustration
Basel_1546,336,3,Content Illustration
Basel_1546,337,1,Content Illustration
Basel_1546,338,1,Content Illustration
Basel_1546,338,2,Content Illustration
Basel_1546,339,1,Content Illustration
Basel_1546,339,2,Content Illustration
Basel_1546,340,1,Content Illustration
Basel_1546,340,2,Content Illustration
Basel_1546,340,3,Content Illustration
Basel_1546,340,4,Content Illustration
Basel_1546,341,1,Content Illustration
Basel_1546,341,2,Content Illustration
Basel_1546,342,1,Content Illustration
Basel_1546,342,2,Content Illustration
Basel_1546,342,3,Content Illustration
Basel_1546,342,4,Content Illustration
Basel_1546,343,1,Content Illustration
Basel_1546,343,2,Content Illustration
Basel_1546,343,3,Content Illustration
Basel_1546,343,4,Content Illustration
Basel_1546,344,1,Content Illustration
Basel_1546,344,2,Content Illustration
Basel_1546,345,1,Content Illustration
Basel_1546,347,1,Content Illustration
Basel_1546,348,1,Content Illustration
Basel_1546,350,1,Content Illustration
Basel_1546,350,2,Content Illustration
Basel_1546,350,3,Content Illustration
Basel_1546,350,4,Content Illustration
Basel_1546,351,1,Content Illustration
Basel_1546,351,2,Content Illustration
Basel_1546,351,3,Content Illustration
Basel_1546,352,1,Content Illustration
Basel_1546,352,2,Content Illustration
Basel_1546,352,3,Content Illustration
Basel_1546,353,1,Content Illustration
Basel_1546,354,1,Content Illustration
Basel_1546,354,2,Content Illustration
Basel_1546,356,1,Content Illustration
Basel_1546,356,2,Content Illustration
Basel_1546,357,1,Content Illustration
Basel_1546,357,2,Content Illustration
Basel_1546,357,3,Content Illustration
Basel_1546,357,4,Content Illustration
Basel_1546,358,1,Content Illustration
Basel_1546,358,2,Content Illustration
Basel_1546,359,1,Content Illustration
Basel_1546,359,2,Content Illustration
Basel_1546,359,3,Content Illustration
Basel_1546,360,1,Content Illustration
Basel_1546,360,2,Content Illustration
Basel_1546,360,3,Content Illustration
Basel_1546,360,4,Content Illustration
Basel_1546,361,1,Content Illustration
Basel_1546,361,2,Content Illustration
Basel_1546,361,3,Content Illustration
Basel_1546,362,1,Content Illustration
Basel_1546,362,2,Content Illustration
Basel_1546,362,3,Content Illustration
Basel_1546,363,1,Content Illustration
Basel_1546,364,1,Content Illustration
Basel_1546,364,2,Content Illustration
Basel_1546,365,1,Content Illustration
Basel_1546,365,2,Content Illustration
Basel_1546,366,1,Content Illustration
Basel_1546,367,1,Content Illustration
Basel_1546,367,2,Content Illustration
Basel_1546,367,3,Content Illustration
Basel_1546,368,1,Content Illustration
Basel_1546,368,2,Content Illustration
Basel_1546,369,1,Content Illustration
Basel_1546,369,2,Content Illustration
Basel_1546,369,3,Content Illustration
Basel_1546,370,1,Content Illustration
Basel_1546,370,2,Content Illustration
Basel_1546,370,3,Content Illustration
Basel_1546,370,4,Content Illustration
Basel_1546,371,1,Content Illustration
Basel_1546,371,2,Content Illustration
Basel_1546,371,3,Content Illustration
Basel_1546,371,4,Content Illustration
Basel_1546,372,1,Content Illustration
Basel_1546,372,2,Content Illustration
Basel_1546,372,3,Content Illustration
Basel_1546,372,4,Content Illustration
Basel_1546,372,5,Content Illustration
Basel_1546,373,1,Content Illustration
Basel_1546,373,2,Content Illustration
Basel_1546,373,3,Content Illustration
Basel_1546,374,1,Content Illustration
Basel_1546,374,2,Content Illustration
Basel_1546,374,3,Content Illustration
Basel_1546,374,4,Content Illustration
Basel_1546,375,1,Content Illustration
Basel_1546,375,2,Content Illustration
Basel_1546,376,1,Content Illustration
Basel_1546,376,2,Content Illustration
Basel_1546,376,3,Content Illustration
Basel_1546,377,1,Content Illustration
Basel_1546,377,2,Content Illustration
Basel_1546,377,3,Content Illustration
Basel_1546,378,1,Content Illustration
Basel_1546,378,2,Content Illustration
Basel_1546,378,3,Content Illustration
Basel_1546,378,4,Content Illustration
Basel_1546,379,1,Content Illustration
Basel_1546,379,2,Content Illustration
Basel_1546,379,3,Content Illustration
Basel_1546,380,1,Content Illustration
Basel_1546,380,2,Content Illustration
Basel_1546,381,1,Content Illustration
Basel_1546,382,1,Content Illustration
Basel_1546,382,2,Content Illustration
Basel_1546,382,3,Content Illustration
Basel_1546,382,4,Content Illustration
Basel_1546,382,5,Content Illustration
Basel_1546,383,1,Content Illustration
Basel_1546,383,2,Content Illustration
Basel_1546,383,3,Content Illustration
Basel_1546,384,1,Content Illustration
Basel_1546,384,2,Content Illustration
Basel_1546,386,1,Content Illustration
Basel_1546,386,2,Content Illustration
Basel_1546,386,3,Content Illustration
Basel_1546,386,4,Content Illustration
Basel_1546,386,5,Content Illustration
Basel_1546,386,6,Content Illustration
Basel_1546,387,1,Content Illustration
Basel_1546,387,2,Content Illustration
Basel_1546,388,1,Content Illustration
Basel_1546,389,1,Content Illustration
Basel_1546,390,1,Content Illustration
Basel_1546,390,2,Content Illustration
Basel_1546,391,1,Content Illustration
Basel_1546,391,2,Content Illustration
Basel_1546,391,3,Content Illustration
Basel_1546,391,4,Content Illustration
Basel_1546,391,5,Content Illustration
Basel_1546,392,1,Content Illustration
Basel_1546,392,2,Content Illustration
Basel_1546,392,3,Content Illustration
Basel_1546,392,4,Content Illustration
Basel_1546,393,1,Content Illustration
Basel_1546,394,1,Content Illustration
Basel_1546,394,2,Content Illustration
Basel_1546,394,3,Content Illustration
Basel_1546,395,1,Content Illustration
Basel_1546,395,2,Content Illustration
Basel_1546,395,3,Content Illustration
Basel_1546,396,1,Content Illustration
Basel_1546,396,2,Content Illustration
Basel_1546,396,3,Content Illustration
Basel_1546,397,1,Content Illustration
Basel_1546,397,2,Content Illustration
Basel_1546,397,3,Content Illustration
Basel_1546,397,4,Content Illustration
Basel_1546,397,5,Content Illustration
Basel_1546,398,1,Content Illustration
Basel_1546,398,2,Content Illustration
Basel_1546,399,1,Content Illustration
Basel_1546,400,1,Content Illustration
Basel_1546,401,1,Content Illustration
Basel_1546,401,2,Content Illustration
Basel_1546,401,3,Content Illustration
Basel_1546,402,1,Content Illustration
Basel_1546,402,2,Content Illustration
Basel_1546,402,3,Content Illustration
Basel_1546,403,1,Content Illustration
Basel_1546,403,2,Content Illustration
Basel_1546,404,1,Content Illustration
Basel_1546,405,1,Content Illustration
Basel_1546,405,2,Content Illustration
Basel_1546,405,3,Content Illustration
Basel_1546,406,1,Content Illustration
Basel_1546,406,2,Content Illustration
Basel_1546,407,1,Content Illustration
Basel_1546,407,2,Content Illustration
Basel_1546,407,3,Content Illustration
Basel_1546,407,4,Content Illustration
Basel_1546,408,1,Content Illustration
Basel_1546,408,2,Content Illustration
Basel_1546,409,1,Content Illustration
Basel_1546,409,2,Content Illustration
Basel_1546,410,1,Content Illustration
Basel_1546,410,2,Content Illustration
Basel_1546,411,1,Content Illustration
Basel_1546,412,1,Content Illustration
Basel_1546,412,2,Content Illustration
Basel_1546,413,1,Content Illustration
Basel_1546,413,2,Content Illustration
Basel_1546,414,1,Content Illustration
Basel_1546,414,2,Content Illustration
Basel_1546,414,3,Content Illustration
Basel_1546,414,4,Content Illustration
Basel_1546,415,1,Content Illustration
Basel_1546,415,2,Content Illustration
Basel_1546,415,3,Content Illustration
Basel_1546,416,1,Content Illustration
Basel_1546,416,2,Content Illustration
Basel_1546,416,3,Content Illustration
Basel_1546,416,4,Content Illustration
Basel_1546,417,1,Content Illustration
Basel_1546,417,2,Content Illustration
Basel_1546,417,3,Content Illustration
Basel_1546,418,1,Content Illustration
Basel_1546,419,1,Content Illustration
Basel_1546,419,2,Content Illustration
Basel_1546,419,3,Content Illustration
Basel_1546,420,1,Content Illustration
Basel_1546,420,2,Content Illustration
Basel_1546,421,1,Content Illustration
Basel_1546,421,2,Content Illustration
Basel_1546,422,1,Content Illustration
Basel_1546,422,2,Content Illustration
Basel_1546,424,1,Content Illustration
Basel_1546,424,2,Content Illustration
Basel_1546,426,1,Content Illustration
Basel_1546,426,2,Content Illustration
Basel_1546,426,3,Content Illustration
Basel_1546,426,4,Content Illustration
Basel_1546,426,5,Content Illustration
Basel_1546,426,6,Content Illustration
Basel_1546,427,1,Content Illustration
Basel_1546,428,1,Content Illustration
Basel_1546,428,2,Content Illustration
Basel_1546,429,1,Content Illustration
Basel_1546,429,2,Content Illustration
Basel_1546,430,1,Content Illustration
Basel_1546,430,2,Content Illustration
Basel_1546,431,1,Content Illustration
Basel_1546,431,2,Content Illustration
Basel_1546,431,3,Content Illustration
Basel_1546,431,4,Content Illustration
Basel_1546,432,1,Content Illustration
Basel_1546,432,2,Content Illustration
Basel_1546,432,3,Content Illustration
Basel_1546,433,1,Content Illustration
Basel_1546,433,2,Content Illustration
Basel_1546,433,3,Content Illustration
Basel_1546,433,4,Content Illustration
Basel_1546,433,5,Content Illustration
Basel_1546,434,1,Content Illustration
Basel_1546,434,2,Content Illustration
Basel_1546,435,1,Content Illustration
Basel_1546,435,2,Content Illustration
Basel_1546,436,1,Content Illustration
Basel_1546,436,2,Content Illustration
Basel_1546,437,1,Content Illustration
Basel_1546,438,1,Content Illustration
Basel_1546,439,1,Content Illustration
Basel_1546,440,1,Content Illustration
Basel_1546,440,2,Content Illustration
Basel_1546,441,1,Content Illustration
Basel_1546,441,2,Content Illustration
Basel_1546,442,1,Content Illustration
Basel_1546,443,1,Content Illustration
Basel_1546,443,2,Content Illustration
Basel_1546,443,3,Content Illustration
Basel_1546,444,1,Content Illustration
Basel_1546,444,2,Content Illustration
Basel_1546,445,1,Content Illustration
Basel_1546,445,2,Content Illustration
Basel_1546,445,3,Content Illustration
Basel_1546,445,4,Content Illustration
Basel_1546,446,1,Content Illustration
Basel_1546,446,2,Content Illustration
Basel_1546,446,3,Content Illustration
Basel_1546,447,1,Content Illustration
Basel_1546,447,2,Content Illustration
Basel_1546,447,3,Content Illustration
Basel_1546,448,1,Content Illustration
Basel_1546,448,2,Content Illustration
Basel_1546,448,3,Content Illustration
Basel_1546,449,1,Content Illustration
Basel_1546,449,2,Content Illustration
Basel_1546,450,1,Content Illustration
Basel_1546,450,2,Content Illustration
Basel_1546,452,1,Content Illustration
Basel_1546,453,1,Content Illustration
Basel_1546,454,1,Content Illustration
Basel_1546,455,1,Content Illustration
Basel_1546,456,1,Content Illustration
Basel_1546,457,1,Content Illustration
Basel_1546,458,1,Content Illustration
Basel_1546,459,1,Content Illustration
Basel_1546,460,1,Content Illustration
Basel_1546,460,2,Content Illustration
Basel_1546,461,1,Content Illustration
Basel_1546,461,2,Content Illustration
Basel_1546,462,1,Content Illustration
Basel_1546,462,2,Content Illustration
Basel_1546,462,3,Content Illustration
Basel_1546,463,1,Content Illustration
Basel_1546,464,1,Content Illustration
Basel_1546,464,2,Content Illustration
Basel_1546,464,3,Content Illustration
Basel_1546,465,1,Content Illustration
Basel_1546,466,1,Content Illustration
Basel_1546,466,2,Content Illustration
Basel_1546,467,1,Content Illustration
Basel_1546,467,2,Content Illustration
Basel_1546,468,1,Content Illustration
Basel_1546,469,1,Content Illustration
Basel_1546,469,2,Content Illustration
Basel_1546,470,1,Content Illustration
Basel_1546,470,2,Content Illustration
Basel_1546,471,1,Content Illustration
Basel_1546,472,1,Content Illustration
Basel_1546,472,2,Content Illustration
Basel_1546,472,3,Content Illustration
Basel_1546,472,4,Content Illustration
Basel_1546,472,5,Content Illustration
Basel_1546,473,1,Content Illustration
Basel_1546,473,2,Content Illustration
Basel_1546,473,3,Content Illustration
Basel_1546,475,1,Content Illustration
Basel_1546,475,2,Content Illustration
Basel_1546,476,1,Content Illustration
Basel_1546,476,2,Content Illustration
Basel_1546,476,3,Content Illustration
Basel_1546,476,4,Content Illustration
Basel_1546,477,1,Content Illustration
Basel_1546,477,2,Content Illustration
Basel_1546,477,3,Content Illustration
Basel_1546,478,1,Content Illustration
Basel_1546,478,2,Content Illustration
Basel_1546,479,1,Content Illustration
Basel_1546,480,1,Content Illustration
Basel_1546,480,2,Content Illustration
Basel_1546,486,1,Content Illustration
Basel_1546,486,2,Content Illustration
Basel_1546,486,3,Content Illustration
Basel_1546,487,1,Content Illustration
Basel_1546,487,2,Content Illustration
Basel_1546,488,1,Content Illustration
Basel_1546,488,2,Content Illustration
Basel_1546,488,3,Content Illustration
Basel_1546,489,1,Content Illustration
Basel_1546,489,2,Content Illustration
Basel_1546,492,1,Content Illustration
Basel_1546,493,1,Content Illustration
Basel_1546,493,2,Content Illustration
Basel_1546,494,1,Content Illustration
Basel_1546,494,2,Content Illustration
Basel_1546,495,1,Content Illustration
Basel_1546,495,2,Content Illustration
Basel_1546,496,1,Content Illustration
Basel_1546,496,2,Content Illustration
Basel_1546,497,1,Content Illustration
Basel_1546,498,1,Content Illustration
Basel_1546,499,1,Content Illustration
Basel_1546,499,2,Content Illustration
Basel_1546,499,3,Content Illustration
Basel_1546,500,1,Content Illustration
Basel_1546,501,1,Content Illustration
Basel_1546,501,2,Content Illustration
Basel_1546,502,1,Content Illustration
Basel_1546,503,1,Content Illustration
Basel_1546,504,1,Content Illustration
Basel_1546,504,2,Content Illustration
Basel_1546,505,1,Content Illustration
Basel_1546,505,2,Content Illustration
Basel_1546,506,1,Content Illustration
Basel_1546,506,2,Content Illustration
Basel_1546,507,1,Content Illustration
Basel_1546,508,1,Content Illustration
Basel_1546,508,2,Content Illustration
Basel_1546,509,1,Content Illustration
Basel_1546,509,2,Content Illustration
Basel_1546,509,3,Content Illustration
Basel_1546,512,1,Content Illustration
Basel_1546,512,2,Content Illustration
Basel_1546,512,3,Content Illustration
Basel_1546,512,4,Content Illustration
Basel_1546,512,5,Content Illustration
Basel_1546,513,1,Content Illustration
Basel_1546,513,2,Content Illustration
Basel_1546,513,3,Content Illustration
Basel_1546,513,4,Content Illustration
Basel_1546,514,1,Content Illustration
Basel_1546,514,2,Content Illustration
Basel_1546,514,3,Content Illustration
Basel_1546,514,4,Content Illustration
Basel_1546,514,5,Content Illustration
Basel_1546,515,1,Content Illustration
Basel_1546,515,2,Content Illustration
Basel_1546,515,3,Content Illustration
Basel_1546,515,4,Content Illustration
Basel_1546,516,1,Content Illustration
Basel_1546,516,2,Content Illustration
Basel_1546,516,3,Content Illustration
Basel_1546,517,1,Content Illustration
Basel_1546,517,2,Content Illustration
Basel_1546,517,3,Content Illustration
Basel_1546,518,1,Content Illustration
Basel_1546,518,2,Content Illustration
Basel_1546,518,3,Content Illustration
Basel_1546,519,1,Content Illustration
Basel_1546,519,2,Content Illustration
Basel_1546,519,3,Content Illustration
Basel_1546,520,1,Content Illustration
Basel_1546,520,2,Content Illustration
Basel_1546,520,3,Content Illustration
Basel_1546,521,1,Content Illustration
Basel_1546,521,2,Content Illustration
Basel_1546,521,3,Content Illustration
Basel_1546,521,4,Content Illustration
Basel_1546,522,1,Content Illustration
Basel_1546,522,2,Content Illustration
Basel_1546,522,3,Content Illustration
Basel_1546,525,1,Content Illustration
Basel_1546,526,1,Content Illustration
Basel_1546,526,2,Content Illustration
Basel_1546,526,3,Content Illustration
Basel_1546,526,4,Content Illustration
Basel_1546,526,5,Content Illustration
Basel_1546,527,1,Content Illustration
Basel_1546,527,2,Content Illustration
Basel_1546,527,3,Content Illustration
Basel_1546,528,1,Content Illustration
Basel_1546,528,2,Content Illustration
Basel_1546,528,3,Content Illustration
Basel_1546,528,4,Content Illustration
Basel_1546,528,5,Content Illustration
Basel_1546,529,1,Content Illustration
Basel_1546,529,2,Content Illustration
Basel_1546,529,3,Content Illustration
Basel_1546,529,4,Content Illustration
Basel_1546,530,1,Content Illustration
Basel_1546,530,2,Content Illustration
Basel_1546,530,3,Content Illustration
Basel_1546,530,4,Content Illustration
Basel_1546,531,1,Content Illustration
Basel_1546,531,2,Content Illustration
Basel_1546,531,3,Content Illustration
Basel_1546,532,1,Content Illustration
Basel_1546,532,2,Content Illustration
Basel_1546,532,3,Content Illustration
Basel_1546,533,1,Content Illustration
Basel_1546,533,2,Content Illustration
Basel_1546,533,3,Content Illustration
Basel_1546,534,1,Content Illustration
Basel_1546,534,2,Content Illustration
Basel_1546,534,3,Content Illustration
Basel_1546,535,1,Content Illustration
Basel_1546,535,2,Content Illustration
Basel_1546,535,3,Content Illustration
Basel_1546,536,1,Content Illustration
Basel_1546,536,2,Content Illustration
Basel_1546,536,3,Content Illustration
Basel_1546,537,1,Content Illustration
Basel_1546,537,2,Content Illustration
Basel_1546,537,3,Content Illustration
Basel_1546,538,1,Content Illustration
Basel_1546,538,2,Content Illustration
Basel_1546,538,3,Content Illustration
Basel_1546,539,1,Content Illustration
Basel_1546,539,2,Content Illustration
Basel_1546,539,3,Content Illustration
Basel_1546,539,4,Content Illustration
Basel_1546,540,1,Content Illustration
Basel_1546,540,2,Content Illustration
Basel_1546,540,3,Content Illustration
Basel_1546,540,4,Content Illustration
Basel_1546,541,1,Content Illustration
Basel_1546,541,2,Content Illustration
Basel_1546,541,3,Content Illustration
Basel_1546,541,4,Content Illustration
Basel_1546,541,5,Content Illustration
Basel_1546,541,6,Content Illustration
Basel_1546,542,1,Content Illustration
Basel_1546,542,2,Content Illustration
Basel_1546,542,3,Content Illustration
Basel_1546,542,4,Content Illustration
Basel_1546,542,5,Content Illustration
Basel_1546,543,1,Content Illustration
Basel_1546,543,2,Content Illustration
Basel_1546,543,3,Content Illustration
Basel_1546,543,4,Content Illustration
Basel_1546,553,1,Content Illustration
Basel_1546,553,2,Content Illustration
Basel_1546,553,3,Content Illustration
Basel_1546,553,4,Content Illustration
Basel_1546,553,5,Content Illustration
Basel_1546,554,1,Content Illustration
Basel_1546,554,2,Content Illustration
Basel_1546,554,3,Content Illustration
Basel_1546,554,4,Content Illustration
Basel_1546,555,1,Content Illustration
Basel_1546,556,1,Content Illustration
Basel_1546,556,2,Content Illustration
Basel_1546,556,3,Content Illustration
Basel_1546,557,1,Content Illustration
Basel_1546,557,2,Content Illustration
Basel_1546,558,1,Content Illustration
Basel_1546,558,2,Content Illustration
Basel_1546,559,1,Content Illustration
Basel_1546,559,2,Content Illustration
Basel_1546,559,3,Content Illustration
Basel_1546,560,1,Content Illustration
Basel_1546,560,2,Content Illustration
Basel_1546,560,3,Content Illustration
Basel_1546,560,4,Content Illustration
Basel_1546,561,1,Content Illustration
Basel_1546,561,2,Content Illustration
Basel_1546,561,3,Content Illustration
Basel_1546,561,4,Content Illustration
Basel_1546,561,5,Content Illustration
Basel_1546,562,1,Content Illustration
Basel_1546,562,2,Content Illustration
Basel_1546,562,3,Content Illustration
Basel_1546,562,4,Content Illustration
Basel_1546,562,5,Content Illustration
Basel_1546,563,1,Content Illustration
Basel_1546,563,2,Content Illustration
Basel_1546,563,3,Content Illustration
Basel_1546,564,1,Content Illustration
Basel_1546,564,2,Content Illustration
Basel_1546,564,3,Content Illustration
Basel_1546,565,1,Content Illustration
Basel_1546,565,2,Content Illustration
Basel_1546,566,1,Content Illustration
Basel_1546,566,2,Content Illustration
Basel_1546,566,3,Content Illustration
Basel_1546,566,4,Content Illustration
Basel_1546,567,1,Content Illustration
Basel_1546,567,2,Content Illustration
Basel_1546,567,3,Content Illustration
Basel_1546,567,4,Content Illustration
Basel_1546,567,5,Content Illustration
Basel_1546,568,1,Content Illustration
Basel_1546,568,2,Content Illustration
Basel_1546,568,3,Content Illustration
Basel_1546,568,4,Content Illustration
Basel_1546,568,5,Content Illustration
Basel_1546,569,1,Content Illustration
Basel_1546,569,2,Content Illustration
Basel_1546,569,3,Content Illustration
Basel_1546,569,4,Content Illustration
Basel_1546,570,1,Content Illustration
Basel_1546,570,2,Content Illustration
Basel_1546,570,3,Content Illustration
Basel_1546,570,4,Content Illustration
Basel_1546,571,1,Content Illustration
Basel_1546,571,2,Content Illustration
Basel_1546,571,3,Content Illustration
Basel_1546,571,4,Content Illustration
Basel_1546,572,1,Content Illustration
Basel_1546,572,2,Content Illustration
Basel_1546,572,3,Content Illustration
Basel_1546,572,4,Content Illustration
Basel_1546,573,1,Content Illustration
Basel_1546,573,2,Content Illustration
Basel_1546,574,1,Content Illustration
Basel_1546,574,2,Content Illustration
Basel_1546,574,3,Content Illustration
Basel_1546,575,1,Content Illustration
Basel_1546,575,2,Content Illustration
Basel_1546,575,3,Content Illustration
Basel_1546,576,1,Content Illustration
Basel_1546,576,2,Content Illustration
Basel_1546,576,3,Content Illustration
Basel_1546,577,1,Content Illustration
Basel_1546,577,2,Content Illustration
Basel_1546,578,1,Content Illustration
Basel_1546,578,2,Content Illustration
Basel_1546,578,3,Content Illustration
Basel_1546,578,4,Content Illustration
Basel_1546,579,1,Content Illustration
Basel_1546,579,2,Content Illustration
Basel_1546,579,3,Content Illustration
Basel_1546,579,4,Content Illustration
Basel_1546,580,1,Content Illustration
Basel_1546,580,2,Content Illustration
Basel_1546,581,1,Content Illustration
Basel_1546,581,2,Content Illustration
Basel_1546,581,3,Content Illustration
Basel_1546,581,4,Content Illustration
Basel_1546,582,1,Content Illustration
Basel_1546,582,2,Content Illustration
Basel_1546,583,1,Content Illustration
Basel_1546,583,2,Content Illustration
Basel_1546,584,1,Content Illustration
Basel_1546,584,2,Content Illustration
Basel_1546,584,3,Content Illustration
Basel_1546,585,1,Content Illustration
Basel_1546,585,2,Content Illustration
Basel_1546,585,3,Content Illustration
Basel_1546,586,1,Content Illustration
Basel_1546,586,2,Content Illustration
Basel_1546,586,3,Content Illustration
Basel_1546,587,1,Content Illustration
Basel_1546,587,2,Content Illustration
Basel_1546,587,3,Content Illustration
Basel_1546,588,1,Content Illustration
Basel_1546,588,2,Content Illustration
Basel_1546,588,3,Content Illustration
Basel_1546,589,1,Content Illustration
Basel_1546,589,2,Content Illustration
Basel_1546,589,3,Content Illustration
Basel_1546,590,1,Content Illustration
Basel_1546,590,2,Content Illustration
Basel_1546,590,3,Content Illustration
Basel_1546,590,4,Content Illustration
Basel_1546,591,1,Content Illustration
Basel_1546,591,2,Content Illustration
Basel_1546,592,1,Content Illustration
Basel_1546,592,2,Content Illustration
Basel_1546,593,1,Content Illustration
Basel_1546,593,2,Content Illustration
Basel_1546,593,3,Content Illustration
Basel_1546,594,1,Content Illustration
Basel_1546,594,2,Content Illustration
Strasbourg_1559,11,1,Content Illustration
Strasbourg_1559,11,2,Content Illustration
Strasbourg_1559,11,3,Content Illustration
Strasbourg_1559,11,4,Content Illustration
Strasbourg_1559,12,1,Content Illustration
Strasbourg_1559,12,2,Content Illustration
Strasbourg_1559,12,3,Content Illustration
Strasbourg_1559,12,4,Content Illustration
Strasbourg_1559,12,5,Content Illustration
Strasbourg_1559,12,6,Content Illustration
Strasbourg_1559,13,1,Content Illustration
Strasbourg_1559,13,2,Content Illustration
Strasbourg_1559,15,1,Content Illustration
Strasbourg_1559,16,1,Content Illustration
Strasbourg_1559,16,2,Content Illustration
Strasbourg_1559,16,3,Content Illustration
Strasbourg_1559,17,1,Content Illustration
Strasbourg_1559,19,1,Content Illustration
Strasbourg_1559,20,1,Content Illustration
Strasbourg_1559,21,1,Content Illustration
Strasbourg_1559,22,1,Content Illustration
Strasbourg_1559,23,1,Content Illustration
Strasbourg_1559,23,2,Content Illustration
Strasbourg_1559,24,1,Content Illustration
Strasbourg_1559,25,1,Content Illustration
Strasbourg_1559,25,2,Content Illustration
Strasbourg_1559,26,1,Content Illustration
Strasbourg_1559,27,1,Content Illustration
Strasbourg_1559,28,1,Content Illustration
Strasbourg_1559,29,1,Content Illustration
Strasbourg_1559,29,2,Content Illustration
Strasbourg_1559,30,1,Content Illustration
Strasbourg_1559,30,2,Content Illustration
Strasbourg_1559,31,1,Content Illustration
Strasbourg_1559,32,1,Content Illustration
Strasbourg_1559,33,1,Content Illustration
Strasbourg_1559,34,1,Content Illustration
Strasbourg_1559,35,1,Content Illustration
Strasbourg_1559,36,1,Content Illustration
Strasbourg_1559,38,1,Content Illustration
Strasbourg_1559,39,1,Content Illustration
Strasbourg_1559,40,1,Content Illustration
Strasbourg_1559,40,2,Content Illustration
Strasbourg_1559,41,1,Content Illustration
Strasbourg_1559,42,1,Content Illustration
Strasbourg_1559,42,2,Content Illustration
Strasbourg_1559,43,1,Content Illustration
Strasbourg_1559,44,1,Content Illustration
Strasbourg_1559,45,1,Content Illustration
Strasbourg_1559,46,1,Content Illustration
Strasbourg_1559,47,1,Content Illustration
Strasbourg_1559,48,1,Content Illustration
Strasbourg_1559,49,1,Content Illustration
Strasbourg_1559,49,2,Content Illustration
Strasbourg_1559,4,1,Content Illustration
Strasbourg_1559,50,1,Content Illustration
Strasbourg_1559,51,1,Content Illustration
Strasbourg_1559,52,1,Content Illustration
Strasbourg_1559,53,1,Content Illustration
Strasbourg_1559,54,1,Content Illustration
Strasbourg_1559,55,1,Content Illustration
Strasbourg_1559,56,1,Content Illustration
Strasbourg_1559,57,1,Content Illustration
Strasbourg_1538,3,1,Content Illustration
Strasbourg_1538,10,1,Content Illustration
Strasbourg_1538,10,2,Content Illustration
Strasbourg_1538,10,3,Content Illustration
Strasbourg_1538,10,4,Content Illustration
Strasbourg_1538,10,5,Content Illustration
Strasbourg_1538,11,1,Content Illustration
Strasbourg_1538,11,2,Content Illustration
Strasbourg_1538,11,3,Content Illustration
Strasbourg_1538,11,4,Content Illustration
Strasbourg_1538,11,5,Content Illustration
Strasbourg_1538,11,6,Content Illustration
Strasbourg_1538,12,1,Content Illustration
Strasbourg_1538,13,1,Content Illustration
Strasbourg_1538,13,2,Content Illustration
Strasbourg_1538,13,3,Content Illustration
Strasbourg_1538,14,1,Content Illustration
Strasbourg_1538,14,2,Content Illustration
Strasbourg_1538,15,1,Content Illustration
Strasbourg_1538,15,2,Content Illustration
Strasbourg_1538,16,1,Content Illustration
Strasbourg_1538,16,2,Content Illustration
Strasbourg_1538,17,1,Content Illustration
Strasbourg_1538,17,2,Content Illustration
Strasbourg_1538,17,3,Content Illustration
Strasbourg_1538,18,1,Content Illustration
Strasbourg_1538,18,2,Content Illustration
Strasbourg_1538,19,1,Content Illustration
Strasbourg_1538,19,2,Content Illustration
Strasbourg_1538,20,1,Content Illustration
Strasbourg_1538,20,2,Content Illustration
Strasbourg_1538,20,3,Content Illustration
Strasbourg_1538,21,1,Content Illustration
Strasbourg_1538,21,2,Content Illustration
Strasbourg_1538,22,1,Content Illustration
Strasbourg_1538,22,2,Content Illustration
Strasbourg_1538,23,1,Content Illustration
Strasbourg_1538,23,2,Content Illustration
Strasbourg_1538,24,1,Content Illustration
Strasbourg_1538,24,2,Content Illustration
Strasbourg_1538,25,1,Content Illustration
Strasbourg_1538,26,1,Content Illustration
Strasbourg_1538,26,2,Content Illustration
Strasbourg_1538,27,1,Content Illustration
Strasbourg_1538,27,2,Content Illustration
Strasbourg_1538,28,1,Content Illustration
Strasbourg_1538,28,2,Content Illustration
Strasbourg_1538,29,1,Content Illustration
Strasbourg_1538,29,2,Content Illustration
Strasbourg_1538,30,1,Content Illustration
Strasbourg_1538,30,2,Content Illustration
Strasbourg_1538,31,1,Content Illustration
Strasbourg_1538,31,2,Content Illustration
Strasbourg_1538,31,3,Content Illustration
Strasbourg_1538,32,1,Content Illustration
Strasbourg_1538,32,2,Content Illustration
Strasbourg_1538,33,1,Content Illustration
Strasbourg_1538,33,2,Content Illustration
Strasbourg_1538,34,1,Content Illustration
Strasbourg_1538,34,2,Content Illustration
Strasbourg_1538,35,1,Content Illustration
Strasbourg_1538,36,1,Content Illustration
Venice_1543,100,1,Content Illustration
Venice_1543,100,2,Content Illustration
Venice_1543,101,1,Content Illustration
Venice_1543,101,2,Content Illustration
Venice_1543,101,3,Content Illustration
Venice_1543,101,4,Content Illustration
Venice_1543,102,1,Content Illustration
Venice_1543,102,2,Content Illustration
Venice_1543,102,3,Content Illustration
Venice_1543,102,4,Content Illustration
Venice_1543,103,1,Content Illustration
Venice_1543,103,2,Content Illustration
Venice_1543,103,3,Content Illustration
Venice_1543,103,4,Content Illustration
Venice_1543,104,1,Content Illustration
Venice_1543,104,2,Content Illustration
Venice_1543,104,3,Content Illustration
Venice_1543,105,1,Content Illustration
Venice_1543,105,2,Content Illustration
Venice_1543,105,3,Content Illustration
Venice_1543,105,4,Content Illustration
Venice_1543,106,1,Content Illustration
Venice_1543,106,2,Content Illustration
Venice_1543,107,1,Content Illustration
Venice_1543,107,2,Content Illustration
Venice_1543,107,3,Content Illustration
Venice_1543,108,1,Content Illustration
Venice_1543,108,2,Content Illustration
Venice_1543,108,3,Content Illustration
Venice_1543,109,1,Content Illustration
Venice_1543,109,2,Content Illustration
Venice_1543,109,3,Content Illustration
Venice_1543,109,4,Content Illustration
Venice_1543,110,1,Content Illustration
Venice_1543,110,2,Content Illustration
Venice_1543,111,1,Content Illustration
Venice_1543,111,2,Content Illustration
Venice_1543,111,3,Content Illustration
Venice_1543,111,4,Content Illustration
Venice_1543,112,1,Content Illustration
Venice_1543,112,2,Content Illustration
Venice_1543,112,3,Content Illustration
Venice_1543,113,1,Content Illustration
Venice_1543,113,2,Content Illustration
Venice_1543,113,3,Content Illustration
Venice_1543,113,4,Content Illustration
Venice_1543,114,1,Content Illustration
Venice_1543,114,2,Content Illustration
Venice_1543,114,3,Content Illustration
Venice_1543,114,4,Content Illustration
Venice_1543,115,1,Content Illustration
Venice_1543,115,2,Content Illustration
Venice_1543,116,1,Content Illustration
Venice_1543,116,2,Content Illustration
Venice_1543,116,3,Content Illustration
Venice_1543,117,1,Content Illustration
Venice_1543,117,2,Content Illustration
Venice_1543,118,1,Content Illustration
Venice_1543,118,2,Content Illustration
Venice_1543,118,3,Content Illustration
Venice_1543,119,1,Content Illustration
Venice_1543,119,2,Content Illustration
Venice_1543,119,3,Content Illustration
Venice_1543,120,1,Content Illustration
Venice_1543,120,2,Content Illustration
Venice_1543,120,3,Content Illustration
Venice_1543,120,4,Content Illustration
Venice_1543,121,1,Content Illustration
Venice_1543,121,2,Content Illustration
Venice_1543,122,1,Content Illustration
Venice_1543,122,2,Content Illustration
Venice_1543,123,1,Content Illustration
Venice_1543,123,2,Content Illustration
Venice_1543,124,1,Content Illustration
Venice_1543,124,2,Content Illustration
Venice_1543,125,1,Content Illustration
Venice_1543,132,1,Content Illustration
Venice_1543,150,1,Content Illustration
Venice_1543,162,1,Content Illustration
Venice_1543,164,1,Content Illustration
Venice_1543,164,2,Content Illustration
Venice_1543,165,1,Content Illustration
Venice_1543,165,2,Content Illustration
Venice_1543,165,3,Content Illustration
Venice_1543,166,1,Content Illustration
Venice_1543,166,2,Content Illustration
Venice_1543,167,1,Content Illustration
Venice_1543,167,2,Content Illustration
Venice_1543,168,1,Content Illustration
Venice_1543,168,2,Content Illustration
Venice_1543,169,1,Content Illustration
Venice_1543,169,2,Content Illustration
Venice_1543,16,1,Content Illustration
Venice_1543,170,1,Content Illustration
Venice_1543,170,2,Content Illustration
Venice_1543,170,3,Content Illustration
Venice_1543,171,1,Content Illustration
Venice_1543,171,2,Content Illustration
Venice_1543,172,1,Content Illustration
Venice_1543,172,2,Content Illustration
Venice_1543,173,1,Content Illustration
Venice_1543,173,2,Content Illustration
Venice_1543,173,3,Content Illustration
Venice_1543,174,1,Content Illustration
Venice_1543,174,2,Content Illustration
Venice_1543,174,3,Content Illustration
Venice_1543,175,1,Content Illustration
Venice_1543,175,2,Content Illustration
Venice_1543,175,3,Content Illustration
Venice_1543,177,1,Content Illustration
Venice_1543,178,1,Content Illustration
Venice_1543,178,2,Content Illustration
Venice_1543,17,1,Content Illustration
Venice_1543,17,2,Content Illustration
Venice_1543,180,1,Content Illustration
Venice_1543,180,2,Content Illustration
Venice_1543,180,3,Content Illustration
Venice_1543,180,4,Content Illustration
Venice_1543,181,1,Content Illustration
Venice_1543,181,2,Content Illustration
Venice_1543,182,1,Content Illustration
Venice_1543,182,2,Content Illustration
Venice_1543,182,3,Content Illustration
Venice_1543,182,4,Content Illustration
Venice_1543,183,1,Content Illustration
Venice_1543,183,2,Content Illustration
Venice_1543,184,1,Content Illustration
Venice_1543,184,2,Content Illustration
Venice_1543,184,3,Content Illustration
Venice_1543,184,4,Content Illustration
Venice_1543,185,1,Content Illustration
Venice_1543,185,2,Content Illustration
Venice_1543,186,1,Content Illustration
Venice_1543,186,2,Content Illustration
Venice_1543,186,3,Content Illustration
Venice_1543,186,4,Content Illustration
Venice_1543,186,5,Content Illustration
Venice_1543,186,6,Content Illustration
Venice_1543,187,1,Content Illustration
Venice_1543,187,2,Content Illustration
Venice_1543,188,1,Content Illustration
Venice_1543,188,2,Content Illustration
Venice_1543,188,3,Content Illustration
Venice_1543,189,1,Content Illustration
Venice_1543,18,1,Content Illustration
Venice_1543,18,2,Content Illustration
Venice_1543,190,1,Content Illustration
Venice_1543,190,2,Content Illustration
Venice_1543,190,3,Content Illustration
Venice_1543,191,1,Content Illustration
Venice_1543,191,2,Content Illustration
Venice_1543,191,3,Content Illustration
Venice_1543,192,1,Content Illustration
Venice_1543,192,2,Content Illustration
Venice_1543,192,3,Content Illustration
Venice_1543,192,4,Content Illustration
Venice_1543,19,1,Content Illustration
Venice_1543,211,1,Content Illustration
Venice_1543,212,1,Content Illustration
Venice_1543,213,1,Content Illustration
Venice_1543,213,2,Content Illustration
Venice_1543,216,1,Content Illustration
Venice_1543,219,1,Content Illustration
Venice_1543,219,2,Content Illustration
Venice_1543,222,1,Content Illustration
Venice_1543,222,2,Content Illustration
Venice_1543,222,3,Content Illustration
Venice_1543,222,4,Content Illustration
Venice_1543,223,1,Content Illustration
Venice_1543,223,2,Content Illustration
Venice_1543,224,1,Content Illustration
Venice_1543,227,1,Content Illustration
Venice_1543,22,1,Content Illustration
Venice_1543,230,1,Content Illustration
Venice_1543,230,2,Content Illustration
Venice_1543,232,1,Content Illustration
Venice_1543,232,2,Content Illustration
Venice_1543,233,1,Content Illustration
Venice_1543,242,1,Content Illustration
Venice_1543,244,1,Content Illustration
Venice_1543,245,1,Content Illustration
Venice_1543,245,2,Content Illustration
Venice_1543,247,1,Content Illustration
Venice_1543,247,2,Content Illustration
Venice_1543,247,3,Content Illustration
Venice_1543,249,1,Content Illustration
Venice_1543,24,1,Content Illustration
Venice_1543,24,2,Content Illustration
Venice_1543,253,1,Content Illustration
Venice_1543,254,1,Content Illustration
Venice_1543,25,1,Content Illustration
Venice_1543,260,1,Content Illustration
Venice_1543,260,2,Content Illustration
Venice_1543,260,3,Content Illustration
Venice_1543,262,1,Content Illustration
Venice_1543,266,1,Content Illustration
Venice_1543,266,2,Content Illustration
Venice_1543,267,1,Content Illustration
Venice_1543,267,2,Content Illustration
Venice_1543,267,3,Content Illustration
Venice_1543,267,4,Content Illustration
Venice_1543,267,5,Content Illustration
Venice_1543,268,1,Content Illustration
Venice_1543,26,1,Content Illustration
Venice_1543,26,2,Content Illustration
Venice_1543,26,3,Content Illustration
Venice_1543,26,4,Content Illustration
Venice_1543,26,5,Content Illustration
Venice_1543,26,6,Content Illustration
Venice_1543,26,7,Content Illustration
Venice_1543,271,1,Content Illustration
Venice_1543,271,2,Content Illustration
Venice_1543,276,1,Content Illustration
Venice_1543,276,2,Content Illustration
Venice_1543,27,1,Content Illustration
Venice_1543,27,2,Content Illustration
Venice_1543,280,1,Content Illustration
Venice_1543,280,2,Content Illustration
Venice_1543,280,3,Content Illustration
Venice_1543,281,1,Content Illustration
Venice_1543,284,1,Content Illustration
Venice_1543,284,2,Content Illustration
Venice_1543,287,1,Content Illustration
Venice_1543,288,1,Content Illustration
Venice_1543,28,1,Content Illustration
Venice_1543,28,2,Content Illustration
Venice_1543,28,3,Content Illustration
Venice_1543,290,1,Content Illustration
Venice_1543,290,2,Content Illustration
Venice_1543,291,1,Content Illustration
Venice_1543,291,2,Content Illustration
Venice_1543,292,1,Content Illustration
Venice_1543,292,2,Content Illustration
Venice_1543,293,1,Content Illustration
Venice_1543,293,2,Content Illustration
Venice_1543,293,3,Content Illustration
Venice_1543,295,1,Content Illustration
Venice_1543,295,2,Content Illustration
Venice_1543,296,1,Content Illustration
Venice_1543,296,2,Content Illustration
Venice_1543,296,3,Content Illustration
Venice_1543,297,1,Content Illustration
Venice_1543,297,2,Content Illustration
Venice_1543,297,3,Content Illustration
Venice_1543,298,1,Content Illustration
Venice_1543,298,2,Content Illustration
Venice_1543,298,3,Content Illustration
Venice_1543,299,1,Content Illustration
Venice_1543,29,1,Content Illustration
Venice_1543,29,2,Content Illustration
Venice_1543,29,3,Content Illustration
Venice_1543,29,4,Content Illustration
Venice_1543,300,1,Content Illustration
Venice_1543,300,2,Content Illustration
Venice_1543,304,1,Content Illustration
Venice_1543,305,1,Content Illustration
Venice_1543,306,1,Content Illustration
Venice_1543,307,1,Content Illustration
Venice_1543,308,1,Content Illustration
Venice_1543,309,1,Content Illustration
Venice_1543,309,2,Content Illustration
Venice_1543,30,1,Content Illustration
Venice_1543,30,2,Content Illustration
Venice_1543,30,3,Content Illustration
Venice_1543,30,4,Content Illustration
Venice_1543,310,1,Content Illustration
Venice_1543,311,1,Content Illustration
Venice_1543,311,2,Content Illustration
Venice_1543,312,1,Content Illustration
Venice_1543,313,1,Content Illustration
Venice_1543,313,2,Content Illustration
Venice_1543,314,1,Content Illustration
Venice_1543,314,2,Content Illustration
Venice_1543,316,1,Content Illustration
Venice_1543,317,1,Content Illustration
Venice_1543,317,2,Content Illustration
Venice_1543,317,3,Content Illustration
Venice_1543,318,1,Content Illustration
Venice_1543,318,2,Content Illustration
Venice_1543,318,3,Content Illustration
Venice_1543,319,1,Content Illustration
Venice_1543,319,2,Content Illustration
Venice_1543,319,3,Content Illustration
Venice_1543,319,4,Content Illustration
Venice_1543,31,1,Content Illustration
Venice_1543,31,2,Content Illustration
Venice_1543,31,3,Content Illustration
Venice_1543,320,1,Content Illustration
Venice_1543,320,2,Content Illustration
Venice_1543,320,3,Content Illustration
Venice_1543,321,1,Content Illustration
Venice_1543,321,2,Content Illustration
Venice_1543,322,1,Content Illustration
Venice_1543,322,2,Content Illustration
Venice_1543,323,1,Content Illustration
Venice_1543,323,2,Content Illustration
Venice_1543,323,3,Content Illustration
Venice_1543,324,1,Content Illustration
Venice_1543,324,2,Content Illustration
Venice_1543,325,1,Content Illustration
Venice_1543,325,2,Content Illustration
Venice_1543,325,3,Content Illustration
Venice_1543,325,4,Content Illustration
Venice_1543,326,1,Content Illustration
Venice_1543,326,2,Content Illustration
Venice_1543,326,3,Content Illustration
Venice_1543,326,4,Content Illustration
Venice_1543,327,1,Content Illustration
Venice_1543,327,2,Content Illustration
Venice_1543,328,1,Content Illustration
Venice_1543,328,2,Content Illustration
Venice_1543,328,3,Content Illustration
Venice_1543,328,4,Content Illustration
Venice_1543,328,5,Content Illustration
Venice_1543,329,1,Content Illustration
Venice_1543,329,2,Content Illustration
Venice_1543,329,3,Content Illustration
Venice_1543,32,1,Content Illustration
Venice_1543,32,2,Content Illustration
Venice_1543,32,3,Content Illustration
Venice_1543,32,4,Content Illustration
Venice_1543,32,5,Content Illustration
Venice_1543,330,1,Content Illustration
Venice_1543,330,2,Content Illustration
Venice_1543,330,3,Content Illustration
Venice_1543,330,4,Content Illustration
Venice_1543,330,5,Content Illustration
Venice_1543,330,6,Content Illustration
Venice_1543,331,1,Content Illustration
Venice_1543,331,2,Content Illustration
Venice_1543,331,3,Content Illustration
Venice_1543,332,1,Content Illustration
Venice_1543,332,2,Content Illustration
Venice_1543,332,3,Content Illustration
Venice_1543,333,1,Content Illustration
Venice_1543,334,1,Content Illustration
Venice_1543,336,1,Content Illustration
Venice_1543,337,1,Content Illustration
Venice_1543,337,2,Content Illustration
Venice_1543,338,1,Content Illustration
Venice_1543,339,1,Content Illustration
Venice_1543,339,2,Content Illustration
Venice_1543,340,1,Content Illustration
Venice_1543,341,1,Content Illustration
Venice_1543,342,1,Content Illustration
Venice_1543,342,2,Content Illustration
Venice_1543,343,1,Content Illustration
Venice_1543,343,2,Content Illustration
Venice_1543,346,1,Content Illustration
Venice_1543,346,2,Content Illustration
Venice_1543,346,3,Content Illustration
Venice_1543,346,4,Content Illustration
Venice_1543,347,1,Content Illustration
Venice_1543,347,2,Content Illustration
Venice_1543,348,1,Content Illustration
Venice_1543,348,2,Content Illustration
Venice_1543,349,1,Content Illustration
Venice_1543,355,1,Content Illustration
Venice_1543,357,1,Content Illustration
Venice_1543,358,1,Content Illustration
Venice_1543,358,2,Content Illustration
Venice_1543,359,1,Content Illustration
Venice_1543,35,1,Content Illustration
Venice_1543,360,1,Content Illustration
Venice_1543,360,2,Content Illustration
Venice_1543,360,3,Content Illustration
Venice_1543,361,1,Content Illustration
Venice_1543,361,2,Content Illustration
Venice_1543,361,3,Content Illustration
Venice_1543,362,1,Content Illustration
Venice_1543,363,1,Content Illustration
Venice_1543,364,1,Content Illustration
Venice_1543,365,1,Content Illustration
Venice_1543,366,1,Content Illustration
Venice_1543,366,2,Content Illustration
Venice_1543,366,3,Content Illustration
Venice_1543,367,1,Content Illustration
Venice_1543,369,1,Content Illustration
Venice_1543,369,2,Content Illustration
Venice_1543,36,1,Content Illustration
Venice_1543,36,2,Content Illustration
Venice_1543,36,3,Content Illustration
Venice_1543,36,4,Content Illustration
Venice_1543,36,5,Content Illustration
Venice_1543,370,1,Content Illustration
Venice_1543,370,2,Content Illustration
Venice_1543,370,3,Content Illustration
Venice_1543,371,1,Content Illustration
Venice_1543,371,2,Content Illustration
Venice_1543,372,1,Content Illustration
Venice_1543,372,2,Content Illustration
Venice_1543,372,3,Content Illustration
Venice_1543,373,1,Content Illustration
Venice_1543,373,2,Content Illustration
Venice_1543,373,3,Content Illustration
Venice_1543,374,1,Content Illustration
Venice_1543,374,2,Content Illustration
Venice_1543,375,1,Content Illustration
Venice_1543,375,2,Content Illustration
Venice_1543,375,3,Content Illustration
Venice_1543,376,1,Content Illustration
Venice_1543,376,2,Content Illustration
Venice_1543,376,3,Content Illustration
Venice_1543,377,1,Content Illustration
Venice_1543,377,2,Content Illustration
Venice_1543,378,1,Content Illustration
Venice_1543,378,2,Content Illustration
Venice_1543,378,3,Content Illustration
Venice_1543,378,4,Content Illustration
Venice_1543,379,1,Content Illustration
Venice_1543,379,2,Content Illustration
Venice_1543,379,3,Content Illustration
Venice_1543,379,4,Content Illustration
Venice_1543,380,1,Content Illustration
Venice_1543,380,2,Content Illustration
Venice_1543,380,3,Content Illustration
Venice_1543,380,4,Content Illustration
Venice_1543,380,5,Content Illustration
Venice_1543,380,6,Content Illustration
Venice_1543,380,7,Content Illustration
Venice_1543,381,1,Content Illustration
Venice_1543,381,2,Content Illustration
Venice_1543,381,3,Content Illustration
Venice_1543,381,4,Content Illustration
Venice_1543,381,5,Content Illustration
Venice_1543,381,6,Content Illustration
Venice_1543,382,1,Content Illustration
Venice_1543,382,2,Content Illustration
Venice_1543,383,1,Content Illustration
Venice_1543,383,2,Content Illustration
Venice_1543,384,1,Content Illustration
Venice_1543,384,2,Content Illustration
Venice_1543,385,1,Content Illustration
Venice_1543,385,2,Content Illustration
Venice_1543,385,3,Content Illustration
Venice_1543,385,4,Content Illustration
Venice_1543,386,1,Content Illustration
Venice_1543,386,2,Content Illustration
Venice_1543,387,1,Content Illustration
Venice_1543,387,2,Content Illustration
Venice_1543,388,1,Content Illustration
Venice_1543,388,2,Content Illustration
Venice_1543,389,1,Content Illustration
Venice_1543,389,2,Content Illustration
Venice_1543,38,1,Content Illustration
Venice_1543,38,2,Content Illustration
Venice_1543,38,3,Content Illustration
Venice_1543,38,4,Content Illustration
Venice_1543,38,5,Content Illustration
Venice_1543,390,1,Content Illustration
Venice_1543,390,2,Content Illustration
Venice_1543,391,1,Content Illustration
Venice_1543,391,2,Content Illustration
Venice_1543,393,1,Content Illustration
Venice_1543,393,2,Content Illustration
Venice_1543,394,1,Content Illustration
Venice_1543,394,2,Content Illustration
Venice_1543,395,1,Content Illustration
Venice_1543,395,2,Content Illustration
Venice_1543,395,3,Content Illustration
Venice_1543,395,4,Content Illustration
Venice_1543,395,5,Content Illustration
Venice_1543,396,1,Content Illustration
Venice_1543,397,1,Content Illustration
Venice_1543,397,2,Content Illustration
Venice_1543,397,3,Content Illustration
Venice_1543,398,1,Content Illustration
Venice_1543,398,2,Content Illustration
Venice_1543,399,1,Content Illustration
Venice_1543,399,2,Content Illustration
Venice_1543,39,1,Content Illustration
Venice_1543,39,2,Content Illustration
Venice_1543,39,3,Content Illustration
Venice_1543,400,1,Content Illustration
Venice_1543,400,2,Content Illustration
Venice_1543,400,3,Content Illustration
Venice_1543,400,4,Content Illustration
Venice_1543,401,1,Content Illustration
Venice_1543,402,1,Content Illustration
Venice_1543,402,2,Content Illustration
Venice_1543,403,1,Content Illustration
Venice_1543,404,1,Content Illustration
Venice_1543,406,1,Content Illustration
Venice_1543,406,2,Content Illustration
Venice_1543,406,3,Content Illustration
Venice_1543,406,4,Content Illustration
Venice_1543,406,5,Content Illustration
Venice_1543,407,1,Content Illustration
Venice_1543,407,2,Content Illustration
Venice_1543,407,3,Content Illustration
Venice_1543,407,4,Content Illustration
Venice_1543,407,5,Content Illustration
Venice_1543,407,6,Content Illustration
Venice_1543,408,1,Content Illustration
Venice_1543,408,2,Content Illustration
Venice_1543,408,3,Content Illustration
Venice_1543,408,4,Content Illustration
Venice_1543,409,1,Content Illustration
Venice_1543,40,1,Content Illustration
Venice_1543,411,1,Content Illustration
Venice_1543,411,2,Content Illustration
Venice_1543,413,1,Content Illustration
Venice_1543,413,2,Content Illustration
Venice_1543,414,1,Content Illustration
Venice_1543,415,1,Content Illustration
Venice_1543,415,2,Content Illustration
Venice_1543,415,3,Content Illustration
Venice_1543,415,4,Content Illustration
Venice_1543,415,5,Content Illustration
Venice_1543,416,1,Content Illustration
Venice_1543,416,2,Content Illustration
Venice_1543,417,1,Content Illustration
Venice_1543,418,1,Content Illustration
Venice_1543,418,2,Content Illustration
Venice_1543,418,3,Content Illustration
Venice_1543,419,1,Content Illustration
Venice_1543,419,2,Content Illustration
Venice_1543,419,3,Content Illustration
Venice_1543,41,1,Content Illustration
Venice_1543,41,2,Content Illustration
Venice_1543,421,1,Content Illustration
Venice_1543,423,1,Content Illustration
Venice_1543,423,2,Content Illustration
Venice_1543,423,3,Content Illustration
Venice_1543,424,1,Content Illustration
Venice_1543,424,2,Content Illustration
Venice_1543,424,3,Content Illustration
Venice_1543,425,1,Content Illustration
Venice_1543,426,1,Content Illustration
Venice_1543,426,2,Content Illustration
Venice_1543,427,1,Content Illustration
Venice_1543,42,1,Content Illustration
Venice_1543,430,1,Content Illustration
Venice_1543,431,1,Content Illustration
Venice_1543,432,1,Content Illustration
Venice_1543,432,2,Content Illustration
Venice_1543,434,1,Content Illustration
Venice_1543,435,1,Content Illustration
Venice_1543,436,1,Content Illustration
Venice_1543,436,2,Content Illustration
Venice_1543,437,1,Content Illustration
Venice_1543,437,2,Content Illustration
Venice_1543,438,1,Content Illustration
Venice_1543,438,2,Content Illustration
Venice_1543,438,3,Content Illustration
Venice_1543,43,1,Content Illustration
Venice_1543,440,1,Content Illustration
Venice_1543,440,2,Content Illustration
Venice_1543,440,3,Content Illustration
Venice_1543,440,4,Content Illustration
Venice_1543,440,5,Content Illustration
Venice_1543,440,6,Content Illustration
Venice_1543,441,1,Content Illustration
Venice_1543,441,2,Content Illustration
Venice_1543,442,1,Content Illustration
Venice_1543,442,2,Content Illustration
Venice_1543,444,1,Content Illustration
Venice_1543,445,1,Content Illustration
Venice_1543,448,1,Content Illustration
Venice_1543,44,1,Content Illustration
Venice_1543,44,2,Content Illustration
Venice_1543,451,1,Content Illustration
Venice_1543,455,1,Content Illustration
Venice_1543,456,1,Content Illustration
Venice_1543,456,2,Content Illustration
Venice_1543,456,3,Content Illustration
Venice_1543,456,4,Content Illustration
Venice_1543,457,1,Content Illustration
Venice_1543,458,1,Content Illustration
Venice_1543,458,2,Content Illustration
Venice_1543,459,1,Content Illustration
Venice_1543,459,2,Content Illustration
Venice_1543,45,1,Content Illustration
Venice_1543,45,2,Content Illustration
Venice_1543,45,3,Content Illustration
Venice_1543,45,4,Content Illustration
Venice_1543,460,1,Content Illustration
Venice_1543,460,2,Content Illustration
Venice_1543,462,1,Content Illustration
Venice_1543,462,2,Content Illustration
Venice_1543,462,3,Content Illustration
Venice_1543,463,1,Content Illustration
Venice_1543,464,1,Content Illustration
Venice_1543,466,1,Content Illustration
Venice_1543,468,1,Content Illustration
Venice_1543,469,1,Content Illustration
Venice_1543,469,2,Content Illustration
Venice_1543,469,3,Content Illustration
Venice_1543,46,1,Content Illustration
Venice_1543,46,2,Content Illustration
Venice_1543,46,3,Content Illustration
Venice_1543,46,4,Content Illustration
Venice_1543,46,5,Content Illustration
Venice_1543,470,1,Content Illustration
Venice_1543,470,2,Content Illustration
Venice_1543,470,3,Content Illustration
Venice_1543,470,4,Content Illustration
Venice_1543,471,1,Content Illustration
Venice_1543,471,2,Content Illustration
Venice_1543,474,1,Content Illustration
Venice_1543,475,1,Content Illustration
Venice_1543,475,2,Content Illustration
Venice_1543,475,3,Content Illustration
Venice_1543,47,1,Content Illustration
Venice_1543,47,2,Content Illustration
Venice_1543,47,3,Content Illustration
Venice_1543,47,4,Content Illustration
Venice_1543,483,1,Content Illustration
Venice_1543,484,1,Content Illustration
Venice_1543,48,1,Content Illustration
Venice_1543,48,2,Content Illustration
Venice_1543,492,1,Content Illustration
Venice_1543,49,1,Content Illustration
Venice_1543,49,2,Content Illustration
Venice_1543,50,1,Content Illustration
Venice_1543,50,2,Content Illustration
Venice_1543,50,3,Content Illustration
Venice_1543,51,1,Content Illustration
Venice_1543,51,2,Content Illustration
Venice_1543,51,3,Content Illustration
Venice_1543,52,1,Content Illustration
Venice_1543,52,2,Content Illustration
Venice_1543,53,1,Content Illustration
Venice_1543,53,2,Content Illustration
Venice_1543,53,3,Content Illustration
Venice_1543,54,1,Content Illustration
Venice_1543,54,2,Content Illustration
Venice_1543,54,3,Content Illustration
Venice_1543,55,1,Content Illustration
Venice_1543,55,2,Content Illustration
Venice_1543,56,1,Content Illustration
Venice_1543,56,2,Content Illustration
Venice_1543,57,1,Content Illustration
Venice_1543,57,2,Content Illustration
Venice_1543,57,3,Content Illustration
Venice_1543,58,1,Content Illustration
Venice_1543,58,2,Content Illustration
Venice_1543,58,3,Content Illustration
Venice_1543,59,1,Content Illustration
Venice_1543,59,2,Content Illustration
Venice_1543,60,1,Content Illustration
Venice_1543,60,2,Content Illustration
Venice_1543,60,3,Content Illustration
Venice_1543,60,4,Content Illustration
Venice_1543,60,5,Content Illustration
Venice_1543,61,1,Content Illustration
Venice_1543,61,2,Content Illustration
Venice_1543,61,3,Content Illustration
Venice_1543,62,1,Content Illustration
Venice_1543,62,2,Content Illustration
Venice_1543,62,3,Content Illustration
Venice_1543,62,4,Content Illustration
Venice_1543,63,1,Content Illustration
Venice_1543,63,2,Content Illustration
Venice_1543,64,1,Content Illustration
Venice_1543,64,2,Content Illustration
Venice_1543,64,3,Content Illustration
Venice_1543,65,1,Content Illustration
Venice_1543,65,2,Content Illustration
Venice_1543,65,3,Content Illustration
Venice_1543,66,1,Content Illustration
Venice_1543,66,2,Content Illustration
Venice_1543,67,1,Content Illustration
Venice_1543,67,2,Content Illustration
Venice_1543,67,3,Content Illustration
Venice_1543,68,1,Content Illustration
Venice_1543,68,2,Content Illustration
Venice_1543,69,1,Content Illustration
Venice_1543,69,2,Content Illustration
Venice_1543,70,1,Content Illustration
Venice_1543,70,2,Content Illustration
Venice_1543,70,3,Content Illustration
Venice_1543,71,1,Content Illustration
Venice_1543,71,2,Content Illustration
Venice_1543,72,1,Content Illustration
Venice_1543,72,2,Content Illustration
Venice_1543,73,1,Content Illustration
Venice_1543,74,1,Content Illustration
Venice_1543,75,1,Content Illustration
Venice_1543,75,2,Content Illustration
Venice_1543,76,1,Content Illustration
Venice_1543,76,2,Content Illustration
Venice_1543,77,1,Content Illustration
Venice_1543,78,1,Content Illustration
Venice_1543,79,1,Content Illustration
Venice_1543,79,2,Content Illustration
Venice_1543,80,1,Content Illustration
Venice_1543,82,1,Content Illustration
Venice_1543,82,2,Content Illustration
Venice_1543,82,3,Content Illustration
Venice_1543,82,4,Content Illustration
Venice_1543,83,1,Content Illustration
Venice_1543,83,2,Content Illustration
Venice_1543,83,3,Content Illustration
Venice_1543,84,1,Content Illustration
Venice_1543,84,2,Content Illustration
Venice_1543,84,3,Content Illustration
Venice_1543,84,4,Content Illustration
Venice_1543,85,1,Content Illustration
Venice_1543,85,2,Content Illustration
Venice_1543,85,3,Content Illustration
Venice_1543,85,4,Content Illustration
Venice_1543,86,1,Content Illustration
Venice_1543,86,2,Content Illustration
Venice_1543,86,3,Content Illustration
Venice_1543,86,4,Content Illustration
Venice_1543,87,1,Content Illustration
Venice_1543,88,1,Content Illustration
Venice_1543,89,1,Content Illustration
Venice_1543,89,2,Content Illustration
Venice_1543,8,1,Content Illustration
Venice_1543,90,1,Content Illustration
Venice_1543,90,2,Content Illustration
Venice_1543,91,1,Content Illustration
Venice_1543,92,1,Content Illustration
Venice_1543,92,2,Content Illustration
Venice_1543,92,3,Content Illustration
Venice_1543,93,1,Content Illustration
Venice_1543,93,2,Content Illustration
Venice_1543,93,3,Content Illustration
Venice_1543,93,4,Content Illustration
Venice_1543,94,1,Content Illustration
Venice_1543,94,2,Content Illustration
Venice_1543,95,1,Content Illustration
Venice_1543,95,2,Content Illustration
Venice_1543,96,1,Content Illustration
Venice_1543,97,1,Content Illustration
Venice_1543,98,1,Content Illustration
Venice_1543,98,2,Content Illustration
Venice_1543,98,3,Content Illustration
Venice_1543,99,1,Content Illustration
Venice_1543,99,2,Content Illustration
Venice_1543,99,3,Content Illustration
Venice_1543,99,4,Content Illustration
Venice_1543,99,5,Content Illustration
Venice_1565,4,1,Content Illustration
Venice_1565,21,1,Content Illustration
Venice_1565,21,2,Content Illustration
Venice_1565,23,1,Content Illustration
Venice_1565,24,1,Content Illustration
Venice_1565,24,2,Content Illustration
Venice_1565,25,1,Content Illustration
Venice_1565,26,1,Content Illustration
Venice_1565,26,2,Content Illustration
Venice_1565,26,3,Content Illustration
Venice_1565,26,4,Content Illustration
Venice_1565,26,5,Content Illustration
Venice_1565,26,6,Content Illustration
Venice_1565,27,1,Content Illustration
Venice_1565,27,2,Content Illustration
Venice_1565,27,3,Content Illustration
Venice_1565,28,1,Content Illustration
Venice_1565,28,2,Content Illustration
Venice_1565,29,1,Content Illustration
Venice_1565,30,1,Content Illustration
Venice_1565,30,2,Content Illustration
Venice_1565,30,3,Content Illustration
Venice_1565,30,4,Content Illustration
Venice_1565,31,1,Content Illustration
Venice_1565,31,2,Content Illustration
Venice_1565,31,3,Content Illustration
Venice_1565,32,1,Content Illustration
Venice_1565,32,2,Content Illustration
Venice_1565,32,3,Content Illustration
Venice_1565,32,4,Content Illustration
Venice_1565,33,1,Content Illustration
Venice_1565,33,2,Content Illustration
Venice_1565,33,3,Content Illustration
Venice_1565,33,4,Content Illustration
Venice_1565,34,1,Content Illustration
Venice_1565,34,2,Content Illustration
Venice_1565,34,3,Content Illustration
Venice_1565,35,1,Content Illustration
Venice_1565,38,1,Content Illustration
Venice_1565,38,2,Content Illustration
Venice_1565,39,1,Content Illustration
Venice_1565,39,2,Content Illustration
Venice_1565,39,3,Content Illustration
Venice_1565,40,1,Content Illustration
Venice_1565,40,2,Content Illustration
Venice_1565,40,3,Content Illustration
Venice_1565,40,4,Content Illustration
Venice_1565,41,1,Content Illustration
Venice_1565,41,2,Content Illustration
Venice_1565,42,1,Content Illustration
Venice_1565,42,2,Content Illustration
Venice_1565,42,3,Content Illustration
Venice_1565,43,1,Content Illustration
Venice_1565,43,2,Content Illustration
Venice_1565,45,1,Content Illustration
Venice_1565,45,2,Content Illustration
Venice_1565,46,1,Content Illustration
Venice_1565,47,1,Content Illustration
Venice_1565,48,1,Content Illustration
Venice_1565,48,2,Content Illustration
Venice_1565,49,1,Content Illustration
Venice_1565,49,2,Content Illustration
Venice_1565,49,3,Content Illustration
Venice_1565,49,4,Content Illustration
Venice_1565,49,5,Content Illustration
Venice_1565,50,1,Content Illustration
Venice_1565,50,2,Content Illustration
Venice_1565,50,3,Content Illustration
Venice_1565,51,1,Content Illustration
Venice_1565,51,2,Content Illustration
Venice_1565,51,3,Content Illustration
Venice_1565,52,1,Content Illustration
Venice_1565,52,2,Content Illustration
Venice_1565,52,3,Content Illustration
Venice_1565,52,4,Content Illustration
Venice_1565,52,5,Content Illustration
Venice_1565,53,1,Content Illustration
Venice_1565,53,2,Content Illustration
Venice_1565,53,3,Content Illustration
Venice_1565,53,4,Content Illustration
Venice_1565,54,1,Content Illustration
Venice_1565,54,2,Content Illustration
Venice_1565,55,1,Content Illustration
Venice_1565,56,1,Content Illustration
Venice_1565,56,2,Content Illustration
Venice_1565,56,3,Content Illustration
Venice_1565,56,4,Content Illustration
Venice_1565,57,1,Content Illustration
Venice_1565,58,1,Content Illustration
Venice_1565,58,2,Content Illustration
Venice_1565,59,1,Content Illustration
Venice_1565,59,2,Content Illustration
Venice_1565,59,3,Content Illustration
Venice_1565,60,1,Content Illustration
Venice_1565,61,1,Content Illustration
Venice_1565,61,2,Content Illustration
Venice_1565,62,1,Content Illustration
Venice_1565,62,2,Content Illustration
Venice_1565,62,3,Content Illustration
Venice_1565,63,1,Content Illustration
Venice_1565,63,2,Content Illustration
Venice_1565,63,3,Content Illustration
Venice_1565,64,1,Content Illustration
Venice_1565,65,1,Content Illustration
Venice_1565,65,2,Content Illustration
Venice_1565,66,1,Content Illustration
Venice_1565,67,1,Content Illustration
Venice_1565,67,2,Content Illustration
Venice_1565,68,1,Content Illustration
Venice_1565,68,2,Content Illustration
Venice_1565,69,1,Content Illustration
Venice_1565,69,2,Content Illustration
Venice_1565,70,1,Content Illustration
Venice_1565,70,2,Content Illustration
Venice_1565,71,1,Content Illustration
Venice_1565,71,2,Content Illustration
Venice_1565,72,1,Content Illustration
Venice_1565,72,2,Content Illustration
Venice_1565,72,3,Content Illustration
Venice_1565,73,1,Content Illustration
Venice_1565,73,2,Content Illustration
Venice_1565,74,1,Content Illustration
Venice_1565,74,2,Content Illustration
Venice_1565,75,1,Content Illustration
Venice_1565,75,2,Content Illustration
Venice_1565,76,1,Content Illustration
Venice_1565,76,2,Content Illustration
Venice_1565,77,1,Content Illustration
Venice_1565,77,2,Content Illustration
Venice_1565,78,1,Content Illustration
Venice_1565,79,1,Content Illustration
Venice_1565,79,2,Content Illustration
Venice_1565,80,1,Content Illustration
Venice_1565,81,1,Content Illustration
Venice_1565,82,1,Content Illustration
Venice_1565,82,2,Content Illustration
Venice_1565,83,1,Content Illustration
Venice_1565,84,1,Content Illustration
Venice_1565,84,2,Content Illustration
Venice_1565,84,3,Content Illustration
Venice_1565,84,4,Content Illustration
Venice_1565,85,1,Content Illustration
Venice_1565,85,2,Content Illustration
Venice_1565,85,3,Content Illustration
Venice_1565,86,1,Content Illustration
Venice_1565,86,2,Content Illustration
Venice_1565,87,1,Content Illustration
Venice_1565,88,1,Content Illustration
Venice_1565,89,1,Content Illustration
Venice_1565,90,1,Content Illustration
Venice_1565,91,1,Content Illustration
Venice_1565,92,1,Content Illustration
Venice_1565,92,2,Content Illustration
Venice_1565,93,1,Content Illustration
Venice_1565,93,2,Content Illustration
Venice_1565,94,1,Content Illustration
Venice_1565,95,1,Content Illustration
Venice_1565,95,2,Content Illustration
Venice_1565,97,1,Content Illustration
Venice_1565,97,2,Content Illustration
Venice_1565,98,1,Content Illustration
Venice_1565,99,1,Content Illustration
Venice_1565,100,1,Content Illustration
Venice_1565,101,1,Content Illustration
Venice_1565,101,2,Content Illustration
Venice_1565,102,1,Content Illustration
Venice_1565,102,2,Content Illustration
Venice_1565,103,1,Content Illustration
Venice_1565,103,2,Content Illustration
Venice_1565,104,1,Content Illustration
Venice_1565,104,2,Content Illustration
Venice_1565,104,3,Content Illustration
Venice_1565,104,4,Content Illustration
Venice_1565,104,5,Content Illustration
Venice_1565,104,6,Content Illustration
Venice_1565,105,1,Content Illustration
Venice_1565,105,2,Content Illustration
Venice_1565,105,3,Content Illustration
Venice_1565,106,1,Content Illustration
Venice_1565,106,2,Content Illustration
Venice_1565,106,3,Content Illustration
Venice_1565,107,1,Content Illustration
Venice_1565,107,2,Content Illustration
Venice_1565,107,3,Content Illustration
Venice_1565,108,1,Content Illustration
Venice_1565,108,2,Content Illustration
Venice_1565,108,3,Content Illustration
Venice_1565,109,1,Content Illustration
Venice_1565,109,2,Content Illustration
Venice_1565,109,3,Content Illustration
Venice_1565,110,1,Content Illustration
Venice_1565,111,1,Content Illustration
Venice_1565,112,1,Content Illustration
Venice_1565,113,1,Content Illustration
Venice_1565,114,1,Content Illustration
Venice_1565,114,2,Content Illustration
Venice_1565,115,1,Content Illustration
Venice_1565,116,1,Content Illustration
Venice_1565,117,1,Content Illustration
Venice_1565,117,2,Content Illustration
Venice_1565,118,1,Content Illustration
Venice_1565,119,1,Content Illustration
Venice_1565,119,2,Content Illustration
Venice_1565,120,1,Content Illustration
Venice_1565,120,2,Content Illustration
Venice_1565,121,1,Content Illustration
Venice_1565,121,2,Content Illustration
Venice_1565,121,3,Content Illustration
Venice_1565,122,1,Content Illustration
Venice_1565,123,1,Content Illustration
Venice_1565,124,1,Content Illustration
Venice_1565,125,1,Content Illustration
Venice_1565,126,1,Content Illustration
Venice_1565,126,2,Content Illustration
Venice_1565,127,1,Content Illustration
Venice_1565,127,2,Content Illustration
Venice_1565,128,1,Content Illustration
Venice_1565,128,2,Content Illustration
Venice_1565,128,3,Content Illustration
Venice_1565,129,1,Content Illustration
Venice_1565,129,2,Content Illustration
Venice_1565,130,1,Content Illustration
Venice_1565,130,2,Content Illustration
Venice_1565,131,1,Content Illustration
Venice_1565,131,2,Content Illustration
Venice_1565,131,3,Content Illustration
Venice_1565,132,1,Content Illustration
Venice_1565,132,2,Content Illustration
Venice_1565,132,3,Content Illustration
Venice_1565,132,4,Content Illustration
Venice_1565,133,1,Content Illustration
Venice_1565,133,2,Content Illustration
Venice_1565,133,3,Content Illustration
Venice_1565,134,1,Content Illustration
Venice_1565,134,2,Content Illustration
Venice_1565,135,1,Content Illustration
Venice_1565,135,2,Content Illustration
Venice_1565,136,1,Content Illustration
Venice_1565,136,2,Content Illustration
Venice_1565,136,3,Content Illustration
Venice_1565,136,4,Content Illustration
Venice_1565,137,1,Content Illustration
Venice_1565,137,2,Content Illustration
Venice_1565,138,1,Content Illustration
Venice_1565,138,2,Content Illustration
Venice_1565,139,1,Content Illustration
Venice_1565,140,1,Content Illustration
Venice_1565,140,2,Content Illustration
Venice_1565,140,3,Content Illustration
Venice_1565,140,4,Content Illustration
Venice_1565,141,1,Content Illustration
Venice_1565,142,1,Content Illustration
Venice_1565,142,2,Content Illustration
Venice_1565,142,3,Content Illustration
Venice_1565,143,1,Content Illustration
Venice_1565,143,2,Content Illustration
Venice_1565,144,1,Content Illustration
Venice_1565,144,2,Content Illustration
Venice_1565,145,1,Content Illustration
Venice_1565,145,2,Content Illustration
Venice_1565,145,3,Content Illustration
Venice_1565,146,1,Content Illustration
Venice_1565,146,2,Content Illustration
Venice_1565,147,1,Content Illustration
Venice_1565,148,1,Content Illustration
Venice_1565,148,2,Content Illustration
Venice_1565,148,3,Content Illustration
Venice_1565,149,1,Content Illustration
Venice_1565,149,2,Content Illustration
Venice_1565,150,1,Content Illustration
Venice_1565,150,2,Content Illustration
Venice_1565,150,3,Content Illustration
Venice_1565,150,4,Content Illustration
Venice_1565,151,1,Content Illustration
Venice_1565,151,2,Content Illustration
Venice_1565,152,1,Content Illustration
Venice_1565,153,1,Content Illustration
Venice_1565,153,2,Content Illustration
Venice_1565,153,3,Content Illustration
Venice_1565,154,1,Content Illustration
Venice_1565,154,2,Content Illustration
Venice_1565,155,1,Content Illustration
Venice_1565,155,2,Content Illustration
Venice_1565,156,1,Content Illustration
Venice_1565,156,2,Content Illustration
Venice_1565,157,1,Content Illustration
Venice_1565,157,2,Content Illustration
Venice_1565,158,1,Content Illustration
Venice_1565,158,2,Content Illustration
Venice_1565,159,1,Content Illustration
Venice_1565,159,2,Content Illustration
Venice_1565,160,1,Content Illustration
Venice_1565,160,2,Content Illustration
Venice_1565,161,1,Content Illustration
Venice_1565,162,1,Content Illustration
Venice_1565,163,1,Content Illustration
Venice_1565,163,2,Content Illustration
Venice_1565,164,1,Content Illustration
Venice_1565,164,2,Content Illustration
Venice_1565,165,1,Content Illustration
Venice_1565,166,1,Content Illustration
Venice_1565,169,1,Content Illustration
Venice_1565,172,1,Content Illustration
Venice_1565,173,1,Content Illustration
Venice_1565,174,1,Content Illustration
Venice_1565,175,1,Content Illustration
Venice_1565,176,1,Content Illustration
Venice_1565,179,1,Content Illustration
Venice_1565,186,1,Content Illustration
Venice_1565,187,1,Content Illustration
Venice_1565,189,1,Content Illustration
Venice_1565,190,1,Content Illustration
Venice_1565,190,2,Content Illustration
Venice_1565,191,1,Content Illustration
Venice_1565,192,1,Content Illustration
Venice_1565,193,1,Content Illustration
Venice_1565,194,1,Content Illustration
Venice_1565,195,1,Content Illustration
Venice_1565,196,1,Content Illustration
Venice_1565,196,2,Content Illustration
Venice_1565,198,1,Content Illustration
Venice_1565,199,1,Content Illustration
Venice_1565,200,1,Content Illustration
Venice_1565,200,2,Content Illustration
Venice_1565,201,1,Content Illustration
Venice_1565,202,1,Content Illustration
Venice_1565,202,2,Content Illustration
Venice_1565,203,1,Content Illustration
Venice_1565,203,2,Content Illustration
Venice_1565,205,1,Content Illustration
Venice_1565,206,1,Content Illustration
Venice_1565,207,1,Content Illustration
Venice_1565,208,1,Content Illustration
Venice_1565,209,1,Content Illustration
Venice_1565,210,1,Content Illustration
Venice_1565,210,2,Content Illustration
Venice_1565,211,1,Content Illustration
Venice_1565,211,2,Content Illustration
Venice_1565,212,1,Content Illustration
Venice_1565,212,2,Content Illustration
Venice_1565,213,1,Content Illustration
Venice_1565,213,2,Content Illustration
Venice_1565,214,1,Content Illustration
Venice_1565,214,2,Content Illustration
Venice_1565,215,1,Content Illustration
Venice_1565,216,1,Content Illustration
Venice_1565,216,2,Content Illustration
Venice_1565,217,1,Content Illustration
Venice_1565,217,2,Content Illustration
Venice_1565,217,3,Content Illustration
Venice_1565,218,1,Content Illustration
Venice_1565,218,2,Content Illustration
Venice_1565,218,3,Content Illustration
Venice_1565,219,1,Content Illustration
Venice_1565,220,1,Content Illustration
Venice_1565,220,2,Content Illustration
Venice_1565,220,3,Content Illustration
Venice_1565,221,1,Content Illustration
Venice_1565,222,1,Content Illustration
Venice_1565,222,2,Content Illustration
Venice_1565,223,1,Content Illustration
Venice_1565,223,2,Content Illustration
Venice_1565,223,3,Content Illustration
Venice_1565,224,1,Content Illustration
Venice_1565,224,2,Content Illustration
Venice_1565,225,1,Content Illustration
Venice_1565,226,1,Content Illustration
Venice_1565,227,1,Content Illustration
Venice_1565,228,1,Content Illustration
Venice_1565,229,1,Content Illustration
Venice_1565,230,1,Content Illustration
Venice_1565,230,2,Content Illustration
Venice_1565,230,3,Content Illustration
Venice_1565,231,1,Content Illustration
Venice_1565,231,2,Content Illustration
Venice_1565,233,1,Content Illustration
Venice_1565,235,1,Content Illustration
Venice_1565,235,2,Content Illustration
Venice_1565,236,1,Content Illustration
Venice_1565,236,2,Content Illustration
Venice_1565,236,3,Content Illustration
Venice_1565,237,1,Content Illustration
Venice_1565,237,2,Content Illustration
Venice_1565,238,1,Content Illustration
Venice_1565,238,2,Content Illustration
Venice_1565,239,1,Content Illustration
Venice_1565,240,1,Content Illustration
Venice_1565,240,2,Content Illustration
Venice_1565,240,3,Content Illustration
Venice_1565,241,1,Content Illustration
Venice_1565,241,2,Content Illustration
Venice_1565,242,1,Content Illustration
Venice_1565,243,1,Content Illustration
Venice_1565,243,2,Content Illustration
Venice_1565,243,3,Content Illustration
Venice_1565,245,1,Content Illustration
Venice_1565,245,2,Content Illustration
Venice_1565,246,1,Content Illustration
Venice_1565,246,2,Content Illustration
Venice_1565,246,3,Content Illustration
Venice_1565,247,1,Content Illustration
Venice_1565,248,1,Content Illustration
Venice_1565,248,2,Content Illustration
Venice_1565,249,1,Content Illustration
Venice_1565,249,2,Content Illustration
Venice_1565,250,1,Content Illustration
Venice_1565,251,1,Content Illustration
Venice_1565,251,2,Content Illustration
Venice_1565,252,1,Content Illustration
Venice_1565,252,2,Content Illustration
Venice_1565,252,3,Content Illustration
Venice_1565,253,1,Content Illustration
Venice_1565,253,2,Content Illustration
Venice_1565,254,1,Content Illustration
Venice_1565,254,2,Content Illustration
Venice_1565,258,1,Content Illustration
Venice_1565,273,1,Content Illustration
Venice_1565,275,1,Content Illustration
Venice_1565,275,2,Content Illustration
Venice_1565,277,1,Content Illustration
Venice_1565,277,2,Content Illustration
Venice_1565,279,1,Content Illustration
Venice_1565,286,1,Content Illustration
Venice_1565,287,1,Content Illustration
Venice_1565,288,1,Content Illustration
Venice_1565,288,2,Content Illustration
Venice_1565,291,1,Content Illustration
Venice_1565,291,2,Content Illustration
Venice_1565,291,3,Content Illustration
Venice_1565,291,4,Content Illustration
Venice_1565,293,1,Content Illustration
Venice_1565,293,2,Content Illustration
Venice_1565,297,1,Content Illustration
Venice_1565,297,2,Content Illustration
Venice_1565,299,1,Content Illustration
Venice_1565,299,2,Content Illustration
Venice_1565,299,3,Content Illustration
Venice_1565,301,1,Content Illustration
Venice_1565,301,2,Content Illustration
Venice_1565,301,3,Content Illustration
Venice_1565,301,4,Content Illustration
Venice_1565,306,1,Content Illustration
Venice_1565,308,1,Content Illustration
Venice_1565,310,1,Content Illustration
Venice_1565,311,1,Content Illustration
Venice_1565,312,1,Content Illustration
Venice_1565,314,1,Content Illustration
Venice_1565,315,1,Content Illustration
Venice_1565,315,2,Content Illustration
Venice_1565,316,1,Content Illustration
Venice_1565,317,1,Content Illustration
Venice_1565,317,2,Content Illustration
Venice_1565,318,1,Content Illustration
Venice_1565,319,1,Content Illustration
Venice_1565,323,1,Content Illustration
Venice_1565,323,2,Content Illustration
Venice_1565,324,1,Content Illustration
Venice_1565,324,2,Content Illustration
Venice_1565,333,1,Content Illustration
Venice_1565,335,1,Content Illustration
Venice_1565,335,2,Content Illustration
Venice_1565,335,3,Content Illustration
Venice_1565,336,1,Content Illustration
Venice_1565,336,2,Content Illustration
Venice_1565,337,1,Content Illustration
Venice_1565,337,2,Content Illustration
Venice_1565,338,1,Content Illustration
Venice_1565,338,2,Content Illustration
Venice_1565,339,1,Content Illustration
Venice_1565,339,2,Content Illustration
Venice_1565,340,1,Content Illustration
Venice_1565,341,1,Content Illustration
Venice_1565,341,2,Content Illustration
Venice_1565,341,3,Content Illustration
Venice_1565,342,1,Content Illustration
Venice_1565,342,2,Content Illustration
Venice_1565,342,3,Content Illustration
Venice_1565,342,4,Content Illustration
Venice_1565,347,1,Content Illustration
Venice_1565,352,1,Content Illustration
Venice_1565,355,1,Content Illustration
Venice_1565,357,1,Content Illustration
Venice_1565,358,1,Content Illustration
Venice_1565,360,1,Content Illustration
Venice_1565,362,1,Content Illustration
Venice_1565,363,1,Content Illustration
Venice_1565,366,1,Content Illustration
Venice_1565,367,1,Content Illustration
Venice_1565,369,1,Content Illustration
Venice_1565,370,1,Content Illustration
Venice_1565,370,2,Content Illustration
Venice_1565,371,1,Content Illustration
Venice_1565,371,2,Content Illustration
Venice_1565,372,1,Content Illustration
Venice_1565,373,1,Content Illustration
Venice_1565,373,2,Content Illustration
Venice_1565,374,1,Content Illustration
Venice_1565,374,2,Content Illustration
Venice_1565,376,1,Content Illustration
Venice_1565,377,1,Content Illustration
Venice_1565,377,2,Content Illustration
Venice_1565,378,1,Content Illustration
Venice_1565,378,2,Content Illustration
Venice_1565,379,1,Content Illustration
Venice_1565,380,1,Content Illustration
Venice_1565,380,2,Content Illustration
Venice_1565,381,1,Content Illustration
Venice_1565,381,2,Content Illustration
Venice_1565,382,1,Content Illustration
Venice_1565,382,2,Content Illustration
Venice_1565,383,1,Content Illustration
Venice_1565,386,1,Content Illustration
Venice_1565,388,1,Content Illustration
Venice_1565,389,1,Content Illustration
Venice_1565,390,1,Content Illustration
Venice_1565,392,1,Content Illustration
Venice_1565,393,1,Content Illustration
Venice_1565,394,1,Content Illustration
Venice_1565,394,2,Content Illustration
Venice_1565,395,1,Content Illustration
Venice_1565,396,1,Content Illustration
Venice_1565,397,1,Content Illustration
Venice_1565,397,2,Content Illustration
Venice_1565,398,1,Content Illustration
Venice_1565,398,2,Content Illustration
Venice_1565,400,1,Content Illustration
Venice_1565,401,1,Content Illustration
Venice_1565,402,1,Content Illustration
Venice_1565,402,2,Content Illustration
Venice_1565,405,1,Content Illustration
Venice_1565,405,2,Content Illustration
Venice_1565,406,1,Content Illustration
Venice_1565,407,1,Content Illustration
Venice_1565,408,1,Content Illustration
Venice_1565,409,1,Content Illustration
Venice_1565,409,2,Content Illustration
Venice_1565,410,1,Content Illustration
Venice_1565,410,2,Content Illustration
Venice_1565,411,1,Content Illustration
Venice_1565,412,1,Content Illustration
Venice_1565,412,2,Content Illustration
Venice_1565,413,1,Content Illustration
Venice_1565,413,2,Content Illustration
Venice_1565,414,1,Content Illustration
Venice_1565,415,1,Content Illustration
Venice_1565,415,2,Content Illustration
Venice_1565,416,1,Content Illustration
Venice_1565,416,2,Content Illustration
Venice_1565,417,1,Content Illustration
Venice_1565,418,1,Content Illustration
Venice_1565,418,2,Content Illustration
Venice_1565,418,3,Content Illustration
Venice_1565,419,1,Content Illustration
Venice_1565,419,2,Content Illustration
Venice_1565,420,1,Content Illustration
Venice_1565,420,2,Content Illustration
Venice_1565,420,3,Content Illustration
Venice_1565,421,1,Content Illustration
Venice_1565,422,1,Content Illustration
Venice_1565,422,2,Content Illustration
Venice_1565,422,3,Content Illustration
Venice_1565,423,1,Content Illustration
Venice_1565,423,2,Content Illustration
Venice_1565,424,1,Content Illustration
Venice_1565,425,1,Content Illustration
Venice_1565,425,2,Content Illustration
Venice_1565,425,3,Content Illustration
Venice_1565,426,1,Content Illustration
Venice_1565,426,2,Content Illustration
Venice_1565,426,3,Content Illustration
Venice_1565,426,4,Content Illustration
Venice_1565,427,1,Content Illustration
Venice_1565,428,1,Content Illustration
Venice_1565,428,2,Content Illustration
Venice_1565,429,1,Content Illustration
Venice_1565,429,2,Content Illustration
Venice_1565,430,1,Content Illustration
Venice_1565,430,2,Content Illustration
Venice_1565,431,1,Content Illustration
Venice_1565,431,2,Content Illustration
Venice_1565,431,3,Content Illustration
Venice_1565,433,1,Content Illustration
Venice_1565,434,1,Content Illustration
Venice_1565,435,1,Content Illustration
Venice_1565,436,1,Content Illustration
Venice_1565,437,1,Content Illustration
Venice_1565,438,1,Content Illustration
Venice_1565,439,1,Content Illustration
Venice_1565,439,2,Content Illustration
Venice_1565,441,1,Content Illustration
Venice_1565,441,2,Content Illustration
Venice_1565,442,1,Content Illustration
Venice_1565,443,1,Content Illustration
Venice_1565,444,1,Content Illustration
Venice_1565,445,1,Content Illustration
Venice_1565,446,1,Content Illustration
Venice_1565,448,1,Content Illustration
Venice_1565,449,1,Content Illustration
Venice_1565,450,1,Content Illustration
Venice_1565,458,1,Content Illustration
Venice_1565,458,2,Content Illustration
Venice_1565,462,1,Content Illustration
Venice_1565,463,1,Content Illustration
Venice_1565,464,1,Content Illustration
Venice_1565,464,2,Content Illustration
Venice_1565,465,1,Content Illustration
Venice_1565,466,1,Content Illustration
Venice_1565,467,1,Content Illustration
Venice_1565,467,2,Content Illustration
Venice_1565,467,3,Content Illustration
Venice_1565,468,1,Content Illustration
Venice_1565,469,1,Content Illustration
Venice_1565,470,1,Content Illustration
Venice_1565,471,1,Content Illustration
Venice_1565,472,1,Content Illustration
Venice_1565,473,1,Content Illustration
Venice_1565,474,1,Content Illustration
Venice_1565,474,2,Content Illustration
Venice_1565,476,1,Content Illustration
Venice_1565,476,2,Content Illustration
Venice_1565,477,1,Content Illustration
Venice_1565,477,2,Content Illustration
Venice_1565,478,1,Content Illustration
Venice_1565,479,1,Content Illustration
Venice_1565,479,2,Content Illustration
Venice_1565,480,1,Content Illustration
Venice_1565,480,2,Content Illustration
Venice_1565,481,1,Content Illustration
Venice_1565,481,2,Content Illustration
Venice_1565,482,1,Content Illustration
Venice_1565,482,2,Content Illustration
Venice_1565,483,1,Content Illustration
Venice_1565,484,1,Content Illustration
Venice_1565,484,2,Content Illustration
Venice_1565,484,3,Content Illustration
Venice_1565,485,1,Content Illustration
Venice_1565,485,2,Content Illustration
Venice_1565,486,1,Content Illustration
Venice_1565,486,2,Content Illustration
Venice_1565,487,1,Content Illustration
Venice_1565,488,1,Content Illustration
Venice_1565,489,1,Content Illustration
Venice_1565,489,2,Content Illustration
Venice_1565,489,3,Content Illustration
Venice_1565,489,4,Content Illustration
Venice_1565,490,1,Content Illustration
Venice_1565,490,2,Content Illustration
Venice_1565,491,1,Content Illustration
Venice_1565,491,2,Content Illustration
Venice_1565,491,3,Content Illustration
Venice_1565,492,1,Content Illustration
Venice_1565,492,2,Content Illustration
Venice_1565,492,3,Content Illustration
Venice_1565,492,4,Content Illustration
Venice_1565,492,5,Content Illustration
Venice_1565,493,1,Content Illustration
Venice_1565,493,2,Content Illustration
Venice_1565,493,3,Content Illustration
Venice_1565,493,4,Content Illustration
Venice_1565,494,1,Content Illustration
Venice_1565,495,1,Content Illustration
Venice_1565,495,2,Content Illustration
Venice_1565,496,1,Content Illustration
Venice_1565,497,1,Content Illustration
Venice_1565,497,2,Content Illustration
Venice_1565,498,1,Content Illustration
Venice_1565,498,2,Content Illustration
Venice_1565,499,1,Content Illustration
Venice_1565,499,2,Content Illustration
Venice_1565,500,1,Content Illustration
Venice_1565,501,1,Content Illustration
Venice_1565,501,2,Content Illustration
Venice_1565,503,1,Content Illustration
Venice_1565,503,2,Content Illustration
Venice_1565,504,1,Content Illustration
Venice_1565,504,2,Content Illustration
Venice_1565,506,1,Content Illustration
Venice_1565,506,2,Content Illustration
Venice_1565,507,1,Content Illustration
Venice_1565,509,1,Content Illustration
Venice_1565,509,2,Content Illustration
Venice_1565,511,1,Content Illustration
Venice_1565,511,2,Content Illustration
Venice_1565,512,1,Content Illustration
Venice_1565,512,2,Content Illustration
Venice_1565,512,3,Content Illustration
Venice_1565,512,4,Content Illustration
Venice_1565,513,1,Content Illustration
Venice_1565,514,1,Content Illustration
Venice_1565,514,2,Content Illustration
Venice_1565,516,1,Content Illustration
Venice_1565,516,2,Content Illustration
Venice_1565,517,1,Content Illustration
Venice_1565,517,2,Content Illustration
Venice_1565,518,1,Content Illustration
Venice_1565,518,2,Content Illustration
Venice_1565,518,3,Content Illustration
Venice_1565,518,4,Content Illustration
Venice_1565,520,1,Content Illustration
Venice_1565,521,1,Content Illustration
Venice_1565,521,2,Content Illustration
Venice_1565,522,1,Content Illustration
Venice_1565,523,1,Content Illustration
Venice_1565,525,1,Content Illustration
Venice_1565,526,1,Content Illustration
Venice_1565,526,2,Content Illustration
Venice_1565,526,3,Content Illustration
Venice_1565,526,4,Content Illustration
Venice_1565,526,5,Content Illustration
Venice_1565,527,1,Content Illustration
Venice_1565,527,2,Content Illustration
Venice_1565,527,3,Content Illustration
Venice_1565,527,4,Content Illustration
Venice_1565,527,5,Content Illustration
Venice_1565,527,6,Content Illustration
Venice_1565,528,1,Content Illustration
Venice_1565,528,2,Content Illustration
Venice_1565,528,3,Content Illustration
Venice_1565,529,1,Content Illustration
Venice_1565,529,2,Content Illustration
Venice_1565,530,1,Content Illustration
Venice_1565,533,1,Content Illustration
Venice_1565,536,1,Content Illustration
Venice_1565,536,2,Content Illustration
Venice_1565,536,3,Content Illustration
Venice_1565,537,1,Content Illustration
Venice_1565,537,2,Content Illustration
Venice_1565,538,1,Content Illustration
Venice_1565,538,2,Content Illustration
Venice_1565,538,3,Content Illustration
Venice_1565,540,1,Content Illustration
Venice_1565,540,2,Content Illustration
Venice_1565,540,3,Content Illustration
Venice_1565,541,1,Content Illustration
Venice_1565,542,1,Content Illustration
Venice_1565,542,2,Content Illustration
Venice_1565,543,1,Content Illustration
Venice_1565,543,2,Content Illustration
Venice_1565,544,1,Content Illustration
Venice_1565,544,2,Content Illustration
Venice_1565,546,1,Content Illustration
Venice_1565,549,1,Content Illustration
Venice_1565,549,2,Content Illustration
Venice_1565,550,1,Content Illustration
Venice_1565,551,1,Content Illustration
Venice_1565,551,2,Content Illustration
Venice_1565,551,3,Content Illustration
Venice_1565,552,1,Content Illustration
Venice_1565,554,1,Content Illustration
Venice_1565,554,2,Content Illustration
Venice_1565,556,1,Content Illustration
Venice_1565,556,2,Content Illustration
Venice_1565,556,3,Content Illustration
Venice_1565,557,1,Content Illustration
Venice_1565,557,2,Content Illustration
Venice_1565,557,3,Content Illustration
Venice_1565,559,1,Content Illustration
Venice_1565,559,2,Content Illustration
Venice_1565,561,1,Content Illustration
Venice_1565,561,2,Content Illustration
Venice_1565,563,1,Content Illustration
Venice_1565,564,1,Content Illustration
Venice_1565,566,1,Content Illustration
Venice_1565,566,2,Content Illustration
Venice_1565,566,3,Content Illustration
Venice_1565,567,1,Content Illustration
Venice_1565,567,2,Content Illustration
Venice_1565,569,1,Content Illustration
Venice_1565,569,2,Content Illustration
Venice_1565,569,3,Content Illustration
Venice_1565,571,1,Content Illustration
Venice_1565,571,2,Content Illustration
Venice_1565,572,1,Content Illustration
Venice_1565,572,2,Content Illustration
Venice_1565,572,3,Content Illustration
Venice_1565,573,1,Content Illustration
Venice_1565,574,1,Content Illustration
Venice_1565,575,1,Content Illustration
Venice_1565,575,2,Content Illustration
Venice_1565,578,1,Content Illustration
Venice_1565,582,1,Content Illustration
Venice_1565,586,1,Content Illustration
Venice_1565,588,1,Content Illustration
Venice_1565,589,1,Content Illustration
Venice_1565,590,1,Content Illustration
Venice_1565,591,1,Content Illustration
Venice_1565,592,1,Content Illustration
Venice_1565,592,2,Content Illustration
Venice_1565,592,3,Content Illustration
Venice_1565,594,1,Content Illustration
Venice_1565,594,2,Content Illustration
Venice_1565,596,1,Content Illustration
Venice_1565,596,2,Content Illustration
Venice_1565,597,1,Content Illustration
Venice_1565,597,2,Content Illustration
Venice_1565,600,1,Content Illustration
Venice_1565,600,2,Content Illustration
Venice_1565,601,1,Content Illustration
Venice_1565,602,1,Content Illustration
Venice_1565,605,1,Content Illustration
Venice_1565,607,1,Content Illustration
Venice_1565,608,1,Content Illustration
Venice_1565,609,1,Content Illustration
Venice_1565,610,1,Content Illustration
Venice_1565,610,2,Content Illustration
Venice_1565,610,3,Content Illustration
Venice_1565,610,4,Content Illustration
Venice_1565,612,1,Content Illustration
Venice_1565,612,2,Content Illustration
Venice_1565,615,1,Content Illustration
Venice_1565,616,1,Content Illustration
Venice_1565,617,1,Content Illustration
Venice_1565,626,1,Content Illustration
Venice_1565,629,1,Content Illustration
Venice_1565,629,2,Content Illustration
Venice_1569,21,1,Content Illustration
Venice_1569,21,2,Content Illustration
Venice_1569,23,1,Content Illustration
Venice_1569,24,1,Content Illustration
Venice_1569,24,2,Content Illustration
Venice_1569,25,1,Content Illustration
Venice_1569,26,1,Content Illustration
Venice_1569,26,2,Content Illustration
Venice_1569,26,3,Content Illustration
Venice_1569,26,4,Content Illustration
Venice_1569,26,5,Content Illustration
Venice_1569,27,1,Content Illustration
Venice_1569,27,2,Content Illustration
Venice_1569,27,3,Content Illustration
Venice_1569,28,1,Content Illustration
Venice_1569,28,2,Content Illustration
Venice_1569,29,1,Content Illustration
Venice_1569,30,1,Content Illustration
Venice_1569,30,2,Content Illustration
Venice_1569,30,3,Content Illustration
Venice_1569,30,4,Content Illustration
Venice_1569,31,1,Content Illustration
Venice_1569,31,2,Content Illustration
Venice_1569,31,3,Content Illustration
Venice_1569,32,1,Content Illustration
Venice_1569,32,2,Content Illustration
Venice_1569,32,3,Content Illustration
Venice_1569,32,4,Content Illustration
Venice_1569,33,1,Content Illustration
Venice_1569,33,2,Content Illustration
Venice_1569,33,3,Content Illustration
Venice_1569,33,4,Content Illustration
Venice_1569,34,1,Content Illustration
Venice_1569,34,2,Content Illustration
Venice_1569,34,3,Content Illustration
Venice_1569,35,1,Content Illustration
Venice_1569,38,1,Content Illustration
Venice_1569,38,2,Content Illustration
Venice_1569,39,1,Content Illustration
Venice_1569,39,2,Content Illustration
Venice_1569,39,3,Content Illustration
Venice_1569,40,1,Content Illustration
Venice_1569,40,2,Content Illustration
Venice_1569,40,3,Content Illustration
Venice_1569,41,1,Content Illustration
Venice_1569,41,2,Content Illustration
Venice_1569,42,1,Content Illustration
Venice_1569,42,2,Content Illustration
Venice_1569,42,3,Content Illustration
Venice_1569,43,1,Content Illustration
Venice_1569,43,2,Content Illustration
Venice_1569,43,3,Content Illustration
Venice_1569,45,1,Content Illustration
Venice_1569,45,2,Content Illustration
Venice_1569,46,1,Content Illustration
Venice_1569,47,1,Content Illustration
Venice_1569,48,1,Content Illustration
Venice_1569,48,2,Content Illustration
Venice_1569,49,1,Content Illustration
Venice_1569,49,2,Content Illustration
Venice_1569,49,3,Content Illustration
Venice_1569,49,4,Content Illustration
Venice_1569,49,5,Content Illustration
Venice_1569,50,1,Content Illustration
Venice_1569,50,2,Content Illustration
Venice_1569,50,3,Content Illustration
Venice_1569,51,1,Content Illustration
Venice_1569,51,2,Content Illustration
Venice_1569,51,3,Content Illustration
Venice_1569,51,4,Content Illustration
Venice_1569,52,1,Content Illustration
Venice_1569,52,2,Content Illustration
Venice_1569,52,3,Content Illustration
Venice_1569,52,4,Content Illustration
Venice_1569,52,5,Content Illustration
Venice_1569,53,1,Content Illustration
Venice_1569,53,2,Content Illustration
Venice_1569,53,3,Content Illustration
Venice_1569,53,4,Content Illustration
Venice_1569,54,1,Content Illustration
Venice_1569,54,2,Content Illustration
Venice_1569,55,1,Content Illustration
Venice_1569,56,1,Content Illustration
Venice_1569,56,2,Content Illustration
Venice_1569,56,3,Content Illustration
Venice_1569,56,4,Content Illustration
Venice_1569,57,1,Content Illustration
Venice_1569,58,1,Content Illustration
Venice_1569,58,2,Content Illustration
Venice_1569,59,1,Content Illustration
Venice_1569,59,2,Content Illustration
Venice_1569,59,3,Content Illustration
Venice_1569,60,1,Content Illustration
Venice_1569,61,1,Content Illustration
Venice_1569,61,2,Content Illustration
Venice_1569,62,1,Content Illustration
Venice_1569,62,2,Content Illustration
Venice_1569,62,3,Content Illustration
Venice_1569,63,1,Content Illustration
Venice_1569,63,2,Content Illustration
Venice_1569,63,3,Content Illustration
Venice_1569,64,1,Content Illustration
Venice_1569,65,1,Content Illustration
Venice_1569,65,2,Content Illustration
Venice_1569,66,1,Content Illustration
Venice_1569,67,1,Content Illustration
Venice_1569,67,2,Content Illustration
Venice_1569,68,1,Content Illustration
Venice_1569,68,2,Content Illustration
Venice_1569,69,1,Content Illustration
Venice_1569,69,2,Content Illustration
Venice_1569,70,1,Content Illustration
Venice_1569,70,2,Content Illustration
Venice_1569,71,1,Content Illustration
Venice_1569,71,2,Content Illustration
Venice_1569,72,1,Content Illustration
Venice_1569,72,2,Content Illustration
Venice_1569,72,3,Content Illustration
Venice_1569,73,1,Content Illustration
Venice_1569,73,2,Content Illustration
Venice_1569,74,1,Content Illustration
Venice_1569,74,2,Content Illustration
Venice_1569,75,1,Content Illustration
Venice_1569,75,2,Content Illustration
Venice_1569,76,1,Content Illustration
Venice_1569,76,2,Content Illustration
Venice_1569,77,1,Content Illustration
Venice_1569,77,2,Content Illustration
Venice_1569,78,1,Content Illustration
Venice_1569,79,1,Content Illustration
Venice_1569,79,2,Content Illustration
Venice_1569,80,1,Content Illustration
Venice_1569,81,1,Content Illustration
Venice_1569,82,1,Content Illustration
Venice_1569,82,2,Content Illustration
Venice_1569,83,1,Content Illustration
Venice_1569,84,1,Content Illustration
Venice_1569,84,2,Content Illustration
Venice_1569,84,3,Content Illustration
Venice_1569,84,4,Content Illustration
Venice_1569,85,1,Content Illustration
Venice_1569,85,2,Content Illustration
Venice_1569,85,3,Content Illustration
Venice_1569,86,1,Content Illustration
Venice_1569,86,2,Content Illustration
Venice_1569,87,1,Content Illustration
Venice_1569,88,1,Content Illustration
Venice_1569,89,1,Content Illustration
Venice_1569,90,1,Content Illustration
Venice_1569,91,1,Content Illustration
Venice_1569,92,1,Content Illustration
Venice_1569,92,2,Content Illustration
Venice_1569,93,1,Content Illustration
Venice_1569,93,2,Content Illustration
Venice_1569,94,1,Content Illustration
Venice_1569,95,1,Content Illustration
Venice_1569,95,2,Content Illustration
Venice_1569,97,1,Content Illustration
Venice_1569,97,2,Content Illustration
Venice_1569,98,1,Content Illustration
Venice_1569,99,1,Content Illustration
Venice_1569,100,1,Content Illustration
Venice_1569,101,1,Content Illustration
Venice_1569,101,2,Content Illustration
Venice_1569,102,1,Content Illustration
Venice_1569,102,2,Content Illustration
Venice_1569,103,1,Content Illustration
Venice_1569,103,2,Content Illustration
Venice_1569,104,1,Content Illustration
Venice_1569,104,2,Content Illustration
Venice_1569,104,3,Content Illustration
Venice_1569,104,4,Content Illustration
Venice_1569,105,1,Content Illustration
Venice_1569,105,2,Content Illustration
Venice_1569,105,3,Content Illustration
Venice_1569,106,1,Content Illustration
Venice_1569,106,2,Content Illustration
Venice_1569,106,3,Content Illustration
Venice_1569,107,1,Content Illustration
Venice_1569,107,2,Content Illustration
Venice_1569,107,3,Content Illustration
Venice_1569,108,1,Content Illustration
Venice_1569,108,2,Content Illustration
Venice_1569,108,3,Content Illustration
Venice_1569,109,1,Content Illustration
Venice_1569,109,2,Content Illustration
Venice_1569,109,3,Content Illustration
Venice_1569,110,1,Content Illustration
Venice_1569,111,1,Content Illustration
Venice_1569,112,1,Content Illustration
Venice_1569,113,1,Content Illustration
Venice_1569,114,1,Content Illustration
Venice_1569,114,2,Content Illustration
Venice_1569,115,1,Content Illustration
Venice_1569,116,1,Content Illustration
Venice_1569,117,1,Content Illustration
Venice_1569,117,2,Content Illustration
Venice_1569,118,1,Content Illustration
Venice_1569,119,1,Content Illustration
Venice_1569,119,2,Content Illustration
Venice_1569,120,1,Content Illustration
Venice_1569,120,2,Content Illustration
Venice_1569,121,1,Content Illustration
Venice_1569,121,2,Content Illustration
Venice_1569,121,3,Content Illustration
Venice_1569,122,1,Content Illustration
Venice_1569,123,1,Content Illustration
Venice_1569,124,1,Content Illustration
Venice_1569,125,1,Content Illustration
Venice_1569,126,1,Content Illustration
Venice_1569,126,2,Content Illustration
Venice_1569,127,1,Content Illustration
Venice_1569,127,2,Content Illustration
Venice_1569,128,1,Content Illustration
Venice_1569,128,2,Content Illustration
Venice_1569,128,3,Content Illustration
Venice_1569,129,1,Content Illustration
Venice_1569,129,2,Content Illustration
Venice_1569,130,1,Content Illustration
Venice_1569,130,2,Content Illustration
Venice_1569,131,1,Content Illustration
Venice_1569,131,2,Content Illustration
Venice_1569,131,3,Content Illustration
Venice_1569,132,1,Content Illustration
Venice_1569,132,2,Content Illustration
Venice_1569,132,3,Content Illustration
Venice_1569,132,4,Content Illustration
Venice_1569,133,1,Content Illustration
Venice_1569,133,2,Content Illustration
Venice_1569,133,3,Content Illustration
Venice_1569,134,1,Content Illustration
Venice_1569,134,2,Content Illustration
Venice_1569,135,1,Content Illustration
Venice_1569,135,2,Content Illustration
Venice_1569,136,1,Content Illustration
Venice_1569,136,2,Content Illustration
Venice_1569,136,3,Content Illustration
Venice_1569,136,4,Content Illustration
Venice_1569,137,1,Content Illustration
Venice_1569,137,2,Content Illustration
Venice_1569,138,1,Content Illustration
Venice_1569,138,2,Content Illustration
Venice_1569,139,1,Content Illustration
Venice_1569,140,1,Content Illustration
Venice_1569,140,2,Content Illustration
Venice_1569,140,3,Content Illustration
Venice_1569,140,4,Content Illustration
Venice_1569,141,1,Content Illustration
Venice_1569,142,1,Content Illustration
Venice_1569,142,2,Content Illustration
Venice_1569,142,3,Content Illustration
Venice_1569,143,1,Content Illustration
Venice_1569,143,2,Content Illustration
Venice_1569,144,1,Content Illustration
Venice_1569,144,2,Content Illustration
Venice_1569,145,1,Content Illustration
Venice_1569,145,2,Content Illustration
Venice_1569,145,3,Content Illustration
Venice_1569,146,1,Content Illustration
Venice_1569,146,2,Content Illustration
Venice_1569,147,1,Content Illustration
Venice_1569,148,1,Content Illustration
Venice_1569,148,2,Content Illustration
Venice_1569,148,3,Content Illustration
Venice_1569,149,1,Content Illustration
Venice_1569,149,2,Content Illustration
Venice_1569,150,1,Content Illustration
Venice_1569,150,2,Content Illustration
Venice_1569,150,3,Content Illustration
Venice_1569,150,4,Content Illustration
Venice_1569,151,1,Content Illustration
Venice_1569,151,2,Content Illustration
Venice_1569,152,1,Content Illustration
Venice_1569,153,1,Content Illustration
Venice_1569,153,2,Content Illustration
Venice_1569,153,3,Content Illustration
Venice_1569,154,1,Content Illustration
Venice_1569,154,2,Content Illustration
Venice_1569,155,1,Content Illustration
Venice_1569,155,2,Content Illustration
Venice_1569,156,1,Content Illustration
Venice_1569,156,2,Content Illustration
Venice_1569,157,1,Content Illustration
Venice_1569,157,2,Content Illustration
Venice_1569,158,1,Content Illustration
Venice_1569,158,2,Content Illustration
Venice_1569,159,1,Content Illustration
Venice_1569,159,2,Content Illustration
Venice_1569,160,1,Content Illustration
Venice_1569,160,2,Content Illustration
Venice_1569,161,1,Content Illustration
Venice_1569,162,1,Content Illustration
Venice_1569,163,1,Content Illustration
Venice_1569,163,2,Content Illustration
Venice_1569,164,1,Content Illustration
Venice_1569,164,2,Content Illustration
Venice_1569,165,1,Content Illustration
Venice_1569,166,1,Content Illustration
Venice_1569,169,1,Content Illustration
Venice_1569,173,1,Content Illustration
Venice_1569,173,2,Content Illustration
Venice_1569,174,1,Content Illustration
Venice_1569,175,1,Content Illustration
Venice_1569,176,1,Content Illustration
Venice_1569,179,1,Content Illustration
Venice_1569,186,1,Content Illustration
Venice_1569,187,1,Content Illustration
Venice_1569,189,1,Content Illustration
Venice_1569,190,1,Content Illustration
Venice_1569,190,2,Content Illustration
Venice_1569,191,1,Content Illustration
Venice_1569,193,1,Content Illustration
Venice_1569,195,1,Content Illustration
Venice_1569,196,1,Content Illustration
Venice_1569,198,1,Content Illustration
Venice_1569,199,1,Content Illustration
Venice_1569,200,1,Content Illustration
Venice_1569,200,2,Content Illustration
Venice_1569,201,1,Content Illustration
Venice_1569,202,1,Content Illustration
Venice_1569,202,2,Content Illustration
Venice_1569,203,1,Content Illustration
Venice_1569,203,2,Content Illustration
Venice_1569,205,1,Content Illustration
Venice_1569,206,1,Content Illustration
Venice_1569,207,1,Content Illustration
Venice_1569,208,1,Content Illustration
Venice_1569,209,1,Content Illustration
Venice_1569,210,1,Content Illustration
Venice_1569,210,2,Content Illustration
Venice_1569,210,3,Content Illustration
Venice_1569,211,1,Content Illustration
Venice_1569,211,2,Content Illustration
Venice_1569,212,1,Content Illustration
Venice_1569,213,1,Content Illustration
Venice_1569,213,2,Content Illustration
Venice_1569,214,1,Content Illustration
Venice_1569,214,2,Content Illustration
Venice_1569,215,1,Content Illustration
Venice_1569,216,1,Content Illustration
Venice_1569,217,1,Content Illustration
Venice_1569,217,2,Content Illustration
Venice_1569,217,3,Content Illustration
Venice_1569,218,1,Content Illustration
Venice_1569,218,2,Content Illustration
Venice_1569,219,1,Content Illustration
Venice_1569,220,1,Content Illustration
Venice_1569,220,2,Content Illustration
Venice_1569,220,3,Content Illustration
Venice_1569,221,1,Content Illustration
Venice_1569,222,1,Content Illustration
Venice_1569,222,2,Content Illustration
Venice_1569,223,1,Content Illustration
Venice_1569,223,2,Content Illustration
Venice_1569,224,1,Content Illustration
Venice_1569,224,2,Content Illustration
Venice_1569,225,1,Content Illustration
Venice_1569,226,1,Content Illustration
Venice_1569,227,1,Content Illustration
Venice_1569,228,1,Content Illustration
Venice_1569,229,1,Content Illustration
Venice_1569,230,1,Content Illustration
Venice_1569,230,2,Content Illustration
Venice_1569,230,3,Content Illustration
Venice_1569,231,1,Content Illustration
Venice_1569,231,2,Content Illustration
Venice_1569,233,1,Content Illustration
Venice_1569,235,1,Content Illustration
Venice_1569,235,2,Content Illustration
Venice_1569,236,1,Content Illustration
Venice_1569,236,2,Content Illustration
Venice_1569,236,3,Content Illustration
Venice_1569,237,1,Content Illustration
Venice_1569,237,2,Content Illustration
Venice_1569,238,1,Content Illustration
Venice_1569,238,2,Content Illustration
Venice_1569,239,1,Content Illustration
Venice_1569,240,1,Content Illustration
Venice_1569,240,2,Content Illustration
Venice_1569,240,3,Content Illustration
Venice_1569,241,1,Content Illustration
Venice_1569,241,2,Content Illustration
Venice_1569,242,1,Content Illustration
Venice_1569,243,1,Content Illustration
Venice_1569,243,2,Content Illustration
Venice_1569,243,3,Content Illustration
Venice_1569,245,1,Content Illustration
Venice_1569,245,2,Content Illustration
Venice_1569,246,1,Content Illustration
Venice_1569,246,2,Content Illustration
Venice_1569,246,3,Content Illustration
Venice_1569,247,1,Content Illustration
Venice_1569,248,1,Content Illustration
Venice_1569,248,2,Content Illustration
Venice_1569,249,1,Content Illustration
Venice_1569,249,2,Content Illustration
Venice_1569,250,1,Content Illustration
Venice_1569,251,1,Content Illustration
Venice_1569,251,2,Content Illustration
Venice_1569,252,1,Content Illustration
Venice_1569,252,2,Content Illustration
Venice_1569,252,3,Content Illustration
Venice_1569,253,1,Content Illustration
Venice_1569,253,2,Content Illustration
Venice_1569,254,1,Content Illustration
Venice_1569,254,2,Content Illustration
Venice_1569,273,1,Content Illustration
Venice_1569,275,1,Content Illustration
Venice_1569,275,2,Content Illustration
Venice_1569,275,3,Content Illustration
Venice_1569,276,1,Content Illustration
Venice_1569,277,1,Content Illustration
Venice_1569,277,2,Content Illustration
Venice_1569,279,1,Content Illustration
Venice_1569,286,1,Content Illustration
Venice_1569,287,1,Content Illustration
Venice_1569,288,1,Content Illustration
Venice_1569,291,1,Content Illustration
Venice_1569,293,1,Content Illustration
Venice_1569,293,2,Content Illustration
Venice_1569,297,1,Content Illustration
Venice_1569,297,2,Content Illustration
Venice_1569,297,3,Content Illustration
Venice_1569,299,1,Content Illustration
Venice_1569,299,2,Content Illustration
Venice_1569,299,3,Content Illustration
Venice_1569,299,4,Content Illustration
Venice_1569,301,1,Content Illustration
Venice_1569,301,2,Content Illustration
Venice_1569,301,3,Content Illustration
Venice_1569,301,4,Content Illustration
Venice_1569,306,1,Content Illustration
Venice_1569,308,1,Content Illustration
Venice_1569,310,1,Content Illustration
Venice_1569,311,1,Content Illustration
Venice_1569,312,1,Content Illustration
Venice_1569,314,1,Content Illustration
Venice_1569,315,1,Content Illustration
Venice_1569,315,2,Content Illustration
Venice_1569,316,1,Content Illustration
Venice_1569,317,1,Content Illustration
Venice_1569,317,2,Content Illustration
Venice_1569,318,1,Content Illustration
Venice_1569,319,1,Content Illustration
Venice_1569,320,1,Content Illustration
Venice_1569,323,1,Content Illustration
Venice_1569,323,2,Content Illustration
Venice_1569,324,1,Content Illustration
Venice_1569,324,2,Content Illustration
Venice_1569,333,1,Content Illustration
Venice_1569,335,1,Content Illustration
Venice_1569,335,2,Content Illustration
Venice_1569,335,3,Content Illustration
Venice_1569,336,1,Content Illustration
Venice_1569,336,2,Content Illustration
Venice_1569,337,1,Content Illustration
Venice_1569,337,2,Content Illustration
Venice_1569,338,1,Content Illustration
Venice_1569,338,2,Content Illustration
Venice_1569,339,1,Content Illustration
Venice_1569,339,2,Content Illustration
Venice_1569,340,1,Content Illustration
Venice_1569,341,1,Content Illustration
Venice_1569,341,2,Content Illustration
Venice_1569,341,3,Content Illustration
Venice_1569,341,4,Content Illustration
Venice_1569,342,1,Content Illustration
Venice_1569,342,2,Content Illustration
Venice_1569,342,3,Content Illustration
Venice_1569,342,4,Content Illustration
Venice_1569,347,1,Content Illustration
Venice_1569,352,1,Content Illustration
Venice_1569,355,1,Content Illustration
Venice_1569,356,1,Content Illustration
Venice_1569,357,1,Content Illustration
Venice_1569,358,1,Content Illustration
Venice_1569,360,1,Content Illustration
Venice_1569,361,1,Content Illustration
Venice_1569,363,1,Content Illustration
Venice_1569,366,1,Content Illustration
Venice_1569,367,1,Content Illustration
Venice_1569,367,2,Content Illustration
Venice_1569,369,1,Content Illustration
Venice_1569,370,1,Content Illustration
Venice_1569,370,2,Content Illustration
Venice_1569,371,1,Content Illustration
Venice_1569,371,2,Content Illustration
Venice_1569,372,1,Content Illustration
Venice_1569,373,1,Content Illustration
Venice_1569,373,2,Content Illustration
Venice_1569,374,1,Content Illustration
Venice_1569,374,2,Content Illustration
Venice_1569,376,1,Content Illustration
Venice_1569,377,1,Content Illustration
Venice_1569,378,1,Content Illustration
Venice_1569,378,2,Content Illustration
Venice_1569,379,1,Content Illustration
Venice_1569,380,1,Content Illustration
Venice_1569,380,2,Content Illustration
Venice_1569,381,1,Content Illustration
Venice_1569,381,2,Content Illustration
Venice_1569,382,1,Content Illustration
Venice_1569,382,2,Content Illustration
Venice_1569,383,1,Content Illustration
Venice_1569,386,1,Content Illustration
Venice_1569,388,1,Content Illustration
Venice_1569,389,1,Content Illustration
Venice_1569,390,1,Content Illustration
Venice_1569,391,1,Content Illustration
Venice_1569,392,1,Content Illustration
Venice_1569,393,1,Content Illustration
Venice_1569,394,1,Content Illustration
Venice_1569,394,2,Content Illustration
Venice_1569,395,1,Content Illustration
Venice_1569,396,1,Content Illustration
Venice_1569,397,1,Content Illustration
Venice_1569,398,1,Content Illustration
Venice_1569,398,2,Content Illustration
Venice_1569,399,1,Content Illustration
Venice_1569,400,1,Content Illustration
Venice_1569,401,1,Content Illustration
Venice_1569,402,1,Content Illustration
Venice_1569,402,2,Content Illustration
Venice_1569,405,1,Content Illustration
Venice_1569,405,2,Content Illustration
Venice_1569,406,1,Content Illustration
Venice_1569,407,1,Content Illustration
Venice_1569,408,1,Content Illustration
Venice_1569,408,2,Content Illustration
Venice_1569,408,3,Content Illustration
Venice_1569,409,1,Content Illustration
Venice_1569,410,1,Content Illustration
Venice_1569,410,2,Content Illustration
Venice_1569,411,1,Content Illustration
Venice_1569,412,1,Content Illustration
Venice_1569,412,2,Content Illustration
Venice_1569,413,1,Content Illustration
Venice_1569,413,2,Content Illustration
Venice_1569,414,1,Content Illustration
Venice_1569,415,1,Content Illustration
Venice_1569,415,2,Content Illustration
Venice_1569,416,1,Content Illustration
Venice_1569,416,2,Content Illustration
Venice_1569,417,1,Content Illustration
Venice_1569,418,1,Content Illustration
Venice_1569,418,2,Content Illustration
Venice_1569,418,3,Content Illustration
Venice_1569,419,1,Content Illustration
Venice_1569,419,2,Content Illustration
Venice_1569,420,1,Content Illustration
Venice_1569,420,2,Content Illustration
Venice_1569,420,3,Content Illustration
Venice_1569,421,1,Content Illustration
Venice_1569,422,1,Content Illustration
Venice_1569,422,2,Content Illustration
Venice_1569,422,3,Content Illustration
Venice_1569,423,1,Content Illustration
Venice_1569,423,2,Content Illustration
Venice_1569,424,1,Content Illustration
Venice_1569,425,1,Content Illustration
Venice_1569,425,2,Content Illustration
Venice_1569,426,1,Content Illustration
Venice_1569,426,2,Content Illustration
Venice_1569,426,3,Content Illustration
Venice_1569,427,1,Content Illustration
Venice_1569,428,1,Content Illustration
Venice_1569,429,1,Content Illustration
Venice_1569,429,2,Content Illustration
Venice_1569,430,1,Content Illustration
Venice_1569,430,2,Content Illustration
Venice_1569,431,1,Content Illustration
Venice_1569,433,1,Content Illustration
Venice_1569,434,1,Content Illustration
Venice_1569,435,1,Content Illustration
Venice_1569,436,1,Content Illustration
Venice_1569,437,1,Content Illustration
Venice_1569,439,1,Content Illustration
Venice_1569,439,2,Content Illustration
Venice_1569,441,1,Content Illustration
Venice_1569,441,2,Content Illustration
Venice_1569,442,1,Content Illustration
Venice_1569,443,1,Content Illustration
Venice_1569,444,1,Content Illustration
Venice_1569,445,1,Content Illustration
Venice_1569,446,1,Content Illustration
Venice_1569,448,1,Content Illustration
Venice_1569,449,1,Content Illustration
Venice_1569,450,1,Content Illustration
Venice_1569,458,1,Content Illustration
Venice_1569,462,1,Content Illustration
Venice_1569,463,1,Content Illustration
Venice_1569,464,1,Content Illustration
Venice_1569,464,2,Content Illustration
Venice_1569,464,3,Content Illustration
Venice_1569,465,1,Content Illustration
Venice_1569,466,1,Content Illustration
Venice_1569,467,1,Content Illustration
Venice_1569,467,2,Content Illustration
Venice_1569,467,3,Content Illustration
Venice_1569,468,1,Content Illustration
Venice_1569,469,1,Content Illustration
Venice_1569,470,1,Content Illustration
Venice_1569,471,1,Content Illustration
Venice_1569,472,1,Content Illustration
Venice_1569,473,1,Content Illustration
Venice_1569,474,1,Content Illustration
Venice_1569,474,2,Content Illustration
Venice_1569,476,1,Content Illustration
Venice_1569,476,2,Content Illustration
Venice_1569,477,1,Content Illustration
Venice_1569,477,2,Content Illustration
Venice_1569,478,1,Content Illustration
Venice_1569,479,1,Content Illustration
Venice_1569,479,2,Content Illustration
Venice_1569,480,1,Content Illustration
Venice_1569,480,2,Content Illustration
Venice_1569,481,1,Content Illustration
Venice_1569,481,2,Content Illustration
Venice_1569,482,1,Content Illustration
Venice_1569,482,2,Content Illustration
Venice_1569,483,1,Content Illustration
Venice_1569,484,1,Content Illustration
Venice_1569,484,2,Content Illustration
Venice_1569,484,3,Content Illustration
Venice_1569,485,1,Content Illustration
Venice_1569,485,2,Content Illustration
Venice_1569,486,1,Content Illustration
Venice_1569,486,2,Content Illustration
Venice_1569,487,1,Content Illustration
Venice_1569,488,1,Content Illustration
Venice_1569,489,1,Content Illustration
Venice_1569,489,2,Content Illustration
Venice_1569,489,3,Content Illustration
Venice_1569,489,4,Content Illustration
Venice_1569,490,1,Content Illustration
Venice_1569,490,2,Content Illustration
Venice_1569,491,1,Content Illustration
Venice_1569,491,2,Content Illustration
Venice_1569,491,3,Content Illustration
Venice_1569,492,1,Content Illustration
Venice_1569,492,2,Content Illustration
Venice_1569,492,3,Content Illustration
Venice_1569,492,4,Content Illustration
Venice_1569,492,5,Content Illustration
Venice_1569,493,1,Content Illustration
Venice_1569,493,2,Content Illustration
Venice_1569,493,3,Content Illustration
Venice_1569,493,4,Content Illustration
Venice_1569,493,5,Content Illustration
Venice_1569,494,1,Content Illustration
Venice_1569,495,1,Content Illustration
Venice_1569,495,2,Content Illustration
Venice_1569,496,1,Content Illustration
Venice_1569,497,1,Content Illustration
Venice_1569,497,2,Content Illustration
Venice_1569,498,1,Content Illustration
Venice_1569,498,2,Content Illustration
Venice_1569,499,1,Content Illustration
Venice_1569,499,2,Content Illustration
Venice_1569,500,1,Content Illustration
Venice_1569,501,1,Content Illustration
Venice_1569,501,2,Content Illustration
Venice_1569,503,1,Content Illustration
Venice_1569,503,2,Content Illustration
Venice_1569,504,1,Content Illustration
Venice_1569,504,2,Content Illustration
Venice_1569,506,1,Content Illustration
Venice_1569,506,2,Content Illustration
Venice_1569,507,1,Content Illustration
Venice_1569,509,1,Content Illustration
Venice_1569,509,2,Content Illustration
Venice_1569,511,1,Content Illustration
Venice_1569,511,2,Content Illustration
Venice_1569,512,1,Content Illustration
Venice_1569,512,2,Content Illustration
Venice_1569,512,3,Content Illustration
Venice_1569,512,4,Content Illustration
Venice_1569,513,1,Content Illustration
Venice_1569,514,1,Content Illustration
Venice_1569,514,2,Content Illustration
Venice_1569,516,1,Content Illustration
Venice_1569,516,2,Content Illustration
Venice_1569,517,1,Content Illustration
Venice_1569,517,2,Content Illustration
Venice_1569,518,1,Content Illustration
Venice_1569,518,2,Content Illustration
Venice_1569,518,3,Content Illustration
Venice_1569,518,4,Content Illustration
Venice_1569,520,1,Content Illustration
Venice_1569,521,1,Content Illustration
Venice_1569,521,2,Content Illustration
Venice_1569,522,1,Content Illustration
Venice_1569,523,1,Content Illustration
Venice_1569,525,1,Content Illustration
Venice_1569,526,1,Content Illustration
Venice_1569,526,2,Content Illustration
Venice_1569,526,3,Content Illustration
Venice_1569,526,4,Content Illustration
Venice_1569,526,5,Content Illustration
Venice_1569,526,6,Content Illustration
Venice_1569,526,7,Content Illustration
Venice_1569,527,1,Content Illustration
Venice_1569,527,2,Content Illustration
Venice_1569,527,3,Content Illustration
Venice_1569,527,4,Content Illustration
Venice_1569,527,5,Content Illustration
Venice_1569,527,6,Content Illustration
Venice_1569,528,1,Content Illustration
Venice_1569,528,2,Content Illustration
Venice_1569,528,3,Content Illustration
Venice_1569,529,1,Content Illustration
Venice_1569,529,2,Content Illustration
Venice_1569,530,1,Content Illustration
Venice_1569,533,1,Content Illustration
Venice_1569,536,1,Content Illustration
Venice_1569,536,2,Content Illustration
Venice_1569,537,1,Content Illustration
Venice_1569,537,2,Content Illustration
Venice_1569,538,1,Content Illustration
Venice_1569,538,2,Content Illustration
Venice_1569,538,3,Content Illustration
Venice_1569,540,1,Content Illustration
Venice_1569,540,2,Content Illustration
Venice_1569,540,3,Content Illustration
Venice_1569,541,1,Content Illustration
Venice_1569,542,1,Content Illustration
Venice_1569,542,2,Content Illustration
Venice_1569,543,1,Content Illustration
Venice_1569,543,2,Content Illustration
Venice_1569,544,1,Content Illustration
Venice_1569,544,2,Content Illustration
Venice_1569,546,1,Content Illustration
Venice_1569,549,1,Content Illustration
Venice_1569,549,2,Content Illustration
Venice_1569,550,1,Content Illustration
Venice_1569,551,1,Content Illustration
Venice_1569,551,2,Content Illustration
Venice_1569,551,3,Content Illustration
Venice_1569,552,1,Content Illustration
Venice_1569,554,1,Content Illustration
Venice_1569,554,2,Content Illustration
Venice_1569,556,1,Content Illustration
Venice_1569,556,2,Content Illustration
Venice_1569,556,3,Content Illustration
Venice_1569,557,1,Content Illustration
Venice_1569,557,2,Content Illustration
Venice_1569,557,3,Content Illustration
Venice_1569,559,1,Content Illustration
Venice_1569,559,2,Content Illustration
Venice_1569,561,1,Content Illustration
Venice_1569,561,2,Content Illustration
Venice_1569,563,1,Content Illustration
Venice_1569,564,1,Content Illustration
Venice_1569,566,1,Content Illustration
Venice_1569,566,2,Content Illustration
Venice_1569,567,1,Content Illustration
Venice_1569,567,2,Content Illustration
Venice_1569,569,1,Content Illustration
Venice_1569,569,2,Content Illustration
Venice_1569,569,3,Content Illustration
Venice_1569,571,1,Content Illustration
Venice_1569,571,2,Content Illustration
Venice_1569,572,1,Content Illustration
Venice_1569,572,2,Content Illustration
Venice_1569,572,3,Content Illustration
Venice_1569,573,1,Content Illustration
Venice_1569,574,1,Content Illustration
Venice_1569,575,1,Content Illustration
Venice_1569,575,2,Content Illustration
Venice_1569,578,1,Content Illustration
Venice_1569,582,1,Content Illustration
Venice_1569,586,1,Content Illustration
Venice_1569,588,1,Content Illustration
Venice_1569,589,1,Content Illustration
Venice_1569,590,1,Content Illustration
Venice_1569,591,1,Content Illustration
Venice_1569,592,1,Content Illustration
Venice_1569,592,2,Content Illustration
Venice_1569,592,3,Content Illustration
Venice_1569,594,1,Content Illustration
Venice_1569,594,2,Content Illustration
Venice_1569,596,1,Content Illustration
Venice_1569,596,2,Content Illustration
Venice_1569,597,1,Content Illustration
Venice_1569,597,2,Content Illustration
Venice_1569,600,1,Content Illustration
Venice_1569,600,2,Content Illustration
Venice_1569,600,3,Content Illustration
Venice_1569,601,1,Content Illustration
Venice_1569,602,1,Content Illustration
Venice_1569,605,1,Content Illustration
Venice_1569,607,1,Content Illustration
Venice_1569,608,1,Content Illustration
Venice_1569,609,1,Content Illustration
Venice_1569,610,1,Content Illustration
Venice_1569,610,2,Content Illustration
Venice_1569,610,3,Content Illustration
Venice_1569,610,4,Content Illustration
Venice_1569,612,1,Content Illustration
Venice_1569,612,2,Content Illustration
Venice_1569,615,1,Content Illustration
Venice_1569,616,1,Content Illustration
Venice_1569,617,1,Content Illustration
Venice_1569,626,1,Content Illustration
Venice_1569,629,1,Content Illustration
Venice_1569,629,2,Content Illustration
Venice_1585,6,1,Content Illustration
Venice_1585,6,2,Content Illustration
Venice_1585,21,1,Content Illustration
Venice_1585,21,2,Content Illustration
Venice_1585,23,1,Content Illustration
Venice_1585,24,1,Content Illustration
Venice_1585,24,2,Content Illustration
Venice_1585,25,1,Content Illustration
Venice_1585,26,1,Content Illustration
Venice_1585,26,2,Content Illustration
Venice_1585,26,3,Content Illustration
Venice_1585,26,4,Content Illustration
Venice_1585,26,5,Content Illustration
Venice_1585,27,1,Content Illustration
Venice_1585,27,2,Content Illustration
Venice_1585,27,3,Content Illustration
Venice_1585,28,1,Content Illustration
Venice_1585,28,2,Content Illustration
Venice_1585,29,1,Content Illustration
Venice_1585,30,1,Content Illustration
Venice_1585,30,2,Content Illustration
Venice_1585,30,3,Content Illustration
Venice_1585,31,1,Content Illustration
Venice_1585,31,2,Content Illustration
Venice_1585,31,3,Content Illustration
Venice_1585,32,1,Content Illustration
Venice_1585,32,2,Content Illustration
Venice_1585,32,3,Content Illustration
Venice_1585,33,1,Content Illustration
Venice_1585,33,2,Content Illustration
Venice_1585,33,3,Content Illustration
Venice_1585,33,4,Content Illustration
Venice_1585,34,1,Content Illustration
Venice_1585,34,2,Content Illustration
Venice_1585,35,1,Content Illustration
Venice_1585,36,1,Content Illustration
Venice_1585,38,1,Content Illustration
Venice_1585,38,2,Content Illustration
Venice_1585,39,1,Content Illustration
Venice_1585,39,2,Content Illustration
Venice_1585,39,3,Content Illustration
Venice_1585,39,4,Content Illustration
Venice_1585,39,5,Content Illustration
Venice_1585,40,1,Content Illustration
Venice_1585,40,2,Content Illustration
Venice_1585,41,1,Content Illustration
Venice_1585,41,2,Content Illustration
Venice_1585,42,1,Content Illustration
Venice_1585,42,2,Content Illustration
Venice_1585,43,1,Content Illustration
Venice_1585,43,2,Content Illustration
Venice_1585,45,1,Content Illustration
Venice_1585,45,2,Content Illustration
Venice_1585,46,1,Content Illustration
Venice_1585,47,1,Content Illustration
Venice_1585,47,2,Content Illustration
Venice_1585,48,1,Content Illustration
Venice_1585,48,2,Content Illustration
Venice_1585,49,1,Content Illustration
Venice_1585,49,2,Content Illustration
Venice_1585,49,3,Content Illustration
Venice_1585,49,4,Content Illustration
Venice_1585,49,5,Content Illustration
Venice_1585,50,1,Content Illustration
Venice_1585,50,2,Content Illustration
Venice_1585,50,3,Content Illustration
Venice_1585,51,1,Content Illustration
Venice_1585,51,2,Content Illustration
Venice_1585,52,1,Content Illustration
Venice_1585,52,2,Content Illustration
Venice_1585,52,3,Content Illustration
Venice_1585,52,4,Content Illustration
Venice_1585,52,5,Content Illustration
Venice_1585,52,6,Content Illustration
Venice_1585,53,1,Content Illustration
Venice_1585,53,2,Content Illustration
Venice_1585,53,3,Content Illustration
Venice_1585,53,4,Content Illustration
Venice_1585,54,1,Content Illustration
Venice_1585,54,2,Content Illustration
Venice_1585,55,1,Content Illustration
Venice_1585,56,1,Content Illustration
Venice_1585,56,2,Content Illustration
Venice_1585,56,3,Content Illustration
Venice_1585,56,4,Content Illustration
Venice_1585,57,1,Content Illustration
Venice_1585,58,1,Content Illustration
Venice_1585,58,2,Content Illustration
Venice_1585,59,1,Content Illustration
Venice_1585,59,2,Content Illustration
Venice_1585,59,3,Content Illustration
Venice_1585,60,1,Content Illustration
Venice_1585,61,1,Content Illustration
Venice_1585,61,2,Content Illustration
Venice_1585,62,1,Content Illustration
Venice_1585,62,2,Content Illustration
Venice_1585,62,3,Content Illustration
Venice_1585,63,1,Content Illustration
Venice_1585,63,2,Content Illustration
Venice_1585,63,3,Content Illustration
Venice_1585,64,1,Content Illustration
Venice_1585,65,1,Content Illustration
Venice_1585,65,2,Content Illustration
Venice_1585,66,1,Content Illustration
Venice_1585,67,1,Content Illustration
Venice_1585,67,2,Content Illustration
Venice_1585,68,1,Content Illustration
Venice_1585,68,2,Content Illustration
Venice_1585,69,1,Content Illustration
Venice_1585,69,2,Content Illustration
Venice_1585,70,1,Content Illustration
Venice_1585,70,2,Content Illustration
Venice_1585,71,1,Content Illustration
Venice_1585,71,2,Content Illustration
Venice_1585,72,1,Content Illustration
Venice_1585,72,2,Content Illustration
Venice_1585,72,3,Content Illustration
Venice_1585,73,1,Content Illustration
Venice_1585,73,2,Content Illustration
Venice_1585,74,1,Content Illustration
Venice_1585,74,2,Content Illustration
Venice_1585,75,1,Content Illustration
Venice_1585,75,2,Content Illustration
Venice_1585,76,1,Content Illustration
Venice_1585,76,2,Content Illustration
Venice_1585,77,1,Content Illustration
Venice_1585,77,2,Content Illustration
Venice_1585,78,1,Content Illustration
Venice_1585,79,1,Content Illustration
Venice_1585,79,2,Content Illustration
Venice_1585,80,1,Content Illustration
Venice_1585,81,1,Content Illustration
Venice_1585,82,1,Content Illustration
Venice_1585,82,2,Content Illustration
Venice_1585,83,1,Content Illustration
Venice_1585,84,1,Content Illustration
Venice_1585,84,2,Content Illustration
Venice_1585,84,3,Content Illustration
Venice_1585,85,1,Content Illustration
Venice_1585,85,2,Content Illustration
Venice_1585,85,3,Content Illustration
Venice_1585,86,1,Content Illustration
Venice_1585,86,2,Content Illustration
Venice_1585,87,1,Content Illustration
Venice_1585,88,1,Content Illustration
Venice_1585,89,1,Content Illustration
Venice_1585,90,1,Content Illustration
Venice_1585,91,1,Content Illustration
Venice_1585,92,1,Content Illustration
Venice_1585,92,2,Content Illustration
Venice_1585,93,1,Content Illustration
Venice_1585,93,2,Content Illustration
Venice_1585,94,1,Content Illustration
Venice_1585,95,1,Content Illustration
Venice_1585,97,1,Content Illustration
Venice_1585,97,2,Content Illustration
Venice_1585,98,1,Content Illustration
Venice_1585,98,2,Content Illustration
Venice_1585,99,1,Content Illustration
Venice_1585,100,1,Content Illustration
Venice_1585,101,1,Content Illustration
Venice_1585,101,2,Content Illustration
Venice_1585,102,1,Content Illustration
Venice_1585,102,2,Content Illustration
Venice_1585,103,1,Content Illustration
Venice_1585,103,2,Content Illustration
Venice_1585,104,1,Content Illustration
Venice_1585,104,2,Content Illustration
Venice_1585,104,3,Content Illustration
Venice_1585,104,4,Content Illustration
Venice_1585,105,1,Content Illustration
Venice_1585,105,2,Content Illustration
Venice_1585,105,3,Content Illustration
Venice_1585,106,1,Content Illustration
Venice_1585,106,2,Content Illustration
Venice_1585,106,3,Content Illustration
Venice_1585,107,1,Content Illustration
Venice_1585,107,2,Content Illustration
Venice_1585,107,3,Content Illustration
Venice_1585,108,1,Content Illustration
Venice_1585,108,2,Content Illustration
Venice_1585,108,3,Content Illustration
Venice_1585,109,1,Content Illustration
Venice_1585,109,2,Content Illustration
Venice_1585,109,3,Content Illustration
Venice_1585,110,1,Content Illustration
Venice_1585,111,1,Content Illustration
Venice_1585,112,1,Content Illustration
Venice_1585,113,1,Content Illustration
Venice_1585,114,1,Content Illustration
Venice_1585,114,2,Content Illustration
Venice_1585,115,1,Content Illustration
Venice_1585,116,1,Content Illustration
Venice_1585,117,1,Content Illustration
Venice_1585,117,2,Content Illustration
Venice_1585,118,1,Content Illustration
Venice_1585,119,1,Content Illustration
Venice_1585,119,2,Content Illustration
Venice_1585,120,1,Content Illustration
Venice_1585,120,2,Content Illustration
Venice_1585,121,1,Content Illustration
Venice_1585,121,2,Content Illustration
Venice_1585,121,3,Content Illustration
Venice_1585,122,1,Content Illustration
Venice_1585,123,1,Content Illustration
Venice_1585,124,1,Content Illustration
Venice_1585,125,1,Content Illustration
Venice_1585,126,1,Content Illustration
Venice_1585,126,2,Content Illustration
Venice_1585,127,1,Content Illustration
Venice_1585,127,2,Content Illustration
Venice_1585,128,1,Content Illustration
Venice_1585,128,2,Content Illustration
Venice_1585,128,3,Content Illustration
Venice_1585,129,1,Content Illustration
Venice_1585,129,2,Content Illustration
Venice_1585,130,1,Content Illustration
Venice_1585,130,2,Content Illustration
Venice_1585,131,1,Content Illustration
Venice_1585,131,2,Content Illustration
Venice_1585,131,3,Content Illustration
Venice_1585,132,1,Content Illustration
Venice_1585,132,2,Content Illustration
Venice_1585,132,3,Content Illustration
Venice_1585,132,4,Content Illustration
Venice_1585,133,1,Content Illustration
Venice_1585,133,2,Content Illustration
Venice_1585,133,3,Content Illustration
Venice_1585,134,1,Content Illustration
Venice_1585,134,2,Content Illustration
Venice_1585,135,1,Content Illustration
Venice_1585,135,2,Content Illustration
Venice_1585,136,1,Content Illustration
Venice_1585,136,2,Content Illustration
Venice_1585,136,3,Content Illustration
Venice_1585,136,4,Content Illustration
Venice_1585,137,1,Content Illustration
Venice_1585,137,2,Content Illustration
Venice_1585,138,1,Content Illustration
Venice_1585,138,2,Content Illustration
Venice_1585,139,1,Content Illustration
Venice_1585,140,1,Content Illustration
Venice_1585,140,2,Content Illustration
Venice_1585,140,3,Content Illustration
Venice_1585,140,4,Content Illustration
Venice_1585,141,1,Content Illustration
Venice_1585,142,1,Content Illustration
Venice_1585,142,2,Content Illustration
Venice_1585,142,3,Content Illustration
Venice_1585,143,1,Content Illustration
Venice_1585,143,2,Content Illustration
Venice_1585,144,1,Content Illustration
Venice_1585,144,2,Content Illustration
Venice_1585,145,1,Content Illustration
Venice_1585,145,2,Content Illustration
Venice_1585,145,3,Content Illustration
Venice_1585,146,1,Content Illustration
Venice_1585,146,2,Content Illustration
Venice_1585,147,1,Content Illustration
Venice_1585,148,1,Content Illustration
Venice_1585,148,2,Content Illustration
Venice_1585,148,3,Content Illustration
Venice_1585,149,1,Content Illustration
Venice_1585,149,2,Content Illustration
Venice_1585,150,1,Content Illustration
Venice_1585,150,2,Content Illustration
Venice_1585,150,3,Content Illustration
Venice_1585,150,4,Content Illustration
Venice_1585,151,1,Content Illustration
Venice_1585,151,2,Content Illustration
Venice_1585,152,1,Content Illustration
Venice_1585,153,1,Content Illustration
Venice_1585,153,2,Content Illustration
Venice_1585,153,3,Content Illustration
Venice_1585,154,1,Content Illustration
Venice_1585,154,2,Content Illustration
Venice_1585,155,1,Content Illustration
Venice_1585,155,2,Content Illustration
Venice_1585,156,1,Content Illustration
Venice_1585,156,2,Content Illustration
Venice_1585,157,1,Content Illustration
Venice_1585,157,2,Content Illustration
Venice_1585,158,1,Content Illustration
Venice_1585,158,2,Content Illustration
Venice_1585,159,1,Content Illustration
Venice_1585,159,2,Content Illustration
Venice_1585,160,1,Content Illustration
Venice_1585,160,2,Content Illustration
Venice_1585,161,1,Content Illustration
Venice_1585,162,1,Content Illustration
Venice_1585,163,1,Content Illustration
Venice_1585,163,2,Content Illustration
Venice_1585,164,1,Content Illustration
Venice_1585,164,2,Content Illustration
Venice_1585,165,1,Content Illustration
Venice_1585,166,1,Content Illustration
Venice_1585,168,1,Content Illustration
Venice_1585,169,1,Content Illustration
Venice_1585,171,1,Content Illustration
Venice_1585,173,1,Content Illustration
Venice_1585,174,1,Content Illustration
Venice_1585,175,1,Content Illustration
Venice_1585,176,1,Content Illustration
Venice_1585,179,1,Content Illustration
Venice_1585,189,1,Content Illustration
Venice_1585,190,1,Content Illustration
Venice_1585,190,2,Content Illustration
Venice_1585,191,1,Content Illustration
Venice_1585,192,1,Content Illustration
Venice_1585,193,1,Content Illustration
Venice_1585,193,2,Content Illustration
Venice_1585,194,1,Content Illustration
Venice_1585,195,1,Content Illustration
Venice_1585,198,1,Content Illustration
Venice_1585,199,1,Content Illustration
Venice_1585,200,1,Content Illustration
Venice_1585,200,2,Content Illustration
Venice_1585,201,1,Content Illustration
Venice_1585,203,1,Content Illustration
Venice_1585,203,2,Content Illustration
Venice_1585,205,1,Content Illustration
Venice_1585,205,2,Content Illustration
Venice_1585,206,1,Content Illustration
Venice_1585,207,1,Content Illustration
Venice_1585,208,1,Content Illustration
Venice_1585,209,1,Content Illustration
Venice_1585,210,1,Content Illustration
Venice_1585,210,2,Content Illustration
Venice_1585,212,1,Content Illustration
Venice_1585,212,2,Content Illustration
Venice_1585,213,1,Content Illustration
Venice_1585,213,2,Content Illustration
Venice_1585,214,1,Content Illustration
Venice_1585,216,1,Content Illustration
Venice_1585,216,2,Content Illustration
Venice_1585,217,1,Content Illustration
Venice_1585,217,2,Content Illustration
Venice_1585,217,3,Content Illustration
Venice_1585,218,1,Content Illustration
Venice_1585,218,2,Content Illustration
Venice_1585,219,1,Content Illustration
Venice_1585,220,1,Content Illustration
Venice_1585,220,2,Content Illustration
Venice_1585,220,3,Content Illustration
Venice_1585,221,1,Content Illustration
Venice_1585,222,1,Content Illustration
Venice_1585,222,2,Content Illustration
Venice_1585,223,1,Content Illustration
Venice_1585,223,2,Content Illustration
Venice_1585,223,3,Content Illustration
Venice_1585,224,1,Content Illustration
Venice_1585,225,1,Content Illustration
Venice_1585,226,1,Content Illustration
Venice_1585,227,1,Content Illustration
Venice_1585,228,1,Content Illustration
Venice_1585,229,1,Content Illustration
Venice_1585,230,1,Content Illustration
Venice_1585,230,2,Content Illustration
Venice_1585,230,3,Content Illustration
Venice_1585,231,1,Content Illustration
Venice_1585,231,2,Content Illustration
Venice_1585,233,1,Content Illustration
Venice_1585,235,1,Content Illustration
Venice_1585,235,2,Content Illustration
Venice_1585,236,1,Content Illustration
Venice_1585,236,2,Content Illustration
Venice_1585,236,3,Content Illustration
Venice_1585,237,1,Content Illustration
Venice_1585,237,2,Content Illustration
Venice_1585,238,1,Content Illustration
Venice_1585,238,2,Content Illustration
Venice_1585,239,1,Content Illustration
Venice_1585,240,1,Content Illustration
Venice_1585,240,2,Content Illustration
Venice_1585,241,1,Content Illustration
Venice_1585,241,2,Content Illustration
Venice_1585,241,3,Content Illustration
Venice_1585,242,1,Content Illustration
Venice_1585,243,1,Content Illustration
Venice_1585,243,2,Content Illustration
Venice_1585,243,3,Content Illustration
Venice_1585,245,1,Content Illustration
Venice_1585,245,2,Content Illustration
Venice_1585,246,1,Content Illustration
Venice_1585,246,2,Content Illustration
Venice_1585,246,3,Content Illustration
Venice_1585,247,1,Content Illustration
Venice_1585,248,1,Content Illustration
Venice_1585,248,2,Content Illustration
Venice_1585,249,1,Content Illustration
Venice_1585,249,2,Content Illustration
Venice_1585,250,1,Content Illustration
Venice_1585,251,1,Content Illustration
Venice_1585,251,2,Content Illustration
Venice_1585,252,1,Content Illustration
Venice_1585,252,2,Content Illustration
Venice_1585,252,3,Content Illustration
Venice_1585,253,1,Content Illustration
Venice_1585,253,2,Content Illustration
Venice_1585,254,1,Content Illustration
Venice_1585,254,2,Content Illustration
Venice_1585,273,1,Content Illustration
Venice_1585,273,2,Content Illustration
Venice_1585,273,3,Content Illustration
Venice_1585,274,1,Content Illustration
Venice_1585,275,1,Content Illustration
Venice_1585,276,1,Content Illustration
Venice_1585,277,1,Content Illustration
Venice_1585,277,2,Content Illustration
Venice_1585,279,1,Content Illustration
Venice_1585,280,1,Content Illustration
Venice_1585,281,1,Content Illustration
Venice_1585,284,1,Content Illustration
Venice_1585,286,1,Content Illustration
Venice_1585,287,1,Content Illustration
Venice_1585,287,2,Content Illustration
Venice_1585,288,1,Content Illustration
Venice_1585,288,2,Content Illustration
Venice_1585,288,3,Content Illustration
Venice_1585,289,1,Content Illustration
Venice_1585,289,2,Content Illustration
Venice_1585,291,1,Content Illustration
Venice_1585,291,2,Content Illustration
Venice_1585,293,1,Content Illustration
Venice_1585,293,2,Content Illustration
Venice_1585,293,3,Content Illustration
Venice_1585,295,1,Content Illustration
Venice_1585,297,1,Content Illustration
Venice_1585,297,2,Content Illustration
Venice_1585,299,1,Content Illustration
Venice_1585,299,2,Content Illustration
Venice_1585,301,1,Content Illustration
Venice_1585,301,2,Content Illustration
Venice_1585,301,3,Content Illustration
Venice_1585,301,4,Content Illustration
Venice_1585,308,1,Content Illustration
Venice_1585,308,2,Content Illustration
Venice_1585,310,1,Content Illustration
Venice_1585,311,1,Content Illustration
Venice_1585,312,1,Content Illustration
Venice_1585,315,1,Content Illustration
Venice_1585,315,2,Content Illustration
Venice_1585,316,1,Content Illustration
Venice_1585,317,1,Content Illustration
Venice_1585,317,2,Content Illustration
Venice_1585,318,1,Content Illustration
Venice_1585,319,1,Content Illustration
Venice_1585,323,1,Content Illustration
Venice_1585,324,1,Content Illustration
Venice_1585,335,1,Content Illustration
Venice_1585,335,2,Content Illustration
Venice_1585,335,3,Content Illustration
Venice_1585,336,1,Content Illustration
Venice_1585,336,2,Content Illustration
Venice_1585,337,1,Content Illustration
Venice_1585,338,1,Content Illustration
Venice_1585,338,2,Content Illustration
Venice_1585,339,1,Content Illustration
Venice_1585,339,2,Content Illustration
Venice_1585,340,1,Content Illustration
Venice_1585,347,1,Content Illustration
Venice_1585,352,1,Content Illustration
Venice_1585,355,1,Content Illustration
Venice_1585,357,1,Content Illustration
Venice_1585,358,1,Content Illustration
Venice_1585,360,1,Content Illustration
Venice_1585,363,1,Content Illustration
Venice_1585,366,1,Content Illustration
Venice_1585,367,1,Content Illustration
Venice_1585,369,1,Content Illustration
Venice_1585,370,1,Content Illustration
Venice_1585,370,2,Content Illustration
Venice_1585,371,1,Content Illustration
Venice_1585,371,2,Content Illustration
Venice_1585,372,1,Content Illustration
Venice_1585,373,1,Content Illustration
Venice_1585,373,2,Content Illustration
Venice_1585,373,3,Content Illustration
Venice_1585,374,1,Content Illustration
Venice_1585,374,2,Content Illustration
Venice_1585,376,1,Content Illustration
Venice_1585,377,1,Content Illustration
Venice_1585,378,1,Content Illustration
Venice_1585,378,2,Content Illustration
Venice_1585,379,1,Content Illustration
Venice_1585,380,1,Content Illustration
Venice_1585,380,2,Content Illustration
Venice_1585,381,1,Content Illustration
Venice_1585,381,2,Content Illustration
Venice_1585,382,1,Content Illustration
Venice_1585,382,2,Content Illustration
Venice_1585,383,1,Content Illustration
Venice_1585,386,1,Content Illustration
Venice_1585,388,1,Content Illustration
Venice_1585,389,1,Content Illustration
Venice_1585,390,1,Content Illustration
Venice_1585,391,1,Content Illustration
Venice_1585,392,1,Content Illustration
Venice_1585,393,1,Content Illustration
Venice_1585,394,1,Content Illustration
Venice_1585,394,2,Content Illustration
Venice_1585,395,1,Content Illustration
Venice_1585,396,1,Content Illustration
Venice_1585,397,1,Content Illustration
Venice_1585,398,1,Content Illustration
Venice_1585,398,2,Content Illustration
Venice_1585,399,1,Content Illustration
Venice_1585,400,1,Content Illustration
Venice_1585,400,2,Content Illustration
Venice_1585,401,1,Content Illustration
Venice_1585,402,1,Content Illustration
Venice_1585,402,2,Content Illustration
Venice_1585,405,1,Content Illustration
Venice_1585,405,2,Content Illustration
Venice_1585,406,1,Content Illustration
Venice_1585,407,1,Content Illustration
Venice_1585,408,1,Content Illustration
Venice_1585,409,1,Content Illustration
Venice_1585,409,2,Content Illustration
Venice_1585,410,1,Content Illustration
Venice_1585,410,2,Content Illustration
Venice_1585,411,1,Content Illustration
Venice_1585,412,1,Content Illustration
Venice_1585,412,2,Content Illustration
Venice_1585,413,1,Content Illustration
Venice_1585,413,2,Content Illustration
Venice_1585,414,1,Content Illustration
Venice_1585,415,1,Content Illustration
Venice_1585,415,2,Content Illustration
Venice_1585,416,1,Content Illustration
Venice_1585,416,2,Content Illustration
Venice_1585,417,1,Content Illustration
Venice_1585,418,1,Content Illustration
Venice_1585,418,2,Content Illustration
Venice_1585,418,3,Content Illustration
Venice_1585,419,1,Content Illustration
Venice_1585,419,2,Content Illustration
Venice_1585,420,1,Content Illustration
Venice_1585,420,2,Content Illustration
Venice_1585,420,3,Content Illustration
Venice_1585,421,1,Content Illustration
Venice_1585,422,1,Content Illustration
Venice_1585,423,1,Content Illustration
Venice_1585,424,1,Content Illustration
Venice_1585,425,1,Content Illustration
Venice_1585,425,2,Content Illustration
Venice_1585,425,3,Content Illustration
Venice_1585,426,1,Content Illustration
Venice_1585,426,2,Content Illustration
Venice_1585,426,3,Content Illustration
Venice_1585,426,4,Content Illustration
Venice_1585,428,1,Content Illustration
Venice_1585,429,1,Content Illustration
Venice_1585,430,1,Content Illustration
Venice_1585,430,2,Content Illustration
Venice_1585,431,1,Content Illustration
Venice_1585,431,2,Content Illustration
Venice_1585,433,1,Content Illustration
Venice_1585,434,1,Content Illustration
Venice_1585,435,1,Content Illustration
Venice_1585,436,1,Content Illustration
Venice_1585,436,2,Content Illustration
Venice_1585,436,3,Content Illustration
Venice_1585,439,1,Content Illustration
Venice_1585,439,2,Content Illustration
Venice_1585,441,1,Content Illustration
Venice_1585,441,2,Content Illustration
Venice_1585,442,1,Content Illustration
Venice_1585,443,1,Content Illustration
Venice_1585,444,1,Content Illustration
Venice_1585,445,1,Content Illustration
Venice_1585,446,1,Content Illustration
Venice_1585,448,1,Content Illustration
Venice_1585,449,1,Content Illustration
Venice_1585,450,1,Content Illustration
Venice_1585,458,1,Content Illustration
Venice_1585,462,1,Content Illustration
Venice_1585,463,1,Content Illustration
Venice_1585,464,1,Content Illustration
Venice_1585,464,2,Content Illustration
Venice_1585,464,3,Content Illustration
Venice_1585,465,1,Content Illustration
Venice_1585,466,1,Content Illustration
Venice_1585,467,1,Content Illustration
Venice_1585,467,2,Content Illustration
Venice_1585,468,1,Content Illustration
Venice_1585,469,1,Content Illustration
Venice_1585,470,1,Content Illustration
Venice_1585,471,1,Content Illustration
Venice_1585,472,1,Content Illustration
Venice_1585,473,1,Content Illustration
Venice_1585,474,1,Content Illustration
Venice_1585,474,2,Content Illustration
Venice_1585,476,1,Content Illustration
Venice_1585,476,2,Content Illustration
Venice_1585,477,1,Content Illustration
Venice_1585,477,2,Content Illustration
Venice_1585,478,1,Content Illustration
Venice_1585,479,1,Content Illustration
Venice_1585,479,2,Content Illustration
Venice_1585,480,1,Content Illustration
Venice_1585,480,2,Content Illustration
Venice_1585,481,1,Content Illustration
Venice_1585,481,2,Content Illustration
Venice_1585,482,1,Content Illustration
Venice_1585,482,2,Content Illustration
Venice_1585,483,1,Content Illustration
Venice_1585,484,1,Content Illustration
Venice_1585,484,2,Content Illustration
Venice_1585,484,3,Content Illustration
Venice_1585,485,1,Content Illustration
Venice_1585,485,2,Content Illustration
Venice_1585,486,1,Content Illustration
Venice_1585,486,2,Content Illustration
Venice_1585,487,1,Content Illustration
Venice_1585,488,1,Content Illustration
Venice_1585,489,1,Content Illustration
Venice_1585,489,2,Content Illustration
Venice_1585,489,3,Content Illustration
Venice_1585,489,4,Content Illustration
Venice_1585,490,1,Content Illustration
Venice_1585,490,2,Content Illustration
Venice_1585,491,1,Content Illustration
Venice_1585,491,2,Content Illustration
Venice_1585,492,1,Content Illustration
Venice_1585,492,2,Content Illustration
Venice_1585,492,3,Content Illustration
Venice_1585,492,4,Content Illustration
Venice_1585,492,5,Content Illustration
Venice_1585,493,1,Content Illustration
Venice_1585,493,2,Content Illustration
Venice_1585,493,3,Content Illustration
Venice_1585,493,4,Content Illustration
Venice_1585,493,5,Content Illustration
Venice_1585,494,1,Content Illustration
Venice_1585,495,1,Content Illustration
Venice_1585,495,2,Content Illustration
Venice_1585,496,1,Content Illustration
Venice_1585,497,1,Content Illustration
Venice_1585,497,2,Content Illustration
Venice_1585,498,1,Content Illustration
Venice_1585,498,2,Content Illustration
Venice_1585,499,1,Content Illustration
Venice_1585,499,2,Content Illustration
Venice_1585,500,1,Content Illustration
Venice_1585,501,1,Content Illustration
Venice_1585,501,2,Content Illustration
Venice_1585,503,1,Content Illustration
Venice_1585,503,2,Content Illustration
Venice_1585,504,1,Content Illustration
Venice_1585,504,2,Content Illustration
Venice_1585,506,1,Content Illustration
Venice_1585,506,2,Content Illustration
Venice_1585,507,1,Content Illustration
Venice_1585,507,2,Content Illustration
Venice_1585,509,1,Content Illustration
Venice_1585,509,2,Content Illustration
Venice_1585,511,1,Content Illustration
Venice_1585,511,2,Content Illustration
Venice_1585,511,3,Content Illustration
Venice_1585,512,1,Content Illustration
Venice_1585,512,2,Content Illustration
Venice_1585,512,3,Content Illustration
Venice_1585,512,4,Content Illustration
Venice_1585,513,1,Content Illustration
Venice_1585,514,1,Content Illustration
Venice_1585,514,2,Content Illustration
Venice_1585,516,1,Content Illustration
Venice_1585,516,2,Content Illustration
Venice_1585,517,1,Content Illustration
Venice_1585,517,2,Content Illustration
Venice_1585,518,1,Content Illustration
Venice_1585,518,2,Content Illustration
Venice_1585,518,3,Content Illustration
Venice_1585,520,1,Content Illustration
Venice_1585,521,1,Content Illustration
Venice_1585,521,2,Content Illustration
Venice_1585,522,1,Content Illustration
Venice_1585,523,1,Content Illustration
Venice_1585,525,1,Content Illustration
Venice_1585,526,1,Content Illustration
Venice_1585,526,2,Content Illustration
Venice_1585,526,3,Content Illustration
Venice_1585,526,4,Content Illustration
Venice_1585,526,5,Content Illustration
Venice_1585,527,1,Content Illustration
Venice_1585,527,2,Content Illustration
Venice_1585,527,3,Content Illustration
Venice_1585,527,4,Content Illustration
Venice_1585,527,5,Content Illustration
Venice_1585,527,6,Content Illustration
Venice_1585,528,1,Content Illustration
Venice_1585,528,2,Content Illustration
Venice_1585,528,3,Content Illustration
Venice_1585,529,1,Content Illustration
Venice_1585,529,2,Content Illustration
Venice_1585,530,1,Content Illustration
Venice_1585,533,1,Content Illustration
Venice_1585,536,1,Content Illustration
Venice_1585,536,2,Content Illustration
Venice_1585,537,1,Content Illustration
Venice_1585,537,2,Content Illustration
Venice_1585,538,1,Content Illustration
Venice_1585,538,2,Content Illustration
Venice_1585,538,3,Content Illustration
Venice_1585,540,1,Content Illustration
Venice_1585,540,2,Content Illustration
Venice_1585,540,3,Content Illustration
Venice_1585,541,1,Content Illustration
Venice_1585,542,1,Content Illustration
Venice_1585,542,2,Content Illustration
Venice_1585,543,1,Content Illustration
Venice_1585,543,2,Content Illustration
Venice_1585,544,1,Content Illustration
Venice_1585,546,1,Content Illustration
Venice_1585,549,1,Content Illustration
Venice_1585,549,2,Content Illustration
Venice_1585,550,1,Content Illustration
Venice_1585,551,1,Content Illustration
Venice_1585,551,2,Content Illustration
Venice_1585,551,3,Content Illustration
Venice_1585,552,1,Content Illustration
Venice_1585,554,1,Content Illustration
Venice_1585,554,2,Content Illustration
Venice_1585,556,1,Content Illustration
Venice_1585,556,2,Content Illustration
Venice_1585,556,3,Content Illustration
Venice_1585,557,1,Content Illustration
Venice_1585,557,2,Content Illustration
Venice_1585,557,3,Content Illustration
Venice_1585,559,1,Content Illustration
Venice_1585,559,2,Content Illustration
Venice_1585,561,1,Content Illustration
Venice_1585,561,2,Content Illustration
Venice_1585,563,1,Content Illustration
Venice_1585,564,1,Content Illustration
Venice_1585,566,1,Content Illustration
Venice_1585,566,2,Content Illustration
Venice_1585,566,3,Content Illustration
Venice_1585,567,1,Content Illustration
Venice_1585,567,2,Content Illustration
Venice_1585,569,1,Content Illustration
Venice_1585,569,2,Content Illustration
Venice_1585,571,1,Content Illustration
Venice_1585,571,2,Content Illustration
Venice_1585,572,1,Content Illustration
Venice_1585,572,2,Content Illustration
Venice_1585,572,3,Content Illustration
Venice_1585,573,1,Content Illustration
Venice_1585,574,1,Content Illustration
Venice_1585,575,1,Content Illustration
Venice_1585,575,2,Content Illustration
Venice_1585,578,1,Content Illustration
Venice_1585,582,1,Content Illustration
Venice_1585,586,1,Content Illustration
Venice_1585,589,1,Content Illustration
Venice_1585,590,1,Content Illustration
Venice_1585,591,1,Content Illustration
Venice_1585,592,1,Content Illustration
Venice_1585,592,2,Content Illustration
Venice_1585,592,3,Content Illustration
Venice_1585,594,1,Content Illustration
Venice_1585,594,2,Content Illustration
Venice_1585,596,1,Content Illustration
Venice_1585,596,2,Content Illustration
Venice_1585,597,1,Content Illustration
Venice_1585,597,2,Content Illustration
Venice_1585,600,1,Content Illustration
Venice_1585,600,2,Content Illustration
Venice_1585,601,1,Content Illustration
Venice_1585,602,1,Content Illustration
Venice_1585,605,1,Content Illustration
Venice_1585,607,1,Content Illustration
Venice_1585,608,1,Content Illustration
Venice_1585,609,1,Content Illustration
Venice_1585,610,1,Content Illustration
Venice_1585,610,2,Content Illustration
Venice_1585,610,3,Content Illustration
Venice_1585,610,4,Content Illustration
Venice_1585,612,1,Content Illustration
Venice_1585,612,2,Content Illustration
Venice_1585,615,1,Content Illustration
Venice_1585,616,1,Content Illustration
Venice_1585,617,1,Content Illustration
Venice_1585,626,1,Content Illustration
Venice_1585,629,1,Content Illustration
Venice_1585,629,2,Content Illustration
Venice_1585,632,1,Content Illustration
Venice_1586,4,1,Content Illustration
Venice_1586,25,1,Content Illustration
Venice_1586,27,1,Content Illustration
Venice_1586,28,1,Content Illustration
Venice_1586,28,2,Content Illustration
Venice_1586,29,1,Content Illustration
Venice_1586,30,1,Content Illustration
Venice_1586,30,2,Content Illustration
Venice_1586,30,3,Content Illustration
Venice_1586,30,4,Content Illustration
Venice_1586,30,5,Content Illustration
Venice_1586,30,6,Content Illustration
Venice_1586,31,1,Content Illustration
Venice_1586,31,2,Content Illustration
Venice_1586,31,3,Content Illustration
Venice_1586,32,1,Content Illustration
Venice_1586,32,2,Content Illustration
Venice_1586,33,1,Content Illustration
Venice_1586,34,1,Content Illustration
Venice_1586,34,2,Content Illustration
Venice_1586,34,3,Content Illustration
Venice_1586,34,4,Content Illustration
Venice_1586,35,1,Content Illustration
Venice_1586,35,2,Content Illustration
Venice_1586,35,3,Content Illustration
Venice_1586,36,1,Content Illustration
Venice_1586,36,2,Content Illustration
Venice_1586,36,3,Content Illustration
Venice_1586,37,1,Content Illustration
Venice_1586,37,2,Content Illustration
Venice_1586,37,3,Content Illustration
Venice_1586,37,4,Content Illustration
Venice_1586,38,1,Content Illustration
Venice_1586,38,2,Content Illustration
Venice_1586,38,3,Content Illustration
Venice_1586,38,4,Content Illustration
Venice_1586,39,1,Content Illustration
Venice_1586,40,1,Content Illustration
Venice_1586,42,1,Content Illustration
Venice_1586,42,2,Content Illustration
Venice_1586,43,1,Content Illustration
Venice_1586,43,2,Content Illustration
Venice_1586,43,3,Content Illustration
Venice_1586,43,4,Content Illustration
Venice_1586,44,1,Content Illustration
Venice_1586,45,1,Content Illustration
Venice_1586,45,2,Content Illustration
Venice_1586,46,1,Content Illustration
Venice_1586,46,2,Content Illustration
Venice_1586,47,1,Content Illustration
Venice_1586,47,2,Content Illustration
Venice_1586,49,1,Content Illustration
Venice_1586,49,2,Content Illustration
Venice_1586,50,1,Content Illustration
Venice_1586,51,1,Content Illustration
Venice_1586,52,1,Content Illustration
Venice_1586,52,2,Content Illustration
Venice_1586,52,3,Content Illustration
Venice_1586,53,1,Content Illustration
Venice_1586,53,2,Content Illustration
Venice_1586,53,3,Content Illustration
Venice_1586,53,4,Content Illustration
Venice_1586,54,1,Content Illustration
Venice_1586,54,2,Content Illustration
Venice_1586,54,3,Content Illustration
Venice_1586,55,1,Content Illustration
Venice_1586,55,2,Content Illustration
Venice_1586,56,1,Content Illustration
Venice_1586,56,2,Content Illustration
Venice_1586,56,3,Content Illustration
Venice_1586,56,4,Content Illustration
Venice_1586,56,5,Content Illustration
Venice_1586,56,6,Content Illustration
Venice_1586,57,1,Content Illustration
Venice_1586,57,2,Content Illustration
Venice_1586,57,3,Content Illustration
Venice_1586,57,4,Content Illustration
Venice_1586,58,1,Content Illustration
Venice_1586,58,2,Content Illustration
Venice_1586,59,1,Content Illustration
Venice_1586,60,1,Content Illustration
Venice_1586,60,2,Content Illustration
Venice_1586,60,3,Content Illustration
Venice_1586,60,4,Content Illustration
Venice_1586,61,1,Content Illustration
Venice_1586,62,1,Content Illustration
Venice_1586,62,2,Content Illustration
Venice_1586,63,1,Content Illustration
Venice_1586,63,2,Content Illustration
Venice_1586,63,3,Content Illustration
Venice_1586,64,1,Content Illustration
Venice_1586,65,1,Content Illustration
Venice_1586,65,2,Content Illustration
Venice_1586,66,1,Content Illustration
Venice_1586,66,2,Content Illustration
Venice_1586,66,3,Content Illustration
Venice_1586,67,1,Content Illustration
Venice_1586,67,2,Content Illustration
Venice_1586,67,3,Content Illustration
Venice_1586,68,1,Content Illustration
Venice_1586,69,1,Content Illustration
Venice_1586,69,2,Content Illustration
Venice_1586,70,1,Content Illustration
Venice_1586,71,1,Content Illustration
Venice_1586,71,2,Content Illustration
Venice_1586,72,1,Content Illustration
Venice_1586,72,2,Content Illustration
Venice_1586,73,1,Content Illustration
Venice_1586,73,2,Content Illustration
Venice_1586,74,1,Content Illustration
Venice_1586,74,2,Content Illustration
Venice_1586,75,1,Content Illustration
Venice_1586,75,2,Content Illustration
Venice_1586,76,1,Content Illustration
Venice_1586,76,2,Content Illustration
Venice_1586,76,3,Content Illustration
Venice_1586,77,1,Content Illustration
Venice_1586,77,2,Content Illustration
Venice_1586,78,1,Content Illustration
Venice_1586,78,2,Content Illustration
Venice_1586,79,1,Content Illustration
Venice_1586,79,2,Content Illustration
Venice_1586,80,1,Content Illustration
Venice_1586,80,2,Content Illustration
Venice_1586,81,1,Content Illustration
Venice_1586,81,2,Content Illustration
Venice_1586,82,1,Content Illustration
Venice_1586,83,1,Content Illustration
Venice_1586,83,2,Content Illustration
Venice_1586,84,1,Content Illustration
Venice_1586,85,1,Content Illustration
Venice_1586,86,1,Content Illustration
Venice_1586,86,2,Content Illustration
Venice_1586,87,1,Content Illustration
Venice_1586,88,1,Content Illustration
Venice_1586,88,2,Content Illustration
Venice_1586,88,3,Content Illustration
Venice_1586,88,4,Content Illustration
Venice_1586,89,1,Content Illustration
Venice_1586,89,2,Content Illustration
Venice_1586,89,3,Content Illustration
Venice_1586,90,1,Content Illustration
Venice_1586,90,2,Content Illustration
Venice_1586,91,1,Content Illustration
Venice_1586,92,1,Content Illustration
Venice_1586,93,1,Content Illustration
Venice_1586,94,1,Content Illustration
Venice_1586,95,1,Content Illustration
Venice_1586,96,1,Content Illustration
Venice_1586,96,2,Content Illustration
Venice_1586,97,1,Content Illustration
Venice_1586,97,2,Content Illustration
Venice_1586,98,1,Content Illustration
Venice_1586,99,1,Content Illustration
Venice_1586,101,1,Content Illustration
Venice_1586,101,2,Content Illustration
Venice_1586,102,1,Content Illustration
Venice_1586,102,2,Content Illustration
Venice_1586,103,1,Content Illustration
Venice_1586,104,1,Content Illustration
Venice_1586,105,1,Content Illustration
Venice_1586,105,2,Content Illustration
Venice_1586,106,1,Content Illustration
Venice_1586,106,2,Content Illustration
Venice_1586,107,1,Content Illustration
Venice_1586,107,2,Content Illustration
Venice_1586,108,1,Content Illustration
Venice_1586,108,2,Content Illustration
Venice_1586,108,3,Content Illustration
Venice_1586,108,4,Content Illustration
Venice_1586,109,1,Content Illustration
Venice_1586,109,2,Content Illustration
Venice_1586,109,3,Content Illustration
Venice_1586,110,1,Content Illustration
Venice_1586,110,2,Content Illustration
Venice_1586,110,3,Content Illustration
Venice_1586,111,1,Content Illustration
Venice_1586,111,2,Content Illustration
Venice_1586,111,3,Content Illustration
Venice_1586,111,4,Content Illustration
Venice_1586,112,1,Content Illustration
Venice_1586,112,2,Content Illustration
Venice_1586,112,3,Content Illustration
Venice_1586,113,1,Content Illustration
Venice_1586,113,2,Content Illustration
Venice_1586,113,3,Content Illustration
Venice_1586,113,4,Content Illustration
Venice_1586,114,1,Content Illustration
Venice_1586,115,1,Content Illustration
Venice_1586,116,1,Content Illustration
Venice_1586,117,1,Content Illustration
Venice_1586,118,1,Content Illustration
Venice_1586,118,2,Content Illustration
Venice_1586,119,1,Content Illustration
Venice_1586,120,1,Content Illustration
Venice_1586,121,1,Content Illustration
Venice_1586,121,2,Content Illustration
Venice_1586,122,1,Content Illustration
Venice_1586,123,1,Content Illustration
Venice_1586,123,2,Content Illustration
Venice_1586,124,1,Content Illustration
Venice_1586,124,2,Content Illustration
Venice_1586,125,1,Content Illustration
Venice_1586,125,2,Content Illustration
Venice_1586,125,3,Content Illustration
Venice_1586,126,1,Content Illustration
Venice_1586,127,1,Content Illustration
Venice_1586,128,1,Content Illustration
Venice_1586,129,1,Content Illustration
Venice_1586,130,1,Content Illustration
Venice_1586,130,2,Content Illustration
Venice_1586,131,1,Content Illustration
Venice_1586,131,2,Content Illustration
Venice_1586,132,1,Content Illustration
Venice_1586,132,2,Content Illustration
Venice_1586,132,3,Content Illustration
Venice_1586,133,1,Content Illustration
Venice_1586,133,2,Content Illustration
Venice_1586,134,1,Content Illustration
Venice_1586,134,2,Content Illustration
Venice_1586,135,1,Content Illustration
Venice_1586,135,2,Content Illustration
Venice_1586,135,3,Content Illustration
Venice_1586,136,1,Content Illustration
Venice_1586,136,2,Content Illustration
Venice_1586,136,3,Content Illustration
Venice_1586,136,4,Content Illustration
Venice_1586,137,1,Content Illustration
Venice_1586,137,2,Content Illustration
Venice_1586,137,3,Content Illustration
Venice_1586,138,1,Content Illustration
Venice_1586,138,2,Content Illustration
Venice_1586,139,1,Content Illustration
Venice_1586,139,2,Content Illustration
Venice_1586,140,1,Content Illustration
Venice_1586,140,2,Content Illustration
Venice_1586,140,3,Content Illustration
Venice_1586,140,4,Content Illustration
Venice_1586,141,1,Content Illustration
Venice_1586,141,2,Content Illustration
Venice_1586,142,1,Content Illustration
Venice_1586,142,2,Content Illustration
Venice_1586,143,1,Content Illustration
Venice_1586,144,1,Content Illustration
Venice_1586,144,2,Content Illustration
Venice_1586,144,3,Content Illustration
Venice_1586,144,4,Content Illustration
Venice_1586,145,1,Content Illustration
Venice_1586,146,1,Content Illustration
Venice_1586,146,2,Content Illustration
Venice_1586,146,3,Content Illustration
Venice_1586,147,1,Content Illustration
Venice_1586,147,2,Content Illustration
Venice_1586,148,1,Content Illustration
Venice_1586,148,2,Content Illustration
Venice_1586,149,1,Content Illustration
Venice_1586,149,2,Content Illustration
Venice_1586,149,3,Content Illustration
Venice_1586,150,1,Content Illustration
Venice_1586,150,2,Content Illustration
Venice_1586,151,1,Content Illustration
Venice_1586,152,1,Content Illustration
Venice_1586,152,2,Content Illustration
Venice_1586,152,3,Content Illustration
Venice_1586,153,1,Content Illustration
Venice_1586,153,2,Content Illustration
Venice_1586,154,1,Content Illustration
Venice_1586,154,2,Content Illustration
Venice_1586,154,3,Content Illustration
Venice_1586,154,4,Content Illustration
Venice_1586,155,1,Content Illustration
Venice_1586,155,2,Content Illustration
Venice_1586,156,1,Content Illustration
Venice_1586,157,1,Content Illustration
Venice_1586,157,2,Content Illustration
Venice_1586,157,3,Content Illustration
Venice_1586,158,1,Content Illustration
Venice_1586,158,2,Content Illustration
Venice_1586,159,1,Content Illustration
Venice_1586,159,2,Content Illustration
Venice_1586,160,1,Content Illustration
Venice_1586,160,2,Content Illustration
Venice_1586,161,1,Content Illustration
Venice_1586,161,2,Content Illustration
Venice_1586,162,1,Content Illustration
Venice_1586,162,2,Content Illustration
Venice_1586,163,1,Content Illustration
Venice_1586,163,2,Content Illustration
Venice_1586,164,1,Content Illustration
Venice_1586,164,2,Content Illustration
Venice_1586,165,1,Content Illustration
Venice_1586,166,1,Content Illustration
Venice_1586,167,1,Content Illustration
Venice_1586,167,2,Content Illustration
Venice_1586,168,1,Content Illustration
Venice_1586,168,2,Content Illustration
Venice_1586,169,1,Content Illustration
Venice_1586,170,1,Content Illustration
Venice_1586,172,1,Content Illustration
Venice_1586,173,1,Content Illustration
Venice_1586,175,1,Content Illustration
Venice_1586,177,1,Content Illustration
Venice_1586,178,1,Content Illustration
Venice_1586,179,1,Content Illustration
Venice_1586,180,1,Content Illustration
Venice_1586,183,1,Content Illustration
Venice_1586,191,1,Content Illustration
Venice_1586,194,1,Content Illustration
Venice_1586,194,2,Content Illustration
Venice_1586,195,1,Content Illustration
Venice_1586,197,1,Content Illustration
Venice_1586,197,2,Content Illustration
Venice_1586,198,1,Content Illustration
Venice_1586,202,1,Content Illustration
Venice_1586,203,1,Content Illustration
Venice_1586,204,1,Content Illustration
Venice_1586,204,2,Content Illustration
Venice_1586,205,1,Content Illustration
Venice_1586,207,1,Content Illustration
Venice_1586,207,2,Content Illustration
Venice_1586,209,1,Content Illustration
Venice_1586,210,1,Content Illustration
Venice_1586,211,1,Content Illustration
Venice_1586,212,1,Content Illustration
Venice_1586,213,1,Content Illustration
Venice_1586,214,1,Content Illustration
Venice_1586,214,2,Content Illustration
Venice_1586,215,1,Content Illustration
Venice_1586,215,2,Content Illustration
Venice_1586,216,1,Content Illustration
Venice_1586,216,2,Content Illustration
Venice_1586,217,1,Content Illustration
Venice_1586,217,2,Content Illustration
Venice_1586,218,1,Content Illustration
Venice_1586,219,1,Content Illustration
Venice_1586,220,1,Content Illustration
Venice_1586,220,2,Content Illustration
Venice_1586,221,1,Content Illustration
Venice_1586,221,2,Content Illustration
Venice_1586,222,1,Content Illustration
Venice_1586,222,2,Content Illustration
Venice_1586,223,1,Content Illustration
Venice_1586,224,1,Content Illustration
Venice_1586,224,2,Content Illustration
Venice_1586,224,3,Content Illustration
Venice_1586,225,1,Content Illustration
Venice_1586,226,1,Content Illustration
Venice_1586,226,2,Content Illustration
Venice_1586,227,1,Content Illustration
Venice_1586,227,2,Content Illustration
Venice_1586,227,3,Content Illustration
Venice_1586,228,1,Content Illustration
Venice_1586,229,1,Content Illustration
Venice_1586,230,1,Content Illustration
Venice_1586,231,1,Content Illustration
Venice_1586,232,1,Content Illustration
Venice_1586,233,1,Content Illustration
Venice_1586,234,1,Content Illustration
Venice_1586,234,2,Content Illustration
Venice_1586,234,3,Content Illustration
Venice_1586,235,1,Content Illustration
Venice_1586,235,2,Content Illustration
Venice_1586,236,1,Content Illustration
Venice_1586,237,1,Content Illustration
Venice_1586,239,1,Content Illustration
Venice_1586,239,2,Content Illustration
Venice_1586,240,1,Content Illustration
Venice_1586,240,2,Content Illustration
Venice_1586,240,3,Content Illustration
Venice_1586,241,1,Content Illustration
Venice_1586,241,2,Content Illustration
Venice_1586,242,1,Content Illustration
Venice_1586,242,2,Content Illustration
Venice_1586,243,1,Content Illustration
Venice_1586,244,1,Content Illustration
Venice_1586,244,2,Content Illustration
Venice_1586,244,3,Content Illustration
Venice_1586,245,1,Content Illustration
Venice_1586,245,2,Content Illustration
Venice_1586,246,1,Content Illustration
Venice_1586,247,1,Content Illustration
Venice_1586,247,2,Content Illustration
Venice_1586,247,3,Content Illustration
Venice_1586,249,1,Content Illustration
Venice_1586,249,2,Content Illustration
Venice_1586,250,1,Content Illustration
Venice_1586,250,2,Content Illustration
Venice_1586,250,3,Content Illustration
Venice_1586,251,1,Content Illustration
Venice_1586,252,1,Content Illustration
Venice_1586,252,2,Content Illustration
Venice_1586,253,1,Content Illustration
Venice_1586,253,2,Content Illustration
Venice_1586,254,1,Content Illustration
Venice_1586,255,1,Content Illustration
Venice_1586,255,2,Content Illustration
Venice_1586,256,1,Content Illustration
Venice_1586,256,2,Content Illustration
Venice_1586,256,3,Content Illustration
Venice_1586,257,1,Content Illustration
Venice_1586,257,2,Content Illustration
Venice_1586,258,1,Content Illustration
Venice_1586,258,2,Content Illustration
Venice_1586,277,1,Content Illustration
Venice_1586,279,1,Content Illustration
Venice_1586,280,1,Content Illustration
Venice_1586,281,1,Content Illustration
Venice_1586,281,2,Content Illustration
Venice_1586,283,1,Content Illustration
Venice_1586,284,1,Content Illustration
Venice_1586,285,1,Content Illustration
Venice_1586,290,1,Content Illustration
Venice_1586,291,1,Content Illustration
Venice_1586,292,1,Content Illustration
Venice_1586,292,2,Content Illustration
Venice_1586,293,1,Content Illustration
Venice_1586,295,1,Content Illustration
Venice_1586,295,2,Content Illustration
Venice_1586,295,3,Content Illustration
Venice_1586,296,1,Content Illustration
Venice_1586,297,1,Content Illustration
Venice_1586,297,2,Content Illustration
Venice_1586,298,1,Content Illustration
Venice_1586,301,1,Content Illustration
Venice_1586,301,2,Content Illustration
Venice_1586,303,1,Content Illustration
Venice_1586,303,2,Content Illustration
Venice_1586,305,1,Content Illustration
Venice_1586,305,2,Content Illustration
Venice_1586,305,3,Content Illustration
Venice_1586,305,4,Content Illustration
Venice_1586,312,1,Content Illustration
Venice_1586,314,1,Content Illustration
Venice_1586,315,1,Content Illustration
Venice_1586,316,1,Content Illustration
Venice_1586,319,1,Content Illustration
Venice_1586,320,1,Content Illustration
Venice_1586,321,1,Content Illustration
Venice_1586,321,2,Content Illustration
Venice_1586,322,1,Content Illustration
Venice_1586,323,1,Content Illustration
Venice_1586,328,1,Content Illustration
Venice_1586,337,1,Content Illustration
Venice_1586,339,1,Content Illustration
Venice_1586,339,2,Content Illustration
Venice_1586,339,3,Content Illustration
Venice_1586,340,1,Content Illustration
Venice_1586,340,2,Content Illustration
Venice_1586,341,1,Content Illustration
Venice_1586,341,2,Content Illustration
Venice_1586,342,1,Content Illustration
Venice_1586,342,2,Content Illustration
Venice_1586,343,1,Content Illustration
Venice_1586,343,2,Content Illustration
Venice_1586,344,1,Content Illustration
Venice_1586,345,1,Content Illustration
Venice_1586,345,2,Content Illustration
Venice_1586,345,3,Content Illustration
Venice_1586,351,1,Content Illustration
Venice_1586,356,1,Content Illustration
Venice_1586,359,1,Content Illustration
Venice_1586,360,1,Content Illustration
Venice_1586,362,1,Content Illustration
Venice_1586,364,1,Content Illustration
Venice_1586,367,1,Content Illustration
Venice_1586,370,1,Content Illustration
Venice_1586,371,1,Content Illustration
Venice_1586,373,1,Content Illustration
Venice_1586,374,1,Content Illustration
Venice_1586,374,2,Content Illustration
Venice_1586,375,1,Content Illustration
Venice_1586,375,2,Content Illustration
Venice_1586,376,1,Content Illustration
Venice_1586,377,1,Content Illustration
Venice_1586,377,2,Content Illustration
Venice_1586,377,3,Content Illustration
Venice_1586,378,1,Content Illustration
Venice_1586,380,1,Content Illustration
Venice_1586,381,1,Content Illustration
Venice_1586,382,1,Content Illustration
Venice_1586,382,2,Content Illustration
Venice_1586,383,1,Content Illustration
Venice_1586,384,1,Content Illustration
Venice_1586,384,2,Content Illustration
Venice_1586,385,1,Content Illustration
Venice_1586,385,2,Content Illustration
Venice_1586,386,1,Content Illustration
Venice_1586,386,2,Content Illustration
Venice_1586,387,1,Content Illustration
Venice_1586,390,1,Content Illustration
Venice_1586,392,1,Content Illustration
Venice_1586,393,1,Content Illustration
Venice_1586,394,1,Content Illustration
Venice_1586,395,1,Content Illustration
Venice_1586,396,1,Content Illustration
Venice_1586,397,1,Content Illustration
Venice_1586,398,1,Content Illustration
Venice_1586,398,2,Content Illustration
Venice_1586,399,1,Content Illustration
Venice_1586,400,1,Content Illustration
Venice_1586,401,1,Content Illustration
Venice_1586,402,1,Content Illustration
Venice_1586,403,1,Content Illustration
Venice_1586,404,1,Content Illustration
Venice_1586,404,2,Content Illustration
Venice_1586,405,1,Content Illustration
Venice_1586,406,1,Content Illustration
Venice_1586,406,2,Content Illustration
Venice_1586,409,1,Content Illustration
Venice_1586,409,2,Content Illustration
Venice_1586,410,1,Content Illustration
Venice_1586,411,1,Content Illustration
Venice_1586,412,1,Content Illustration
Venice_1586,412,2,Content Illustration
Venice_1586,413,1,Content Illustration
Venice_1586,413,2,Content Illustration
Venice_1586,414,1,Content Illustration
Venice_1586,414,2,Content Illustration
Venice_1586,415,1,Content Illustration
Venice_1586,416,1,Content Illustration
Venice_1586,416,2,Content Illustration
Venice_1586,417,1,Content Illustration
Venice_1586,417,2,Content Illustration
Venice_1586,418,1,Content Illustration
Venice_1586,419,1,Content Illustration
Venice_1586,419,2,Content Illustration
Venice_1586,420,1,Content Illustration
Venice_1586,420,2,Content Illustration
Venice_1586,421,1,Content Illustration
Venice_1586,422,1,Content Illustration
Venice_1586,422,2,Content Illustration
Venice_1586,422,3,Content Illustration
Venice_1586,423,1,Content Illustration
Venice_1586,423,2,Content Illustration
Venice_1586,424,1,Content Illustration
Venice_1586,424,2,Content Illustration
Venice_1586,424,3,Content Illustration
Venice_1586,425,1,Content Illustration
Venice_1586,426,1,Content Illustration
Venice_1586,427,1,Content Illustration
Venice_1586,427,2,Content Illustration
Venice_1586,428,1,Content Illustration
Venice_1586,429,1,Content Illustration
Venice_1586,429,2,Content Illustration
Venice_1586,430,1,Content Illustration
Venice_1586,430,2,Content Illustration
Venice_1586,430,3,Content Illustration
Venice_1586,430,4,Content Illustration
Venice_1586,431,1,Content Illustration
Venice_1586,432,1,Content Illustration
Venice_1586,433,1,Content Illustration
Venice_1586,434,1,Content Illustration
Venice_1586,434,2,Content Illustration
Venice_1586,435,1,Content Illustration
Venice_1586,435,2,Content Illustration
Venice_1586,435,3,Content Illustration
Venice_1586,437,1,Content Illustration
Venice_1586,438,1,Content Illustration
Venice_1586,439,1,Content Illustration
Venice_1586,439,2,Content Illustration
Venice_1586,440,1,Content Illustration
Venice_1586,440,2,Content Illustration
Venice_1586,443,1,Content Illustration
Venice_1586,443,2,Content Illustration
Venice_1586,445,1,Content Illustration
Venice_1586,445,2,Content Illustration
Venice_1586,446,1,Content Illustration
Venice_1586,447,1,Content Illustration
Venice_1586,448,1,Content Illustration
Venice_1586,449,1,Content Illustration
Venice_1586,450,1,Content Illustration
Venice_1586,452,1,Content Illustration
Venice_1586,453,1,Content Illustration
Venice_1586,462,1,Content Illustration
Venice_1586,466,1,Content Illustration
Venice_1586,467,1,Content Illustration
Venice_1586,468,1,Content Illustration
Venice_1586,468,2,Content Illustration
Venice_1586,468,3,Content Illustration
Venice_1586,469,1,Content Illustration
Venice_1586,470,1,Content Illustration
Venice_1586,471,1,Content Illustration
Venice_1586,471,2,Content Illustration
Venice_1586,472,1,Content Illustration
Venice_1586,473,1,Content Illustration
Venice_1586,474,1,Content Illustration
Venice_1586,475,1,Content Illustration
Venice_1586,476,1,Content Illustration
Venice_1586,477,1,Content Illustration
Venice_1586,478,1,Content Illustration
Venice_1586,478,2,Content Illustration
Venice_1586,480,1,Content Illustration
Venice_1586,480,2,Content Illustration
Venice_1586,481,1,Content Illustration
Venice_1586,481,2,Content Illustration
Venice_1586,482,1,Content Illustration
Venice_1586,483,1,Content Illustration
Venice_1586,483,2,Content Illustration
Venice_1586,484,1,Content Illustration
Venice_1586,484,2,Content Illustration
Venice_1586,485,1,Content Illustration
Venice_1586,485,2,Content Illustration
Venice_1586,486,1,Content Illustration
Venice_1586,486,2,Content Illustration
Venice_1586,487,1,Content Illustration
Venice_1586,488,1,Content Illustration
Venice_1586,488,2,Content Illustration
Venice_1586,488,3,Content Illustration
Venice_1586,488,4,Content Illustration
Venice_1586,489,1,Content Illustration
Venice_1586,489,2,Content Illustration
Venice_1586,490,1,Content Illustration
Venice_1586,490,2,Content Illustration
Venice_1586,491,1,Content Illustration
Venice_1586,492,1,Content Illustration
Venice_1586,493,1,Content Illustration
Venice_1586,493,2,Content Illustration
Venice_1586,493,3,Content Illustration
Venice_1586,493,4,Content Illustration
Venice_1586,494,1,Content Illustration
Venice_1586,494,2,Content Illustration
Venice_1586,495,1,Content Illustration
Venice_1586,495,2,Content Illustration
Venice_1586,495,3,Content Illustration
Venice_1586,496,1,Content Illustration
Venice_1586,496,2,Content Illustration
Venice_1586,496,3,Content Illustration
Venice_1586,496,4,Content Illustration
Venice_1586,496,5,Content Illustration
Venice_1586,497,1,Content Illustration
Venice_1586,497,2,Content Illustration
Venice_1586,497,3,Content Illustration
Venice_1586,497,4,Content Illustration
Venice_1586,498,1,Content Illustration
Venice_1586,499,1,Content Illustration
Venice_1586,499,2,Content Illustration
Venice_1586,500,1,Content Illustration
Venice_1586,501,1,Content Illustration
Venice_1586,501,2,Content Illustration
Venice_1586,502,1,Content Illustration
Venice_1586,502,2,Content Illustration
Venice_1586,503,1,Content Illustration
Venice_1586,503,2,Content Illustration
Venice_1586,504,1,Content Illustration
Venice_1586,505,1,Content Illustration
Venice_1586,505,2,Content Illustration
Venice_1586,507,1,Content Illustration
Venice_1586,507,2,Content Illustration
Venice_1586,508,1,Content Illustration
Venice_1586,508,2,Content Illustration
Venice_1586,510,1,Content Illustration
Venice_1586,510,2,Content Illustration
Venice_1586,511,1,Content Illustration
Venice_1586,511,2,Content Illustration
Venice_1586,513,1,Content Illustration
Venice_1586,513,2,Content Illustration
Venice_1586,515,1,Content Illustration
Venice_1586,515,2,Content Illustration
Venice_1586,516,1,Content Illustration
Venice_1586,516,2,Content Illustration
Venice_1586,516,3,Content Illustration
Venice_1586,516,4,Content Illustration
Venice_1586,517,1,Content Illustration
Venice_1586,518,1,Content Illustration
Venice_1586,518,2,Content Illustration
Venice_1586,520,1,Content Illustration
Venice_1586,520,2,Content Illustration
Venice_1586,521,1,Content Illustration
Venice_1586,521,2,Content Illustration
Venice_1586,522,1,Content Illustration
Venice_1586,522,2,Content Illustration
Venice_1586,522,3,Content Illustration
Venice_1586,522,4,Content Illustration
Venice_1586,524,1,Content Illustration
Venice_1586,525,1,Content Illustration
Venice_1586,525,2,Content Illustration
Venice_1586,526,1,Content Illustration
Venice_1586,527,1,Content Illustration
Venice_1586,529,1,Content Illustration
Venice_1586,530,1,Content Illustration
Venice_1586,530,2,Content Illustration
Venice_1586,530,3,Content Illustration
Venice_1586,530,4,Content Illustration
Venice_1586,531,1,Content Illustration
Venice_1586,531,2,Content Illustration
Venice_1586,531,3,Content Illustration
Venice_1586,531,4,Content Illustration
Venice_1586,531,5,Content Illustration
Venice_1586,531,6,Content Illustration
Venice_1586,531,7,Content Illustration
Venice_1586,532,1,Content Illustration
Venice_1586,532,2,Content Illustration
Venice_1586,532,3,Content Illustration
Venice_1586,533,1,Content Illustration
Venice_1586,533,2,Content Illustration
Venice_1586,534,1,Content Illustration
Venice_1586,537,1,Content Illustration
Venice_1586,540,1,Content Illustration
Venice_1586,540,2,Content Illustration
Venice_1586,541,1,Content Illustration
Venice_1586,541,2,Content Illustration
Venice_1586,542,1,Content Illustration
Venice_1586,542,2,Content Illustration
Venice_1586,544,1,Content Illustration
Venice_1586,544,2,Content Illustration
Venice_1586,544,3,Content Illustration
Venice_1586,545,1,Content Illustration
Venice_1586,546,1,Content Illustration
Venice_1586,546,2,Content Illustration
Venice_1586,547,1,Content Illustration
Venice_1586,547,2,Content Illustration
Venice_1586,548,1,Content Illustration
Venice_1586,550,1,Content Illustration
Venice_1586,553,1,Content Illustration
Venice_1586,553,2,Content Illustration
Venice_1586,554,1,Content Illustration
Venice_1586,555,1,Content Illustration
Venice_1586,555,2,Content Illustration
Venice_1586,555,3,Content Illustration
Venice_1586,556,1,Content Illustration
Venice_1586,558,1,Content Illustration
Venice_1586,558,2,Content Illustration
Venice_1586,560,1,Content Illustration
Venice_1586,560,2,Content Illustration
Venice_1586,560,3,Content Illustration
Venice_1586,561,1,Content Illustration
Venice_1586,561,2,Content Illustration
Venice_1586,561,3,Content Illustration
Venice_1586,563,1,Content Illustration
Venice_1586,563,2,Content Illustration
Venice_1586,565,1,Content Illustration
Venice_1586,565,2,Content Illustration
Venice_1586,567,1,Content Illustration
Venice_1586,568,1,Content Illustration
Venice_1586,570,1,Content Illustration
Venice_1586,570,2,Content Illustration
Venice_1586,570,3,Content Illustration
Venice_1586,571,1,Content Illustration
Venice_1586,571,2,Content Illustration
Venice_1586,573,1,Content Illustration
Venice_1586,573,2,Content Illustration
Venice_1586,575,1,Content Illustration
Venice_1586,575,2,Content Illustration
Venice_1586,576,1,Content Illustration
Venice_1586,576,2,Content Illustration
Venice_1586,576,3,Content Illustration
Venice_1586,577,1,Content Illustration
Venice_1586,578,1,Content Illustration
Venice_1586,579,1,Content Illustration
Venice_1586,579,2,Content Illustration
Venice_1586,582,1,Content Illustration
Venice_1586,586,1,Content Illustration
Venice_1586,590,1,Content Illustration
Venice_1586,593,1,Content Illustration
Venice_1586,594,1,Content Illustration
Venice_1586,595,1,Content Illustration
Venice_1586,596,1,Content Illustration
Venice_1586,596,2,Content Illustration
Venice_1586,596,3,Content Illustration
Venice_1586,598,1,Content Illustration
Venice_1586,598,2,Content Illustration
Venice_1586,600,1,Content Illustration
Venice_1586,600,2,Content Illustration
Venice_1586,601,1,Content Illustration
Venice_1586,601,2,Content Illustration
Venice_1586,604,1,Content Illustration
Venice_1586,604,2,Content Illustration
Venice_1586,605,1,Content Illustration
Venice_1586,606,1,Content Illustration
Venice_1586,606,2,Content Illustration
Venice_1586,609,1,Content Illustration
Venice_1586,611,1,Content Illustration
Venice_1586,612,1,Content Illustration
Venice_1586,613,1,Content Illustration
Venice_1586,614,1,Content Illustration
Venice_1586,614,2,Content Illustration
Venice_1586,614,3,Content Illustration
Venice_1586,614,4,Content Illustration
Venice_1586,616,1,Content Illustration
Venice_1586,616,2,Content Illustration
Venice_1586,619,1,Content Illustration
Venice_1586,620,1,Content Illustration
Venice_1586,621,1,Content Illustration
Venice_1586,630,1,Content Illustration
Venice_1586,633,1,Content Illustration
Venice_1586,633,2,Content Illustration
Rome_1545,13,1,Content Illustration
Rome_1545,18,1,Content Illustration
Rome_1545a,3,1,Content Illustration
Leipzig_1549,106,1,Content Illustration
Leipzig_1549,106,2,Content Illustration
Leipzig_1549,107,1,Content Illustration
Leipzig_1549,109,1,Content Illustration
Leipzig_1549,109,2,Content Illustration
Leipzig_1549,109,3,Content Illustration
Leipzig_1549,110,1,Content Illustration
Leipzig_1549,110,2,Content Illustration
Leipzig_1549,121,1,Content Illustration
Leipzig_1549,121,2,Content Illustration
Leipzig_1549,122,1,Content Illustration
Leipzig_1549,122,2,Content Illustration
Leipzig_1549,123,1,Content Illustration
Leipzig_1549,123,2,Content Illustration
Leipzig_1549,124,1,Content Illustration
Leipzig_1549,124,2,Content Illustration
Leipzig_1549,126,1,Content Illustration
Leipzig_1549,126,2,Content Illustration
Leipzig_1549,126,3,Content Illustration
Leipzig_1549,126,4,Content Illustration
Leipzig_1549,127,1,Content Illustration
Leipzig_1549,127,2,Content Illustration
Leipzig_1549,128,1,Content Illustration
Leipzig_1549,129,1,Content Illustration
Leipzig_1549,129,2,Content Illustration
Leipzig_1549,130,1,Content Illustration
Leipzig_1549,131,1,Content Illustration
Leipzig_1549,133,1,Content Illustration
Leipzig_1549,133,2,Content Illustration
Leipzig_1549,134,1,Content Illustration
Leipzig_1549,135,1,Content Illustration
Leipzig_1549,135,2,Content Illustration
Leipzig_1549,135,3,Content Illustration
Leipzig_1549,136,1,Content Illustration
Leipzig_1549,137,1,Content Illustration
Leipzig_1549,138,1,Content Illustration
Leipzig_1549,138,2,Content Illustration
Leipzig_1549,138,3,Content Illustration
Leipzig_1549,139,1,Content Illustration
Leipzig_1549,140,1,Content Illustration
Leipzig_1549,22,1,Content Illustration
Leipzig_1549,23,1,Content Illustration
Leipzig_1549,24,1,Content Illustration
Leipzig_1549,25,1,Content Illustration
Leipzig_1549,25,2,Content Illustration
Leipzig_1549,26,1,Content Illustration
Leipzig_1549,27,1,Content Illustration
Leipzig_1549,27,2,Content Illustration
Leipzig_1549,28,1,Content Illustration
Leipzig_1549,29,1,Content Illustration
Leipzig_1549,29,2,Content Illustration
Leipzig_1549,29,3,Content Illustration
Leipzig_1549,29,4,Content Illustration
Leipzig_1549,30,1,Content Illustration
Leipzig_1549,30,2,Content Illustration
Leipzig_1549,31,1,Content Illustration
Leipzig_1549,31,2,Content Illustration
Leipzig_1549,32,1,Content Illustration
Leipzig_1549,34,1,Content Illustration
Leipzig_1549,35,1,Content Illustration
Leipzig_1549,36,1,Content Illustration
Leipzig_1549,36,2,Content Illustration
Leipzig_1549,36,3,Content Illustration
Leipzig_1549,37,1,Content Illustration
Leipzig_1549,38,1,Content Illustration
Leipzig_1549,38,2,Content Illustration
Leipzig_1549,39,1,Content Illustration
Leipzig_1549,39,2,Content Illustration
Leipzig_1549,39,3,Content Illustration
Leipzig_1549,3,1,Content Illustration
Leipzig_1549,40,1,Content Illustration
Leipzig_1549,40,2,Content Illustration
Leipzig_1549,40,3,Content Illustration
Leipzig_1549,41,1,Content Illustration
Leipzig_1549,41,2,Content Illustration
Leipzig_1549,41,3,Content Illustration
Leipzig_1549,42,1,Content Illustration
Leipzig_1549,42,2,Content Illustration
Leipzig_1549,42,3,Content Illustration
Leipzig_1549,43,1,Content Illustration
Leipzig_1549,43,2,Content Illustration
Leipzig_1549,43,3,Content Illustration
Leipzig_1549,44,1,Content Illustration
Leipzig_1549,45,1,Content Illustration
Leipzig_1549,45,2,Content Illustration
Leipzig_1549,46,1,Content Illustration
Leipzig_1549,46,2,Content Illustration
Leipzig_1549,47,1,Content Illustration
Leipzig_1549,47,2,Content Illustration
Leipzig_1549,48,1,Content Illustration
Leipzig_1549,48,2,Content Illustration
Leipzig_1549,49,1,Content Illustration
Leipzig_1549,49,2,Content Illustration
Leipzig_1549,49,3,Content Illustration
Leipzig_1549,50,1,Content Illustration
Leipzig_1549,50,2,Content Illustration
Leipzig_1549,51,1,Content Illustration
Leipzig_1549,51,2,Content Illustration
Leipzig_1549,51,3,Content Illustration
Leipzig_1549,52,1,Content Illustration
Leipzig_1549,52,2,Content Illustration
Leipzig_1549,52,3,Content Illustration
Leipzig_1549,53,1,Content Illustration
Leipzig_1549,53,2,Content Illustration
Leipzig_1549,54,1,Content Illustration
Leipzig_1549,54,2,Content Illustration
Leipzig_1549,54,3,Content Illustration
Leipzig_1549,55,1,Content Illustration
Leipzig_1549,56,1,Content Illustration
Leipzig_1549,57,1,Content Illustration
Leipzig_1549,57,2,Content Illustration
Leipzig_1549,58,1,Content Illustration
Leipzig_1549,58,2,Content Illustration
Leipzig_1549,59,1,Content Illustration
Leipzig_1549,60,1,Content Illustration
Leipzig_1549,61,1,Content Illustration
Leipzig_1549,61,2,Content Illustration
Leipzig_1549,62,1,Content Illustration
Leipzig_1549,62,2,Content Illustration
Leipzig_1549,63,1,Content Illustration
Leipzig_1549,64,1,Content Illustration
Leipzig_1549,64,2,Content Illustration
Leipzig_1549,65,1,Content Illustration
Leipzig_1549,66,1,Content Illustration
Leipzig_1549,67,1,Content Illustration
Leipzig_1549,68,1,Content Illustration
Leipzig_1549,69,1,Content Illustration
Leipzig_1549,6,1,Content Illustration
Leipzig_1549,70,1,Content Illustration
Leipzig_1549,70,2,Content Illustration
Leipzig_1549,71,1,Content Illustration
Leipzig_1549,71,2,Content Illustration
Leipzig_1549,71,3,Content Illustration
Leipzig_1549,72,1,Content Illustration
Leipzig_1549,72,2,Content Illustration
Leipzig_1549,73,1,Content Illustration
Leipzig_1549,74,1,Content Illustration
Leipzig_1549,75,1,Content Illustration
Leipzig_1549,75,2,Content Illustration
Leipzig_1549,76,1,Content Illustration
Leipzig_1549,76,2,Content Illustration
Leipzig_1549,76,3,Content Illustration
Leipzig_1549,77,1,Content Illustration
Leipzig_1549,77,2,Content Illustration
Leipzig_1549,78,1,Content Illustration
Leipzig_1549,78,2,Content Illustration
Leipzig_1549,79,1,Content Illustration
Leipzig_1549,79,2,Content Illustration
Leipzig_1549,80,1,Content Illustration
Leipzig_1549,80,2,Content Illustration
Leipzig_1549,80,3,Content Illustration
Leipzig_1549,81,1,Content Illustration
Leipzig_1549,81,2,Content Illustration
Leipzig_1549,81,3,Content Illustration
Leipzig_1549,81,4,Content Illustration
Leipzig_1549,82,1,Content Illustration
Leipzig_1549,82,2,Content Illustration
Leipzig_1549,82,3,Content Illustration
Leipzig_1549,83,1,Content Illustration
Leipzig_1549,83,2,Content Illustration
Leipzig_1549,84,1,Content Illustration
Leipzig_1549,85,1,Content Illustration
Leipzig_1549,85,2,Content Illustration
Leipzig_1549,85,3,Content Illustration
Leipzig_1549,85,4,Content Illustration
Leipzig_1549,86,1,Content Illustration
Leipzig_1549,87,1,Content Illustration
Leipzig_1549,88,1,Content Illustration
Leipzig_1549,90,1,Content Illustration
Leipzig_1549,91,1,Content Illustration
Leipzig_1549,91,2,Content Illustration
Leipzig_1549,91,3,Content Illustration
Leipzig_1549,92,1,Content Illustration
Leipzig_1549,92,2,Content Illustration
Leipzig_1549,93,1,Content Illustration
Leipzig_1549,94,1,Content Illustration
Leipzig_1549,94,2,Content Illustration
Leipzig_1549,94,3,Content Illustration
Leipzig_1549,94,4,Content Illustration
Leipzig_1549,95,1,Content Illustration
Leipzig_1549,95,2,Content Illustration
Leipzig_1549,95,3,Content Illustration
Leipzig_1549,96,1,Content Illustration
Leipzig_1549,96,2,Content Illustration
Leipzig_1549,97,1,Content Illustration
Paris_1549,113,1,Content Illustration
Basel_1550,100,1,Content Illustration
Basel_1550,100,2,Content Illustration
Basel_1550,101,1,Content Illustration
Basel_1550,101,2,Content Illustration
Basel_1550,102,1,Content Illustration
Basel_1550,102,2,Content Illustration
Basel_1550,102,3,Content Illustration
Basel_1550,102,4,Content Illustration
Basel_1550,103,1,Content Illustration
Basel_1550,103,2,Content Illustration
Basel_1550,103,3,Content Illustration
Basel_1550,104,1,Content Illustration
Basel_1550,104,2,Content Illustration
Basel_1550,104,3,Content Illustration
Basel_1550,105,1,Content Illustration
Basel_1550,105,2,Content Illustration
Basel_1550,106,1,Content Illustration
Basel_1550,106,2,Content Illustration
Basel_1550,106,3,Content Illustration
Basel_1550,106,4,Content Illustration
Basel_1550,107,1,Content Illustration
Basel_1550,107,2,Content Illustration
Basel_1550,108,1,Content Illustration
Basel_1550,108,2,Content Illustration
Basel_1550,108,3,Content Illustration
Basel_1550,108,4,Content Illustration
Basel_1550,108,5,Content Illustration
Basel_1550,108,6,Content Illustration
Basel_1550,108,7,Content Illustration
Basel_1550,109,1,Content Illustration
Basel_1550,109,2,Content Illustration
Basel_1550,109,3,Content Illustration
Basel_1550,110,1,Content Illustration
Basel_1550,110,2,Content Illustration
Basel_1550,110,3,Content Illustration
Basel_1550,110,4,Content Illustration
Basel_1550,110,5,Content Illustration
Basel_1550,110,6,Content Illustration
Basel_1550,111,1,Content Illustration
Basel_1550,111,2,Content Illustration
Basel_1550,111,3,Content Illustration
Basel_1550,111,4,Content Illustration
Basel_1550,112,1,Content Illustration
Basel_1550,112,2,Content Illustration
Basel_1550,112,3,Content Illustration
Basel_1550,113,1,Content Illustration
Basel_1550,113,2,Content Illustration
Basel_1550,113,3,Content Illustration
Basel_1550,114,1,Content Illustration
Basel_1550,114,2,Content Illustration
Basel_1550,115,1,Content Illustration
Basel_1550,115,2,Content Illustration
Basel_1550,116,1,Content Illustration
Basel_1550,117,1,Content Illustration
Basel_1550,117,2,Content Illustration
Basel_1550,117,3,Content Illustration
Basel_1550,117,4,Content Illustration
Basel_1550,117,5,Content Illustration
Basel_1550,118,1,Content Illustration
Basel_1550,118,2,Content Illustration
Basel_1550,118,3,Content Illustration
Basel_1550,119,1,Content Illustration
Basel_1550,119,2,Content Illustration
Basel_1550,120,1,Content Illustration
Basel_1550,120,2,Content Illustration
Basel_1550,121,1,Content Illustration
Basel_1550,122,1,Content Illustration
Basel_1550,123,1,Content Illustration
Basel_1550,123,10,Content Illustration
Basel_1550,123,11,Content Illustration
Basel_1550,123,2,Content Illustration
Basel_1550,123,3,Content Illustration
Basel_1550,123,4,Content Illustration
Basel_1550,123,5,Content Illustration
Basel_1550,123,6,Content Illustration
Basel_1550,123,7,Content Illustration
Basel_1550,123,8,Content Illustration
Basel_1550,123,9,Content Illustration
Basel_1550,124,1,Content Illustration
Basel_1550,124,2,Content Illustration
Basel_1550,124,3,Content Illustration
Basel_1550,124,4,Content Illustration
Basel_1550,124,5,Content Illustration
Basel_1550,124,6,Content Illustration
Basel_1550,124,7,Content Illustration
Basel_1550,125,1,Content Illustration
Basel_1550,125,2,Content Illustration
Basel_1550,130,1,Content Illustration
Basel_1550,130,2,Content Illustration
Basel_1550,130,3,Content Illustration
Basel_1550,131,1,Content Illustration
Basel_1550,131,2,Content Illustration
Basel_1550,132,1,Content Illustration
Basel_1550,132,2,Content Illustration
Basel_1550,133,1,Content Illustration
Basel_1550,133,2,Content Illustration
Basel_1550,134,1,Content Illustration
Basel_1550,134,2,Content Illustration
Basel_1550,134,3,Content Illustration
Basel_1550,135,1,Content Illustration
Basel_1550,135,2,Content Illustration
Basel_1550,135,3,Content Illustration
Basel_1550,136,1,Content Illustration
Basel_1550,138,1,Content Illustration
Basel_1550,138,2,Content Illustration
Basel_1550,138,3,Content Illustration
Basel_1550,140,1,Content Illustration
Basel_1550,140,2,Content Illustration
Basel_1550,140,3,Content Illustration
Basel_1550,140,4,Content Illustration
Basel_1550,141,1,Content Illustration
Basel_1550,141,2,Content Illustration
Basel_1550,141,3,Content Illustration
Basel_1550,142,1,Content Illustration
Basel_1550,142,2,Content Illustration
Basel_1550,142,3,Content Illustration
Basel_1550,142,4,Content Illustration
Basel_1550,142,5,Content Illustration
Basel_1550,143,1,Content Illustration
Basel_1550,143,2,Content Illustration
Basel_1550,143,3,Content Illustration
Basel_1550,143,4,Content Illustration
Basel_1550,144,1,Content Illustration
Basel_1550,144,2,Content Illustration
Basel_1550,144,3,Content Illustration
Basel_1550,144,4,Content Illustration
Basel_1550,144,5,Content Illustration
Basel_1550,144,6,Content Illustration
Basel_1550,144,7,Content Illustration
Basel_1550,145,1,Content Illustration
Basel_1550,145,2,Content Illustration
Basel_1550,145,3,Content Illustration
Basel_1550,145,4,Content Illustration
Basel_1550,145,5,Content Illustration
Basel_1550,145,6,Content Illustration
Basel_1550,145,7,Content Illustration
Basel_1550,146,1,Content Illustration
Basel_1550,146,2,Content Illustration
Basel_1550,146,3,Content Illustration
Basel_1550,146,4,Content Illustration
Basel_1550,146,5,Content Illustration
Basel_1550,146,6,Content Illustration
Basel_1550,146,7,Content Illustration
Basel_1550,147,1,Content Illustration
Basel_1550,147,2,Content Illustration
Basel_1550,147,3,Content Illustration
Basel_1550,147,4,Content Illustration
Basel_1550,147,5,Content Illustration
Basel_1550,147,6,Content Illustration
Basel_1550,147,7,Content Illustration
Basel_1550,148,1,Content Illustration
Basel_1550,148,2,Content Illustration
Basel_1550,150,1,Content Illustration
Basel_1550,151,1,Content Illustration
Basel_1550,151,2,Content Illustration
Basel_1550,152,1,Content Illustration
Basel_1550,152,2,Content Illustration
Basel_1550,153,1,Content Illustration
Basel_1550,153,2,Content Illustration
Basel_1550,153,3,Content Illustration
Basel_1550,155,1,Content Illustration
Basel_1550,157,1,Content Illustration
Basel_1550,157,2,Content Illustration
Basel_1550,157,3,Content Illustration
Basel_1550,158,1,Content Illustration
Basel_1550,160,1,Content Illustration
Basel_1550,161,1,Content Illustration
Basel_1550,161,2,Content Illustration
Basel_1550,161,3,Content Illustration
Basel_1550,162,1,Content Illustration
Basel_1550,162,2,Content Illustration
Basel_1550,162,3,Content Illustration
Basel_1550,162,4,Content Illustration
Basel_1550,163,1,Content Illustration
Basel_1550,163,2,Content Illustration
Basel_1550,163,3,Content Illustration
Basel_1550,163,4,Content Illustration
Basel_1550,163,5,Content Illustration
Basel_1550,164,1,Content Illustration
Basel_1550,164,2,Content Illustration
Basel_1550,165,1,Content Illustration
Basel_1550,168,1,Content Illustration
Basel_1550,169,1,Content Illustration
Basel_1550,170,1,Content Illustration
Basel_1550,171,1,Content Illustration
Basel_1550,171,2,Content Illustration
Basel_1550,172,1,Content Illustration
Basel_1550,173,1,Content Illustration
Basel_1550,174,1,Content Illustration
Basel_1550,174,2,Content Illustration
Basel_1550,174,3,Content Illustration
Basel_1550,174,4,Content Illustration
Basel_1550,175,1,Content Illustration
Basel_1550,176,1,Content Illustration
Basel_1550,176,2,Content Illustration
Basel_1550,176,3,Content Illustration
Basel_1550,177,1,Content Illustration
Basel_1550,177,2,Content Illustration
Basel_1550,177,3,Content Illustration
Basel_1550,178,1,Content Illustration
Basel_1550,178,2,Content Illustration
Basel_1550,179,1,Content Illustration
Basel_1550,179,2,Content Illustration
Basel_1550,181,1,Content Illustration
Basel_1550,181,2,Content Illustration
Basel_1550,181,3,Content Illustration
Basel_1550,181,4,Content Illustration
Basel_1550,181,5,Content Illustration
Basel_1550,182,1,Content Illustration
Basel_1550,182,2,Content Illustration
Basel_1550,182,3,Content Illustration
Basel_1550,182,4,Content Illustration
Basel_1550,182,5,Content Illustration
Basel_1550,182,6,Content Illustration
Basel_1550,182,7,Content Illustration
Basel_1550,182,8,Content Illustration
Basel_1550,183,1,Content Illustration
Basel_1550,183,2,Content Illustration
Basel_1550,184,1,Content Illustration
Basel_1550,184,2,Content Illustration
Basel_1550,185,1,Content Illustration
Basel_1550,185,2,Content Illustration
Basel_1550,185,3,Content Illustration
Basel_1550,186,1,Content Illustration
Basel_1550,186,2,Content Illustration
Basel_1550,187,1,Content Illustration
Basel_1550,187,2,Content Illustration
Basel_1550,187,3,Content Illustration
Basel_1550,188,1,Content Illustration
Basel_1550,189,1,Content Illustration
Basel_1550,190,1,Content Illustration
Basel_1550,190,2,Content Illustration
Basel_1550,190,3,Content Illustration
Basel_1550,190,4,Content Illustration
Basel_1550,190,5,Content Illustration
Basel_1550,191,1,Content Illustration
Basel_1550,191,2,Content Illustration
Basel_1550,192,1,Content Illustration
Basel_1550,192,2,Content Illustration
Basel_1550,193,1,Content Illustration
Basel_1550,193,2,Content Illustration
Basel_1550,193,3,Content Illustration
Basel_1550,194,1,Content Illustration
Basel_1550,194,2,Content Illustration
Basel_1550,194,3,Content Illustration
Basel_1550,194,4,Content Illustration
Basel_1550,194,5,Content Illustration
Basel_1550,195,1,Content Illustration
Basel_1550,195,2,Content Illustration
Basel_1550,195,3,Content Illustration
Basel_1550,196,1,Content Illustration
Basel_1550,197,1,Content Illustration
Basel_1550,197,2,Content Illustration
Basel_1550,197,3,Content Illustration
Basel_1550,197,4,Content Illustration
Basel_1550,198,1,Content Illustration
Basel_1550,198,2,Content Illustration
Basel_1550,198,3,Content Illustration
Basel_1550,199,1,Content Illustration
Basel_1550,200,1,Content Illustration
Basel_1550,201,1,Content Illustration
Basel_1550,201,2,Content Illustration
Basel_1550,201,3,Content Illustration
Basel_1550,202,1,Content Illustration
Basel_1550,202,2,Content Illustration
Basel_1550,202,3,Content Illustration
Basel_1550,203,1,Content Illustration
Basel_1550,203,2,Content Illustration
Basel_1550,203,3,Content Illustration
Basel_1550,204,1,Content Illustration
Basel_1550,204,2,Content Illustration
Basel_1550,204,3,Content Illustration
Basel_1550,204,4,Content Illustration
Basel_1550,204,5,Content Illustration
Basel_1550,205,1,Content Illustration
Basel_1550,205,2,Content Illustration
Basel_1550,205,3,Content Illustration
Basel_1550,205,4,Content Illustration
Basel_1550,205,5,Content Illustration
Basel_1550,205,6,Content Illustration
Basel_1550,206,1,Content Illustration
Basel_1550,206,2,Content Illustration
Basel_1550,206,3,Content Illustration
Basel_1550,207,1,Content Illustration
Basel_1550,207,2,Content Illustration
Basel_1550,208,1,Content Illustration
Basel_1550,208,2,Content Illustration
Basel_1550,208,3,Content Illustration
Basel_1550,209,1,Content Illustration
Basel_1550,210,1,Content Illustration
Basel_1550,210,2,Content Illustration
Basel_1550,211,1,Content Illustration
Basel_1550,211,2,Content Illustration
Basel_1550,212,1,Content Illustration
Basel_1550,212,2,Content Illustration
Basel_1550,213,1,Content Illustration
Basel_1550,213,2,Content Illustration
Basel_1550,213,3,Content Illustration
Basel_1550,214,1,Content Illustration
Basel_1550,215,1,Content Illustration
Basel_1550,215,2,Content Illustration
Basel_1550,216,1,Content Illustration
Basel_1550,217,1,Content Illustration
Basel_1550,217,2,Content Illustration
Basel_1550,217,3,Content Illustration
Basel_1550,218,1,Content Illustration
Basel_1550,218,2,Content Illustration
Basel_1550,218,3,Content Illustration
Basel_1550,219,1,Content Illustration
Basel_1550,219,2,Content Illustration
Basel_1550,220,1,Content Illustration
Basel_1550,220,2,Content Illustration
Basel_1550,221,1,Content Illustration
Basel_1550,221,2,Content Illustration
Basel_1550,221,3,Content Illustration
Basel_1550,222,1,Content Illustration
Basel_1550,222,2,Content Illustration
Basel_1550,222,3,Content Illustration
Basel_1550,223,1,Content Illustration
Basel_1550,223,2,Content Illustration
Basel_1550,224,1,Content Illustration
Basel_1550,224,2,Content Illustration
Basel_1550,224,3,Content Illustration
Basel_1550,225,1,Content Illustration
Basel_1550,225,2,Content Illustration
Basel_1550,226,1,Content Illustration
Basel_1550,227,1,Content Illustration
Basel_1550,227,2,Content Illustration
Basel_1550,227,3,Content Illustration
Basel_1550,227,4,Content Illustration
Basel_1550,227,5,Content Illustration
Basel_1550,228,1,Content Illustration
Basel_1550,228,2,Content Illustration
Basel_1550,228,3,Content Illustration
Basel_1550,229,1,Content Illustration
Basel_1550,230,1,Content Illustration
Basel_1550,231,1,Content Illustration
Basel_1550,231,2,Content Illustration
Basel_1550,232,1,Content Illustration
Basel_1550,233,1,Content Illustration
Basel_1550,233,2,Content Illustration
Basel_1550,234,1,Content Illustration
Basel_1550,234,2,Content Illustration
Basel_1550,235,1,Content Illustration
Basel_1550,235,2,Content Illustration
Basel_1550,235,3,Content Illustration
Basel_1550,236,1,Content Illustration
Basel_1550,237,1,Content Illustration
Basel_1550,237,2,Content Illustration
Basel_1550,238,1,Content Illustration
Basel_1550,239,1,Content Illustration
Basel_1550,241,1,Content Illustration
Basel_1550,245,1,Content Illustration
Basel_1550,245,2,Content Illustration
Basel_1550,245,3,Content Illustration
Basel_1550,245,4,Content Illustration
Basel_1550,245,5,Content Illustration
Basel_1550,246,1,Content Illustration
Basel_1550,246,2,Content Illustration
Basel_1550,246,3,Content Illustration
Basel_1550,246,4,Content Illustration
Basel_1550,246,5,Content Illustration
Basel_1550,247,1,Content Illustration
Basel_1550,247,2,Content Illustration
Basel_1550,247,3,Content Illustration
Basel_1550,248,1,Content Illustration
Basel_1550,248,2,Content Illustration
Basel_1550,250,1,Content Illustration
Basel_1550,251,1,Content Illustration
Basel_1550,251,2,Content Illustration
Basel_1550,252,1,Content Illustration
Basel_1550,254,1,Content Illustration
Basel_1550,255,1,Content Illustration
Basel_1550,255,2,Content Illustration
Basel_1550,255,3,Content Illustration
Basel_1550,257,1,Content Illustration
Basel_1550,259,1,Content Illustration
Basel_1550,260,1,Content Illustration
Basel_1550,262,1,Content Illustration
Basel_1550,264,1,Content Illustration
Basel_1550,265,1,Content Illustration
Basel_1550,266,1,Content Illustration
Basel_1550,269,1,Content Illustration
Basel_1550,270,1,Content Illustration
Basel_1550,271,1,Content Illustration
Basel_1550,271,2,Content Illustration
Basel_1550,271,3,Content Illustration
Basel_1550,271,4,Content Illustration
Basel_1550,272,1,Content Illustration
Basel_1550,273,1,Content Illustration
Basel_1550,274,1,Content Illustration
Basel_1550,275,1,Content Illustration
Basel_1550,277,1,Content Illustration
Basel_1550,278,1,Content Illustration
Basel_1550,278,2,Content Illustration
Basel_1550,278,3,Content Illustration
Basel_1550,278,4,Content Illustration
Basel_1550,280,1,Content Illustration
Basel_1550,281,1,Content Illustration
Basel_1550,282,1,Content Illustration
Basel_1550,283,1,Content Illustration
Basel_1550,283,2,Content Illustration
Basel_1550,284,1,Content Illustration
Basel_1550,285,1,Content Illustration
Basel_1550,285,2,Content Illustration
Basel_1550,285,3,Content Illustration
Basel_1550,285,4,Content Illustration
Basel_1550,285,5,Content Illustration
Basel_1550,285,6,Content Illustration
Basel_1550,285,7,Content Illustration
Basel_1550,286,1,Content Illustration
Basel_1550,286,2,Content Illustration
Basel_1550,286,3,Content Illustration
Basel_1550,286,4,Content Illustration
Basel_1550,286,5,Content Illustration
Basel_1550,286,6,Content Illustration
Basel_1550,286,7,Content Illustration
Basel_1550,287,1,Content Illustration
Basel_1550,288,1,Content Illustration
Basel_1550,288,2,Content Illustration
Basel_1550,289,1,Content Illustration
Basel_1550,289,2,Content Illustration
Basel_1550,289,3,Content Illustration
Basel_1550,290,1,Content Illustration
Basel_1550,291,1,Content Illustration
Basel_1550,292,1,Content Illustration
Basel_1550,293,1,Content Illustration
Basel_1550,294,1,Content Illustration
Basel_1550,294,2,Content Illustration
Basel_1550,294,3,Content Illustration
Basel_1550,295,1,Content Illustration
Basel_1550,295,2,Content Illustration
Basel_1550,295,3,Content Illustration
Basel_1550,295,4,Content Illustration
Basel_1550,296,1,Content Illustration
Basel_1550,296,2,Content Illustration
Basel_1550,297,1,Content Illustration
Basel_1550,297,2,Content Illustration
Basel_1550,297,3,Content Illustration
Basel_1550,297,4,Content Illustration
Basel_1550,298,1,Content Illustration
Basel_1550,298,2,Content Illustration
Basel_1550,298,3,Content Illustration
Basel_1550,299,1,Content Illustration
Basel_1550,299,2,Content Illustration
Basel_1550,29,1,Content Illustration
Basel_1550,300,1,Content Illustration
Basel_1550,300,2,Content Illustration
Basel_1550,301,1,Content Illustration
Basel_1550,301,2,Content Illustration
Basel_1550,301,3,Content Illustration
Basel_1550,302,1,Content Illustration
Basel_1550,302,2,Content Illustration
Basel_1550,302,3,Content Illustration
Basel_1550,303,1,Content Illustration
Basel_1550,303,2,Content Illustration
Basel_1550,304,1,Content Illustration
Basel_1550,304,2,Content Illustration
Basel_1550,304,3,Content Illustration
Basel_1550,304,4,Content Illustration
Basel_1550,304,5,Content Illustration
Basel_1550,304,6,Content Illustration
Basel_1550,305,1,Content Illustration
Basel_1550,306,1,Content Illustration
Basel_1550,307,1,Content Illustration
Basel_1550,307,2,Content Illustration
Basel_1550,307,3,Content Illustration
Basel_1550,308,1,Content Illustration
Basel_1550,309,1,Content Illustration
Basel_1550,30,1,Content Illustration
Basel_1550,30,2,Content Illustration
Basel_1550,310,1,Content Illustration
Basel_1550,310,2,Content Illustration
Basel_1550,310,3,Content Illustration
Basel_1550,311,1,Content Illustration
Basel_1550,311,2,Content Illustration
Basel_1550,312,1,Content Illustration
Basel_1550,312,2,Content Illustration
Basel_1550,312,3,Content Illustration
Basel_1550,312,4,Content Illustration
Basel_1550,313,1,Content Illustration
Basel_1550,313,2,Content Illustration
Basel_1550,313,3,Content Illustration
Basel_1550,314,1,Content Illustration
Basel_1550,314,2,Content Illustration
Basel_1550,314,3,Content Illustration
Basel_1550,315,1,Content Illustration
Basel_1550,315,2,Content Illustration
Basel_1550,315,3,Content Illustration
Basel_1550,316,1,Content Illustration
Basel_1550,316,2,Content Illustration
Basel_1550,317,1,Content Illustration
Basel_1550,317,2,Content Illustration
Basel_1550,317,3,Content Illustration
Basel_1550,317,4,Content Illustration
Basel_1550,317,5,Content Illustration
Basel_1550,317,6,Content Illustration
Basel_1550,318,1,Content Illustration
Basel_1550,318,2,Content Illustration
Basel_1550,319,1,Content Illustration
Basel_1550,319,2,Content Illustration
Basel_1550,320,1,Content Illustration
Basel_1550,320,2,Content Illustration
Basel_1550,321,1,Content Illustration
Basel_1550,322,1,Content Illustration
Basel_1550,322,2,Content Illustration
Basel_1550,322,3,Content Illustration
Basel_1550,322,4,Content Illustration
Basel_1550,322,5,Content Illustration
Basel_1550,323,1,Content Illustration
Basel_1550,324,1,Content Illustration
Basel_1550,324,2,Content Illustration
Basel_1550,324,3,Content Illustration
Basel_1550,324,4,Content Illustration
Basel_1550,324,5,Content Illustration
Basel_1550,325,1,Content Illustration
Basel_1550,325,2,Content Illustration
Basel_1550,325,3,Content Illustration
Basel_1550,325,4,Content Illustration
Basel_1550,328,1,Content Illustration
Basel_1550,329,1,Content Illustration
Basel_1550,329,2,Content Illustration
Basel_1550,330,1,Content Illustration
Basel_1550,331,1,Content Illustration
Basel_1550,337,1,Content Illustration
Basel_1550,338,1,Content Illustration
Basel_1550,3,1,Content Illustration
Basel_1550,41,1,Content Illustration
Basel_1550,4,1,Content Illustration
Basel_1550,71,1,Content Illustration
Basel_1550,72,1,Content Illustration
Basel_1550,92,1,Content Illustration
Basel_1550,92,2,Content Illustration
Basel_1550,92,3,Content Illustration
Basel_1550,93,1,Content Illustration
Basel_1550,93,2,Content Illustration
Basel_1550,94,1,Content Illustration
Basel_1550,94,2,Content Illustration
Basel_1550,94,3,Content Illustration
Basel_1550,94,4,Content Illustration
Basel_1550,94,5,Content Illustration
Basel_1550,94,6,Content Illustration
Basel_1550,94,7,Content Illustration
Basel_1550,95,1,Content Illustration
Basel_1550,95,10,Content Illustration
Basel_1550,95,11,Content Illustration
Basel_1550,95,2,Content Illustration
Basel_1550,95,3,Content Illustration
Basel_1550,95,4,Content Illustration
Basel_1550,95,5,Content Illustration
Basel_1550,95,6,Content Illustration
Basel_1550,95,7,Content Illustration
Basel_1550,95,8,Content Illustration
Basel_1550,95,9,Content Illustration
Basel_1550,96,1,Content Illustration
Basel_1550,96,2,Content Illustration
Basel_1550,96,3,Content Illustration
Basel_1550,96,4,Content Illustration
Basel_1550,96,5,Content Illustration
Basel_1550,96,6,Content Illustration
Basel_1550,97,1,Content Illustration
Basel_1550,98,1,Content Illustration
Basel_1550,98,2,Content Illustration
Basel_1550,98,3,Content Illustration
Basel_1550,99,1,Content Illustration
Basel_1550,99,2,Content Illustration
Basel_1550,99,3,Content Illustration
Paris_1551a,100,1,Content Illustration
Paris_1551a,101,1,Content Illustration
Paris_1551a,105,1,Content Illustration
Paris_1551a,109,1,Content Illustration
Paris_1551a,111,1,Content Illustration
Paris_1551a,113,1,Content Illustration
Paris_1551a,114,1,Content Illustration
Paris_1551a,115,1,Content Illustration
Paris_1551a,116,1,Content Illustration
Paris_1551a,117,1,Content Illustration
Paris_1551a,118,1,Content Illustration
Paris_1551a,119,1,Content Illustration
Paris_1551a,122,1,Content Illustration
Paris_1551a,123,1,Content Illustration
Paris_1551a,124,1,Content Illustration
Paris_1551a,126,1,Content Illustration
Paris_1551a,127,1,Content Illustration
Paris_1551a,128,1,Content Illustration
Paris_1551a,129,1,Content Illustration
Paris_1551a,131,1,Content Illustration
Paris_1551a,132,1,Content Illustration
Paris_1551a,132,2,Content Illustration
Paris_1551a,133,1,Content Illustration
Paris_1551a,134,1,Content Illustration
Paris_1551a,135,1,Content Illustration
Paris_1551a,137,1,Content Illustration
Paris_1551a,140,1,Content Illustration
Paris_1551a,141,1,Content Illustration
Paris_1551a,141,2,Content Illustration
Paris_1551a,143,1,Content Illustration
Paris_1551a,143,2,Content Illustration
Paris_1551a,144,1,Content Illustration
Paris_1551a,144,2,Content Illustration
Paris_1551a,145,1,Content Illustration
Paris_1551a,145,2,Content Illustration
Paris_1551a,146,1,Content Illustration
Paris_1551a,148,1,Content Illustration
Paris_1551a,149,1,Content Illustration
Paris_1551a,150,1,Content Illustration
Paris_1551a,152,1,Content Illustration
Paris_1551a,153,1,Content Illustration
Paris_1551a,154,1,Content Illustration
Paris_1551a,155,1,Content Illustration
Paris_1551a,156,1,Content Illustration
Paris_1551a,156,2,Content Illustration
Paris_1551a,157,1,Content Illustration
Paris_1551a,158,1,Content Illustration
Paris_1551a,159,1,Content Illustration
Paris_1551a,161,1,Content Illustration
Paris_1551a,163,1,Content Illustration
Paris_1551a,164,1,Content Illustration
Paris_1551a,164,2,Content Illustration
Paris_1551a,165,1,Content Illustration
Paris_1551a,167,1,Content Illustration
Paris_1551a,169,1,Content Illustration
Paris_1551a,170,1,Content Illustration
Paris_1551a,171,1,Content Illustration
Paris_1551a,171,2,Content Illustration
Paris_1551a,172,1,Content Illustration
Paris_1551a,173,1,Content Illustration
Paris_1551a,175,1,Content Illustration
Paris_1551a,176,1,Content Illustration
Paris_1551a,177,1,Content Illustration
Paris_1551a,178,1,Content Illustration
Paris_1551a,179,1,Content Illustration
Paris_1551a,181,1,Content Illustration
Paris_1551a,181,2,Content Illustration
Paris_1551a,183,1,Content Illustration
Paris_1551a,184,1,Content Illustration
Paris_1551a,185,1,Content Illustration
Paris_1551a,189,1,Content Illustration
Paris_1551a,202,1,Content Illustration
Paris_1551a,203,1,Content Illustration
Paris_1551a,204,1,Content Illustration
Paris_1551a,205,1,Content Illustration
Paris_1551a,205,2,Content Illustration
Paris_1551a,207,1,Content Illustration
Paris_1551a,208,1,Content Illustration
Paris_1551a,209,1,Content Illustration
Paris_1551a,209,2,Content Illustration
Paris_1551a,211,1,Content Illustration
Paris_1551a,211,2,Content Illustration
Paris_1551a,212,1,Content Illustration
Paris_1551a,212,2,Content Illustration
Paris_1551a,213,1,Content Illustration
Paris_1551a,213,2,Content Illustration
Paris_1551a,213,3,Content Illustration
Paris_1551a,214,1,Content Illustration
Paris_1551a,215,1,Content Illustration
Paris_1551a,215,2,Content Illustration
Paris_1551a,216,1,Content Illustration
Paris_1551a,217,1,Content Illustration
Paris_1551a,217,2,Content Illustration
Paris_1551a,219,1,Content Illustration
Paris_1551a,220,1,Content Illustration
Paris_1551a,221,1,Content Illustration
Paris_1551a,222,1,Content Illustration
Paris_1551a,223,1,Content Illustration
Paris_1551a,223,2,Content Illustration
Paris_1551a,224,1,Content Illustration
Paris_1551a,225,1,Content Illustration
Paris_1551a,226,1,Content Illustration
Paris_1551a,227,1,Content Illustration
Paris_1551a,228,1,Content Illustration
Paris_1551a,229,1,Content Illustration
Paris_1551a,230,1,Content Illustration
Paris_1551a,231,1,Content Illustration
Paris_1551a,232,1,Content Illustration
Paris_1551a,233,1,Content Illustration
Paris_1551a,235,1,Content Illustration
Paris_1551a,236,1,Content Illustration
Paris_1551a,237,1,Content Illustration
Paris_1551a,238,1,Content Illustration
Paris_1551a,238,2,Content Illustration
Paris_1551a,239,1,Content Illustration
Paris_1551a,241,1,Content Illustration
Paris_1551a,243,1,Content Illustration
Paris_1551a,244,1,Content Illustration
Paris_1551a,245,1,Content Illustration
Paris_1551a,245,2,Content Illustration
Paris_1551a,246,1,Content Illustration
Paris_1551a,247,1,Content Illustration
Paris_1551a,248,1,Content Illustration
Paris_1551a,249,1,Content Illustration
Paris_1551a,251,1,Content Illustration
Paris_1551a,252,1,Content Illustration
Paris_1551a,253,1,Content Illustration
Paris_1551a,254,1,Content Illustration
Paris_1551a,255,1,Content Illustration
Paris_1551a,255,2,Content Illustration
Paris_1551a,256,1,Content Illustration
Paris_1551a,257,1,Content Illustration
Paris_1551a,260,1,Content Illustration
Paris_1551a,261,1,Content Illustration
Paris_1551a,262,1,Content Illustration
Paris_1551a,263,1,Content Illustration
Paris_1551a,264,1,Content Illustration
Paris_1551a,265,1,Content Illustration
Paris_1551a,265,2,Content Illustration
Paris_1551a,266,1,Content Illustration
Paris_1551a,267,1,Content Illustration
Paris_1551a,270,1,Content Illustration
Paris_1551a,271,1,Content Illustration
Paris_1551a,271,2,Content Illustration
Paris_1551a,273,1,Content Illustration
Paris_1551a,275,1,Content Illustration
Paris_1551a,277,1,Content Illustration
Paris_1551a,278,1,Content Illustration
Paris_1551a,279,1,Content Illustration
Paris_1551a,280,1,Content Illustration
Paris_1551a,281,1,Content Illustration
Paris_1551a,282,1,Content Illustration
Paris_1551a,283,1,Content Illustration
Paris_1551a,285,1,Content Illustration
Paris_1551a,286,1,Content Illustration
Paris_1551a,287,1,Content Illustration
Paris_1551a,287,2,Content Illustration
Paris_1551a,288,1,Content Illustration
Paris_1551a,289,1,Content Illustration
Paris_1551a,290,1,Content Illustration
Paris_1551a,290,2,Content Illustration
Paris_1551a,291,1,Content Illustration
Paris_1551a,291,2,Content Illustration
Paris_1551a,293,1,Content Illustration
Paris_1551a,295,1,Content Illustration
Paris_1551a,297,1,Content Illustration
Paris_1551a,298,1,Content Illustration
Paris_1551a,299,1,Content Illustration
Paris_1551a,300,1,Content Illustration
Paris_1551a,302,1,Content Illustration
Paris_1551a,302,2,Content Illustration
Paris_1551a,303,1,Content Illustration
Paris_1551a,305,1,Content Illustration
Paris_1551a,307,1,Content Illustration
Paris_1551a,308,1,Content Illustration
Paris_1551a,309,1,Content Illustration
Paris_1551a,310,1,Content Illustration
Paris_1551a,312,1,Content Illustration
Paris_1551a,312,2,Content Illustration
Paris_1551a,313,1,Content Illustration
Paris_1551a,314,1,Content Illustration
Paris_1551a,315,1,Content Illustration
Paris_1551a,316,1,Content Illustration
Paris_1551a,317,1,Content Illustration
Paris_1551a,317,2,Content Illustration
Paris_1551a,318,1,Content Illustration
Paris_1551a,319,1,Content Illustration
Paris_1551a,320,1,Content Illustration
Paris_1551a,321,1,Content Illustration
Paris_1551a,322,1,Content Illustration
Paris_1551a,323,1,Content Illustration
Paris_1551a,326,1,Content Illustration
Paris_1551a,329,1,Content Illustration
Paris_1551a,332,1,Content Illustration
Paris_1551a,335,1,Content Illustration
Paris_1551a,335,2,Content Illustration
Paris_1551a,337,1,Content Illustration
Paris_1551a,338,1,Content Illustration
Paris_1551a,339,1,Content Illustration
Paris_1551a,348,1,Content Illustration
Paris_1551a,46,1,Content Illustration
Paris_1551a,47,1,Content Illustration
Paris_1551a,58,1,Content Illustration
Paris_1551a,59,1,Content Illustration
Paris_1551a,66,1,Content Illustration
Paris_1551a,69,1,Content Illustration
Paris_1551a,71,1,Content Illustration
Paris_1551a,72,1,Content Illustration
Paris_1551a,76,1,Content Illustration
Paris_1551a,77,1,Content Illustration
Paris_1551a,79,1,Content Illustration
Paris_1551a,83,1,Content Illustration
Paris_1551a,84,1,Content Illustration
Paris_1551a,88,1,Content Illustration
Paris_1551a,90,1,Content Illustration
Paris_1551a,91,1,Content Illustration
Paris_1551a,92,1,Content Illustration
Paris_1551a,95,1,Content Illustration
Paris_1551a,96,1,Content Illustration
Augsburg_1555,103,1,Content Illustration
Augsburg_1555,146,1,Content Illustration
Augsburg_1555,146,2,Content Illustration
Augsburg_1555,169,1,Content Illustration
Augsburg_1555,173,1,Content Illustration
Augsburg_1555,229,1,Content Illustration
Augsburg_1555,241,1,Content Illustration
Augsburg_1555,241,2,Content Illustration
Augsburg_1555,243,1,Content Illustration
Augsburg_1555,44,1,Content Illustration
Augsburg_1555,48,1,Content Illustration
Augsburg_1555,49,1,Content Illustration
Augsburg_1555,49,2,Content Illustration
Augsburg_1555,51,1,Content Illustration
Augsburg_1555,60,1,Content Illustration
Augsburg_1555,61,1,Content Illustration
Augsburg_1555,79,1,Content Illustration
Augsburg_1555,84,1,Content Illustration
Augsburg_1555,91,1,Content Illustration
Lyon_1557,100,1,Content Illustration
Lyon_1557,100,2,Content Illustration
Lyon_1557,101,1,Content Illustration
Lyon_1557,101,2,Content Illustration
Lyon_1557,101,3,Content Illustration
Lyon_1557,102,1,Content Illustration
Lyon_1557,102,2,Content Illustration
Lyon_1557,102,3,Content Illustration
Lyon_1557,102,4,Content Illustration
Lyon_1557,103,1,Content Illustration
Lyon_1557,103,2,Content Illustration
Lyon_1557,103,3,Content Illustration
Lyon_1557,104,1,Content Illustration
Lyon_1557,104,2,Content Illustration
Lyon_1557,104,3,Content Illustration
Lyon_1557,105,1,Content Illustration
Lyon_1557,105,2,Content Illustration
Lyon_1557,105,3,Content Illustration
Lyon_1557,105,4,Content Illustration
Lyon_1557,106,1,Content Illustration
Lyon_1557,106,2,Content Illustration
Lyon_1557,106,3,Content Illustration
Lyon_1557,107,1,Content Illustration
Lyon_1557,107,2,Content Illustration
Lyon_1557,107,3,Content Illustration
Lyon_1557,108,1,Content Illustration
Lyon_1557,109,1,Content Illustration
Lyon_1557,110,1,Content Illustration
Lyon_1557,110,2,Content Illustration
Lyon_1557,110,3,Content Illustration
Lyon_1557,110,4,Content Illustration
Lyon_1557,110,5,Content Illustration
Lyon_1557,111,1,Content Illustration
Lyon_1557,111,2,Content Illustration
Lyon_1557,112,1,Content Illustration
Lyon_1557,112,2,Content Illustration
Lyon_1557,112,3,Content Illustration
Lyon_1557,113,1,Content Illustration
Lyon_1557,113,2,Content Illustration
Lyon_1557,113,3,Content Illustration
Lyon_1557,114,1,Content Illustration
Lyon_1557,114,2,Content Illustration
Lyon_1557,114,3,Content Illustration
Lyon_1557,115,1,Content Illustration
Lyon_1557,115,2,Content Illustration
Lyon_1557,115,3,Content Illustration
Lyon_1557,115,4,Content Illustration
Lyon_1557,116,1,Content Illustration
Lyon_1557,116,2,Content Illustration
Lyon_1557,117,1,Content Illustration
Lyon_1557,117,2,Content Illustration
Lyon_1557,117,3,Content Illustration
Lyon_1557,118,1,Content Illustration
Lyon_1557,119,1,Content Illustration
Lyon_1557,119,2,Content Illustration
Lyon_1557,121,1,Content Illustration
Lyon_1557,121,2,Content Illustration
Lyon_1557,122,1,Content Illustration
Lyon_1557,123,1,Content Illustration
Lyon_1557,123,2,Content Illustration
Lyon_1557,124,1,Content Illustration
Lyon_1557,126,1,Content Illustration
Lyon_1557,127,1,Content Illustration
Lyon_1557,129,1,Content Illustration
Lyon_1557,132,1,Content Illustration
Lyon_1557,132,2,Content Illustration
Lyon_1557,132,3,Content Illustration
Lyon_1557,132,4,Content Illustration
Lyon_1557,132,5,Content Illustration
Lyon_1557,133,1,Content Illustration
Lyon_1557,134,1,Content Illustration
Lyon_1557,134,2,Content Illustration
Lyon_1557,135,1,Content Illustration
Lyon_1557,136,1,Content Illustration
Lyon_1557,138,1,Content Illustration
Lyon_1557,138,2,Content Illustration
Lyon_1557,138,3,Content Illustration
Lyon_1557,139,1,Content Illustration
Lyon_1557,140,1,Content Illustration
Lyon_1557,141,1,Content Illustration
Lyon_1557,141,2,Content Illustration
Lyon_1557,141,3,Content Illustration
Lyon_1557,142,1,Content Illustration
Lyon_1557,142,2,Content Illustration
Lyon_1557,143,1,Content Illustration
Lyon_1557,144,1,Content Illustration
Lyon_1557,144,2,Content Illustration
Lyon_1557,144,3,Content Illustration
Lyon_1557,144,4,Content Illustration
Lyon_1557,145,1,Content Illustration
Lyon_1557,145,2,Content Illustration
Lyon_1557,145,3,Content Illustration
Lyon_1557,146,1,Content Illustration
Lyon_1557,146,2,Content Illustration
Lyon_1557,146,3,Content Illustration
Lyon_1557,146,4,Content Illustration
Lyon_1557,146,5,Content Illustration
Lyon_1557,147,1,Content Illustration
Lyon_1557,147,2,Content Illustration
Lyon_1557,147,3,Content Illustration
Lyon_1557,148,1,Content Illustration
Lyon_1557,149,1,Content Illustration
Lyon_1557,149,2,Content Illustration
Lyon_1557,149,3,Content Illustration
Lyon_1557,150,1,Content Illustration
Lyon_1557,150,2,Content Illustration
Lyon_1557,151,1,Content Illustration
Lyon_1557,151,2,Content Illustration
Lyon_1557,151,3,Content Illustration
Lyon_1557,152,1,Content Illustration
Lyon_1557,152,2,Content Illustration
Lyon_1557,153,1,Content Illustration
Lyon_1557,155,1,Content Illustration
Lyon_1557,155,2,Content Illustration
Lyon_1557,155,3,Content Illustration
Lyon_1557,156,1,Content Illustration
Lyon_1557,156,2,Content Illustration
Lyon_1557,156,3,Content Illustration
Lyon_1557,158,1,Content Illustration
Lyon_1557,158,2,Content Illustration
Lyon_1557,159,1,Content Illustration
Lyon_1557,159,2,Content Illustration
Lyon_1557,15,1,Content Illustration
Lyon_1557,160,1,Content Illustration
Lyon_1557,160,2,Content Illustration
Lyon_1557,161,1,Content Illustration
Lyon_1557,161,2,Content Illustration
Lyon_1557,162,1,Content Illustration
Lyon_1557,162,2,Content Illustration
Lyon_1557,162,3,Content Illustration
Lyon_1557,163,1,Content Illustration
Lyon_1557,163,2,Content Illustration
Lyon_1557,164,1,Content Illustration
Lyon_1557,164,2,Content Illustration
Lyon_1557,164,3,Content Illustration
Lyon_1557,165,1,Content Illustration
Lyon_1557,165,2,Content Illustration
Lyon_1557,165,3,Content Illustration
Lyon_1557,165,4,Content Illustration
Lyon_1557,165,5,Content Illustration
Lyon_1557,166,1,Content Illustration
Lyon_1557,166,2,Content Illustration
Lyon_1557,166,3,Content Illustration
Lyon_1557,166,4,Content Illustration
Lyon_1557,167,1,Content Illustration
Lyon_1557,167,2,Content Illustration
Lyon_1557,168,1,Content Illustration
Lyon_1557,168,2,Content Illustration
Lyon_1557,169,1,Content Illustration
Lyon_1557,169,2,Content Illustration
Lyon_1557,169,3,Content Illustration
Lyon_1557,169,4,Content Illustration
Lyon_1557,170,1,Content Illustration
Lyon_1557,171,1,Content Illustration
Lyon_1557,172,1,Content Illustration
Lyon_1557,172,2,Content Illustration
Lyon_1557,173,1,Content Illustration
Lyon_1557,173,2,Content Illustration
Lyon_1557,174,1,Content Illustration
Lyon_1557,174,2,Content Illustration
Lyon_1557,174,3,Content Illustration
Lyon_1557,175,1,Content Illustration
Lyon_1557,175,2,Content Illustration
Lyon_1557,176,1,Content Illustration
Lyon_1557,176,2,Content Illustration
Lyon_1557,176,3,Content Illustration
Lyon_1557,177,1,Content Illustration
Lyon_1557,178,1,Content Illustration
Lyon_1557,178,2,Content Illustration
Lyon_1557,179,1,Content Illustration
Lyon_1557,179,2,Content Illustration
Lyon_1557,179,3,Content Illustration
Lyon_1557,180,1,Content Illustration
Lyon_1557,181,1,Content Illustration
Lyon_1557,182,1,Content Illustration
Lyon_1557,182,2,Content Illustration
Lyon_1557,18,1,Content Illustration
Lyon_1557,18,2,Content Illustration
Lyon_1557,193,1,Content Illustration
Lyon_1557,19,1,Content Illustration
Lyon_1557,19,2,Content Illustration
Lyon_1557,21,1,Content Illustration
Lyon_1557,22,1,Content Illustration
Lyon_1557,23,1,Content Illustration
Lyon_1557,23,2,Content Illustration
Lyon_1557,23,3,Content Illustration
Lyon_1557,24,1,Content Illustration
Lyon_1557,24,2,Content Illustration
Lyon_1557,24,3,Content Illustration
Lyon_1557,24,4,Content Illustration
Lyon_1557,25,1,Content Illustration
Lyon_1557,25,2,Content Illustration
Lyon_1557,25,3,Content Illustration
Lyon_1557,28,1,Content Illustration
Lyon_1557,29,1,Content Illustration
Lyon_1557,29,2,Content Illustration
Lyon_1557,30,1,Content Illustration
Lyon_1557,30,2,Content Illustration
Lyon_1557,31,1,Content Illustration
Lyon_1557,32,1,Content Illustration
Lyon_1557,32,2,Content Illustration
Lyon_1557,33,1,Content Illustration
Lyon_1557,34,1,Content Illustration
Lyon_1557,34,2,Content Illustration
Lyon_1557,34,3,Content Illustration
Lyon_1557,35,1,Content Illustration
Lyon_1557,35,2,Content Illustration
Lyon_1557,35,3,Content Illustration
Lyon_1557,36,1,Content Illustration
Lyon_1557,36,2,Content Illustration
Lyon_1557,36,3,Content Illustration
Lyon_1557,36,4,Content Illustration
Lyon_1557,36,5,Content Illustration
Lyon_1557,37,1,Content Illustration
Lyon_1557,37,2,Content Illustration
Lyon_1557,38,1,Content Illustration
Lyon_1557,38,2,Content Illustration
Lyon_1557,38,3,Content Illustration
Lyon_1557,39,1,Content Illustration
Lyon_1557,39,2,Content Illustration
Lyon_1557,39,3,Content Illustration
Lyon_1557,40,1,Content Illustration
Lyon_1557,40,2,Content Illustration
Lyon_1557,40,3,Content Illustration
Lyon_1557,40,4,Content Illustration
Lyon_1557,41,1,Content Illustration
Lyon_1557,41,2,Content Illustration
Lyon_1557,41,3,Content Illustration
Lyon_1557,41,4,Content Illustration
Lyon_1557,41,5,Content Illustration
Lyon_1557,42,1,Content Illustration
Lyon_1557,42,2,Content Illustration
Lyon_1557,42,3,Content Illustration
Lyon_1557,43,1,Content Illustration
Lyon_1557,43,2,Content Illustration
Lyon_1557,43,3,Content Illustration
Lyon_1557,44,1,Content Illustration
Lyon_1557,44,2,Content Illustration
Lyon_1557,44,3,Content Illustration
Lyon_1557,45,1,Content Illustration
Lyon_1557,45,2,Content Illustration
Lyon_1557,45,3,Content Illustration
Lyon_1557,46,1,Content Illustration
Lyon_1557,46,2,Content Illustration
Lyon_1557,47,1,Content Illustration
Lyon_1557,47,2,Content Illustration
Lyon_1557,47,3,Content Illustration
Lyon_1557,47,4,Content Illustration
Lyon_1557,48,1,Content Illustration
Lyon_1557,48,2,Content Illustration
Lyon_1557,48,3,Content Illustration
Lyon_1557,49,1,Content Illustration
Lyon_1557,49,2,Content Illustration
Lyon_1557,49,3,Content Illustration
Lyon_1557,49,4,Content Illustration
Lyon_1557,50,1,Content Illustration
Lyon_1557,50,2,Content Illustration
Lyon_1557,50,3,Content Illustration
Lyon_1557,51,1,Content Illustration
Lyon_1557,51,2,Content Illustration
Lyon_1557,51,3,Content Illustration
Lyon_1557,51,4,Content Illustration
Lyon_1557,52,1,Content Illustration
Lyon_1557,52,2,Content Illustration
Lyon_1557,52,3,Content Illustration
Lyon_1557,52,4,Content Illustration
Lyon_1557,53,1,Content Illustration
Lyon_1557,53,2,Content Illustration
Lyon_1557,53,3,Content Illustration
Lyon_1557,54,1,Content Illustration
Lyon_1557,54,2,Content Illustration
Lyon_1557,54,3,Content Illustration
Lyon_1557,55,1,Content Illustration
Lyon_1557,55,2,Content Illustration
Lyon_1557,55,3,Content Illustration
Lyon_1557,56,1,Content Illustration
Lyon_1557,56,2,Content Illustration
Lyon_1557,57,1,Content Illustration
Lyon_1557,57,2,Content Illustration
Lyon_1557,58,1,Content Illustration
Lyon_1557,58,2,Content Illustration
Lyon_1557,59,1,Content Illustration
Lyon_1557,59,2,Content Illustration
Lyon_1557,59,3,Content Illustration
Lyon_1557,60,1,Content Illustration
Lyon_1557,60,2,Content Illustration
Lyon_1557,61,1,Content Illustration
Lyon_1557,61,2,Content Illustration
Lyon_1557,62,1,Content Illustration
Lyon_1557,62,2,Content Illustration
Lyon_1557,63,1,Content Illustration
Lyon_1557,63,2,Content Illustration
Lyon_1557,64,1,Content Illustration
Lyon_1557,65,1,Content Illustration
Lyon_1557,65,2,Content Illustration
Lyon_1557,66,1,Content Illustration
Lyon_1557,66,2,Content Illustration
Lyon_1557,66,3,Content Illustration
Lyon_1557,67,1,Content Illustration
Lyon_1557,68,1,Content Illustration
Lyon_1557,68,2,Content Illustration
Lyon_1557,69,1,Content Illustration
Lyon_1557,69,2,Content Illustration
Lyon_1557,70,1,Content Illustration
Lyon_1557,70,2,Content Illustration
Lyon_1557,71,1,Content Illustration
Lyon_1557,71,2,Content Illustration
Lyon_1557,71,3,Content Illustration
Lyon_1557,72,1,Content Illustration
Lyon_1557,73,1,Content Illustration
Lyon_1557,73,2,Content Illustration
Lyon_1557,74,1,Content Illustration
Lyon_1557,75,1,Content Illustration
Lyon_1557,76,1,Content Illustration
Lyon_1557,76,2,Content Illustration
Lyon_1557,77,1,Content Illustration
Lyon_1557,77,2,Content Illustration
Lyon_1557,77,3,Content Illustration
Lyon_1557,78,1,Content Illustration
Lyon_1557,79,1,Content Illustration
Lyon_1557,79,2,Content Illustration
Lyon_1557,79,3,Content Illustration
Lyon_1557,80,1,Content Illustration
Lyon_1557,80,2,Content Illustration
Lyon_1557,80,3,Content Illustration
Lyon_1557,80,4,Content Illustration
Lyon_1557,80,5,Content Illustration
Lyon_1557,80,6,Content Illustration
Lyon_1557,81,1,Content Illustration
Lyon_1557,82,1,Content Illustration
Lyon_1557,82,2,Content Illustration
Lyon_1557,82,3,Content Illustration
Lyon_1557,83,1,Content Illustration
Lyon_1557,83,2,Content Illustration
Lyon_1557,83,3,Content Illustration
Lyon_1557,84,1,Content Illustration
Lyon_1557,85,1,Content Illustration
Lyon_1557,85,2,Content Illustration
Lyon_1557,85,3,Content Illustration
Lyon_1557,85,4,Content Illustration
Lyon_1557,86,1,Content Illustration
Lyon_1557,86,2,Content Illustration
Lyon_1557,86,3,Content Illustration
Lyon_1557,86,4,Content Illustration
Lyon_1557,87,1,Content Illustration
Lyon_1557,87,2,Content Illustration
Lyon_1557,87,3,Content Illustration
Lyon_1557,87,4,Content Illustration
Lyon_1557,88,1,Content Illustration
Lyon_1557,88,2,Content Illustration
Lyon_1557,89,1,Content Illustration
Lyon_1557,89,2,Content Illustration
Lyon_1557,90,1,Content Illustration
Lyon_1557,90,2,Content Illustration
Lyon_1557,91,1,Content Illustration
Lyon_1557,92,1,Content Illustration
Lyon_1557,93,1,Content Illustration
Lyon_1557,94,1,Content Illustration
Lyon_1557,94,2,Content Illustration
Lyon_1557,94,3,Content Illustration
Lyon_1557,95,1,Content Illustration
Lyon_1557,95,2,Content Illustration
Lyon_1557,95,3,Content Illustration
Lyon_1557,95,4,Content Illustration
Lyon_1557,95,5,Content Illustration
Lyon_1557,96,1,Content Illustration
Lyon_1557,96,2,Content Illustration
Lyon_1557,96,3,Content Illustration
Lyon_1557,96,4,Content Illustration
Lyon_1557,97,1,Content Illustration
Lyon_1557,97,2,Content Illustration
Lyon_1557,97,3,Content Illustration
Lyon_1557,97,4,Content Illustration
Lyon_1557,97,5,Content Illustration
Lyon_1557,97,6,Content Illustration
Lyon_1557,98,1,Content Illustration
Lyon_1557,98,2,Content Illustration
Lyon_1557,98,3,Content Illustration
Lyon_1557,99,1,Content Illustration
Lyon_1557,99,2,Content Illustration
Lyon_1557,99,3,Content Illustration
Basel_1562,100,1,Content Illustration
Basel_1562,100,2,Content Illustration
Basel_1562,101,1,Content Illustration
Basel_1562,102,1,Content Illustration
Basel_1562,102,2,Content Illustration
Basel_1562,103,1,Content Illustration
Basel_1562,103,2,Content Illustration
Basel_1562,103,3,Content Illustration
Basel_1562,103,4,Content Illustration
Basel_1562,104,1,Content Illustration
Basel_1562,104,2,Content Illustration
Basel_1562,104,3,Content Illustration
Basel_1562,104,4,Content Illustration
Basel_1562,105,1,Content Illustration
Basel_1562,105,2,Content Illustration
Basel_1562,105,3,Content Illustration
Basel_1562,105,4,Content Illustration
Basel_1562,105,5,Content Illustration
Basel_1562,105,6,Content Illustration
Basel_1562,105,7,Content Illustration
Basel_1562,105,8,Content Illustration
Basel_1562,106,1,Content Illustration
Basel_1562,106,2,Content Illustration
Basel_1562,106,3,Content Illustration
Basel_1562,107,1,Content Illustration
Basel_1562,108,1,Content Illustration
Basel_1562,108,2,Content Illustration
Basel_1562,109,1,Content Illustration
Basel_1562,109,2,Content Illustration
Basel_1562,109,3,Content Illustration
Basel_1562,110,1,Content Illustration
Basel_1562,110,2,Content Illustration
Basel_1562,110,3,Content Illustration
Basel_1562,111,1,Content Illustration
Basel_1562,111,2,Content Illustration
Basel_1562,112,1,Content Illustration
Basel_1562,112,2,Content Illustration
Basel_1562,113,1,Content Illustration
Basel_1562,113,2,Content Illustration
Basel_1562,113,3,Content Illustration
Basel_1562,114,1,Content Illustration
Basel_1562,114,2,Content Illustration
Basel_1562,115,1,Content Illustration
Basel_1562,115,2,Content Illustration
Basel_1562,117,1,Content Illustration
Basel_1562,117,2,Content Illustration
Basel_1562,118,1,Content Illustration
Basel_1562,118,2,Content Illustration
Basel_1562,119,1,Content Illustration
Basel_1562,119,2,Content Illustration
Basel_1562,119,3,Content Illustration
Basel_1562,119,4,Content Illustration
Basel_1562,120,1,Content Illustration
Basel_1562,120,2,Content Illustration
Basel_1562,120,3,Content Illustration
Basel_1562,122,1,Content Illustration
Basel_1562,122,2,Content Illustration
Basel_1562,123,1,Content Illustration
Basel_1562,124,1,Content Illustration
Basel_1562,124,2,Content Illustration
Basel_1562,124,3,Content Illustration
Basel_1562,125,1,Content Illustration
Basel_1562,126,1,Content Illustration
Basel_1562,126,2,Content Illustration
Basel_1562,126,3,Content Illustration
Basel_1562,127,1,Content Illustration
Basel_1562,127,2,Content Illustration
Basel_1562,128,1,Content Illustration
Basel_1562,128,2,Content Illustration
Basel_1562,129,1,Content Illustration
Basel_1562,130,1,Content Illustration
Basel_1562,131,1,Content Illustration
Basel_1562,132,1,Content Illustration
Basel_1562,133,1,Content Illustration
Basel_1562,134,1,Content Illustration
Basel_1562,135,1,Content Illustration
Basel_1562,136,1,Content Illustration
Basel_1562,137,1,Content Illustration
Basel_1562,138,1,Content Illustration
Basel_1562,145,1,Content Illustration
Basel_1562,145,2,Content Illustration
Basel_1562,151,1,Content Illustration
Basel_1562,151,2,Content Illustration
Basel_1562,153,1,Content Illustration
Basel_1562,166,1,Content Illustration
Basel_1562,169,1,Content Illustration
Basel_1562,169,2,Content Illustration
Basel_1562,175,1,Content Illustration
Basel_1562,176,1,Content Illustration
Basel_1562,176,2,Content Illustration
Basel_1562,176,3,Content Illustration
Basel_1562,176,4,Content Illustration
Basel_1562,177,1,Content Illustration
Basel_1562,177,2,Content Illustration
Basel_1562,178,1,Content Illustration
Basel_1562,179,1,Content Illustration
Basel_1562,180,1,Content Illustration
Basel_1562,180,2,Content Illustration
Basel_1562,180,3,Content Illustration
Basel_1562,180,4,Content Illustration
Basel_1562,180,5,Content Illustration
Basel_1562,181,1,Content Illustration
Basel_1562,183,1,Content Illustration
Basel_1562,184,1,Content Illustration
Basel_1562,184,2,Content Illustration
Basel_1562,185,1,Content Illustration
Basel_1562,185,2,Content Illustration
Basel_1562,186,1,Content Illustration
Basel_1562,186,2,Content Illustration
Basel_1562,187,1,Content Illustration
Basel_1562,187,2,Content Illustration
Basel_1562,188,1,Content Illustration
Basel_1562,188,2,Content Illustration
Basel_1562,188,3,Content Illustration
Basel_1562,189,1,Content Illustration
Basel_1562,190,1,Content Illustration
Basel_1562,191,1,Content Illustration
Basel_1562,196,1,Content Illustration
Basel_1562,196,2,Content Illustration
Basel_1562,196,3,Content Illustration
Basel_1562,198,1,Content Illustration
Basel_1562,198,2,Content Illustration
Basel_1562,198,3,Content Illustration
Basel_1562,201,1,Content Illustration
Basel_1562,201,2,Content Illustration
Basel_1562,201,3,Content Illustration
Basel_1562,201,4,Content Illustration
Basel_1562,202,1,Content Illustration
Basel_1562,203,1,Content Illustration
Basel_1562,204,1,Content Illustration
Basel_1562,204,2,Content Illustration
Basel_1562,205,1,Content Illustration
Basel_1562,205,2,Content Illustration
Basel_1562,206,1,Content Illustration
Basel_1562,207,1,Content Illustration
Basel_1562,23,1,Content Illustration
Basel_1562,23,2,Content Illustration
Basel_1562,23,3,Content Illustration
Basel_1562,23,4,Content Illustration
Basel_1562,24,1,Content Illustration
Basel_1562,24,2,Content Illustration
Basel_1562,24,3,Content Illustration
Basel_1562,24,4,Content Illustration
Basel_1562,24,5,Content Illustration
Basel_1562,25,1,Content Illustration
Basel_1562,25,2,Content Illustration
Basel_1562,25,3,Content Illustration
Basel_1562,25,4,Content Illustration
Basel_1562,25,5,Content Illustration
Basel_1562,25,6,Content Illustration
Basel_1562,26,1,Content Illustration
Basel_1562,26,2,Content Illustration
Basel_1562,26,3,Content Illustration
Basel_1562,26,4,Content Illustration
Basel_1562,26,5,Content Illustration
Basel_1562,27,1,Content Illustration
Basel_1562,27,2,Content Illustration
Basel_1562,28,1,Content Illustration
Basel_1562,28,2,Content Illustration
Basel_1562,29,1,Content Illustration
Basel_1562,29,2,Content Illustration
Basel_1562,29,3,Content Illustration
Basel_1562,30,1,Content Illustration
Basel_1562,30,2,Content Illustration
Basel_1562,31,1,Content Illustration
Basel_1562,31,2,Content Illustration
Basel_1562,31,3,Content Illustration
Basel_1562,32,1,Content Illustration
Basel_1562,32,2,Content Illustration
Basel_1562,32,3,Content Illustration
Basel_1562,33,1,Content Illustration
Basel_1562,33,2,Content Illustration
Basel_1562,33,3,Content Illustration
Basel_1562,33,4,Content Illustration
Basel_1562,34,1,Content Illustration
Basel_1562,34,2,Content Illustration
Basel_1562,34,3,Content Illustration
Basel_1562,35,1,Content Illustration
Basel_1562,35,2,Content Illustration
Basel_1562,35,3,Content Illustration
Basel_1562,36,1,Content Illustration
Basel_1562,36,2,Content Illustration
Basel_1562,36,3,Content Illustration
Basel_1562,36,4,Content Illustration
Basel_1562,37,1,Content Illustration
Basel_1562,37,2,Content Illustration
Basel_1562,37,3,Content Illustration
Basel_1562,38,1,Content Illustration
Basel_1562,38,2,Content Illustration
Basel_1562,39,1,Content Illustration
Basel_1562,39,2,Content Illustration
Basel_1562,39,3,Content Illustration
Basel_1562,40,1,Content Illustration
Basel_1562,40,2,Content Illustration
Basel_1562,41,1,Content Illustration
Basel_1562,41,2,Content Illustration
Basel_1562,42,1,Content Illustration
Basel_1562,42,2,Content Illustration
Basel_1562,42,3,Content Illustration
Basel_1562,42,4,Content Illustration
Basel_1562,42,5,Content Illustration
Basel_1562,42,6,Content Illustration
Basel_1562,43,1,Content Illustration
Basel_1562,43,2,Content Illustration
Basel_1562,43,3,Content Illustration
Basel_1562,43,4,Content Illustration
Basel_1562,44,1,Content Illustration
Basel_1562,44,2,Content Illustration
Basel_1562,46,1,Content Illustration
Basel_1562,47,1,Content Illustration
Basel_1562,48,1,Content Illustration
Basel_1562,48,2,Content Illustration
Basel_1562,48,3,Content Illustration
Basel_1562,49,1,Content Illustration
Basel_1562,52,1,Content Illustration
Basel_1562,52,2,Content Illustration
Basel_1562,53,1,Content Illustration
Basel_1562,53,2,Content Illustration
Basel_1562,53,3,Content Illustration
Basel_1562,53,4,Content Illustration
Basel_1562,53,5,Content Illustration
Basel_1562,54,1,Content Illustration
Basel_1562,54,2,Content Illustration
Basel_1562,54,3,Content Illustration
Basel_1562,55,1,Content Illustration
Basel_1562,55,2,Content Illustration
Basel_1562,55,3,Content Illustration
Basel_1562,55,4,Content Illustration
Basel_1562,56,1,Content Illustration
Basel_1562,57,1,Content Illustration
Basel_1562,57,2,Content Illustration
Basel_1562,57,3,Content Illustration
Basel_1562,57,4,Content Illustration
Basel_1562,57,5,Content Illustration
Basel_1562,58,1,Content Illustration
Basel_1562,58,2,Content Illustration
Basel_1562,58,3,Content Illustration
Basel_1562,58,4,Content Illustration
Basel_1562,59,1,Content Illustration
Basel_1562,59,2,Content Illustration
Basel_1562,59,3,Content Illustration
Basel_1562,60,1,Content Illustration
Basel_1562,61,1,Content Illustration
Basel_1562,63,1,Content Illustration
Basel_1562,63,2,Content Illustration
Basel_1562,63,3,Content Illustration
Basel_1562,63,4,Content Illustration
Basel_1562,63,5,Content Illustration
Basel_1562,64,1,Content Illustration
Basel_1562,64,2,Content Illustration
Basel_1562,64,3,Content Illustration
Basel_1562,66,1,Content Illustration
Basel_1562,69,1,Content Illustration
Basel_1562,70,1,Content Illustration
Basel_1562,70,2,Content Illustration
Basel_1562,71,1,Content Illustration
Basel_1562,72,1,Content Illustration
Basel_1562,73,1,Content Illustration
Basel_1562,74,1,Content Illustration
Basel_1562,75,1,Content Illustration
Basel_1562,75,2,Content Illustration
Basel_1562,76,1,Content Illustration
Basel_1562,76,2,Content Illustration
Basel_1562,76,3,Content Illustration
Basel_1562,77,1,Content Illustration
Basel_1562,78,1,Content Illustration
Basel_1562,79,1,Content Illustration
Basel_1562,79,2,Content Illustration
Basel_1562,80,1,Content Illustration
Basel_1562,83,1,Content Illustration
Basel_1562,84,1,Content Illustration
Basel_1562,85,1,Content Illustration
Basel_1562,86,1,Content Illustration
Basel_1562,87,1,Content Illustration
Basel_1562,88,1,Content Illustration
Basel_1562,88,2,Content Illustration
Basel_1562,88,3,Content Illustration
Basel_1562,88,4,Content Illustration
Basel_1562,89,1,Content Illustration
Basel_1562,89,2,Content Illustration
Basel_1562,90,1,Content Illustration
Basel_1562,90,2,Content Illustration
Basel_1562,90,3,Content Illustration
Basel_1562,90,4,Content Illustration
Basel_1562,91,1,Content Illustration
Basel_1562,92,1,Content Illustration
Basel_1562,92,2,Content Illustration
Basel_1562,92,3,Content Illustration
Basel_1562,93,1,Content Illustration
Basel_1562,93,2,Content Illustration
Basel_1562,94,1,Content Illustration
Basel_1562,94,2,Content Illustration
Basel_1562,94,3,Content Illustration
Basel_1562,95,1,Content Illustration
Basel_1562,95,2,Content Illustration
Basel_1562,95,3,Content Illustration
Basel_1562,96,1,Content Illustration
Basel_1562,96,2,Content Illustration
Basel_1562,96,3,Content Illustration
Basel_1562,97,1,Content Illustration
Basel_1562,97,2,Content Illustration
Basel_1562,97,3,Content Illustration
Basel_1562,98,1,Content Illustration
Basel_1562,99,1,Content Illustration
Basel_1562,99,2,Content Illustration
Basel_1562,99,3,Content Illustration
Cologne_1564,38,1,Content Illustration
Cologne_1564,38,2,Content Illustration
Cologne_1564,39,1,Content Illustration
Cologne_1564,39,2,Content Illustration
Cologne_1564,39,3,Content Illustration
Cologne_1564,40,1,Content Illustration
Cologne_1564,40,2,Content Illustration
Cologne_1564,40,3,Content Illustration
Cologne_1564,41,1,Content Illustration
Cologne_1564,42,1,Content Illustration
Cologne_1564,42,2,Content Illustration
Cologne_1564,42,3,Content Illustration
Cologne_1564,42,4,Content Illustration
Cologne_1564,42,5,Content Illustration
Cologne_1564,42,6,Content Illustration
Cologne_1564,43,1,Content Illustration
Cologne_1564,43,2,Content Illustration
Cologne_1564,43,3,Content Illustration
Cologne_1564,43,4,Content Illustration
Cologne_1564,44,1,Content Illustration
Cologne_1564,44,2,Content Illustration
Cologne_1564,45,1,Content Illustration
Cologne_1564,45,2,Content Illustration
Cologne_1564,46,1,Content Illustration
Cologne_1564,46,2,Content Illustration
Cologne_1564,47,1,Content Illustration
Cologne_1564,47,2,Content Illustration
Cologne_1564,47,3,Content Illustration
Cologne_1564,48,1,Content Illustration
Cologne_1564,48,2,Content Illustration
Cologne_1564,48,3,Content Illustration
Cologne_1564,49,1,Content Illustration
Cologne_1564,52,1,Content Illustration
Cologne_1564,53,1,Content Illustration
Cologne_1564,53,2,Content Illustration
Cologne_1564,54,1,Content Illustration
Cologne_1564,54,2,Content Illustration
Cologne_1564,54,3,Content Illustration
Cologne_1564,54,4,Content Illustration
Cologne_1564,54,5,Content Illustration
Cologne_1564,55,1,Content Illustration
Cologne_1564,55,2,Content Illustration
Cologne_1564,55,3,Content Illustration
Cologne_1564,56,1,Content Illustration
Cologne_1564,56,2,Content Illustration
Cologne_1564,56,3,Content Illustration
Cologne_1564,57,1,Content Illustration
Cologne_1564,57,2,Content Illustration
Cologne_1564,57,3,Content Illustration
Cologne_1564,58,1,Content Illustration
Cologne_1564,58,2,Content Illustration
Cologne_1564,59,1,Content Illustration
Cologne_1564,59,2,Content Illustration
Cologne_1564,59,3,Content Illustration
Cologne_1564,60,1,Content Illustration
Cologne_1564,60,2,Content Illustration
Cologne_1564,60,3,Content Illustration
Cologne_1564,61,1,Content Illustration
Cologne_1564,61,2,Content Illustration
Cologne_1564,62,1,Content Illustration
Cologne_1564,62,2,Content Illustration
Cologne_1564,63,1,Content Illustration
Cologne_1564,64,1,Content Illustration
Cologne_1564,64,2,Content Illustration
Cologne_1564,65,1,Content Illustration
Cologne_1564,65,2,Content Illustration
Cologne_1564,66,1,Content Illustration
Cologne_1564,66,2,Content Illustration
Cologne_1564,66,3,Content Illustration
Cologne_1564,67,1,Content Illustration
Cologne_1564,67,2,Content Illustration
Cologne_1564,68,1,Content Illustration
Cologne_1564,68,2,Content Illustration
Cologne_1564,68,3,Content Illustration
Cologne_1564,69,1,Content Illustration
Cologne_1564,69,2,Content Illustration
Cologne_1564,69,3,Content Illustration
Cologne_1564,70,1,Content Illustration
Cologne_1564,70,2,Content Illustration
Cologne_1564,71,1,Content Illustration
Cologne_1564,71,2,Content Illustration
Cologne_1564,72,1,Content Illustration
Cologne_1564,72,2,Content Illustration
Cologne_1564,72,3,Content Illustration
Cologne_1564,72,4,Content Illustration
Cologne_1564,73,1,Content Illustration
Cologne_1564,75,1,Content Illustration
Cologne_1564,75,2,Content Illustration
Cologne_1564,76,1,Content Illustration
Cologne_1564,76,2,Content Illustration
Cologne_1564,77,1,Content Illustration
Cologne_1564,77,2,Content Illustration
Cologne_1564,78,1,Content Illustration
Cologne_1564,79,1,Content Illustration
Cologne_1564,79,2,Content Illustration
Cologne_1564,80,1,Content Illustration
Cologne_1564,80,2,Content Illustration
Cologne_1564,81,1,Content Illustration
Cologne_1564,82,1,Content Illustration
Cologne_1564,83,1,Content Illustration
Cologne_1564,83,2,Content Illustration
Cologne_1564,83,3,Content Illustration
Cologne_1564,84,1,Content Illustration
Cologne_1564,85,1,Content Illustration
Cologne_1564,85,2,Content Illustration
Cologne_1564,86,1,Content Illustration
Cologne_1564,86,2,Content Illustration
Cologne_1564,87,1,Content Illustration
Cologne_1564,87,2,Content Illustration
Cologne_1564,88,1,Content Illustration
Cologne_1564,88,2,Content Illustration
Cologne_1564,88,3,Content Illustration
Cologne_1564,89,1,Content Illustration
Cologne_1564,89,2,Content Illustration
Cologne_1564,90,1,Content Illustration
Cologne_1564,90,2,Content Illustration
Cologne_1564,90,3,Content Illustration
Cologne_1564,91,1,Content Illustration
Cologne_1564,92,1,Content Illustration
Cologne_1564,93,1,Content Illustration
Cologne_1564,93,2,Content Illustration
Cologne_1564,94,1,Content Illustration
Cologne_1564,94,2,Content Illustration
Cologne_1564,95,1,Content Illustration
Cologne_1564,95,2,Content Illustration
Cologne_1564,96,1,Content Illustration
Cologne_1564,96,2,Content Illustration
Cologne_1564,97,1,Content Illustration
Cologne_1564,97,2,Content Illustration
Cologne_1564,98,1,Content Illustration
Cologne_1564,98,2,Content Illustration
Cologne_1564,98,3,Content Illustration
Cologne_1564,99,1,Content Illustration
Cologne_1564,99,2,Content Illustration
Cologne_1564,99,3,Content Illustration
Cologne_1564,100,1,Content Illustration
Cologne_1564,100,2,Content Illustration
Cologne_1564,101,1,Content Illustration
Cologne_1564,101,2,Content Illustration
Cologne_1564,101,3,Content Illustration
Cologne_1564,102,1,Content Illustration
Cologne_1564,102,2,Content Illustration
Cologne_1564,103,1,Content Illustration
Cologne_1564,103,2,Content Illustration
Cologne_1564,104,1,Content Illustration
Cologne_1564,104,2,Content Illustration
Cologne_1564,105,1,Content Illustration
Cologne_1564,105,2,Content Illustration
Cologne_1564,106,1,Content Illustration
Cologne_1564,107,1,Content Illustration
Cologne_1564,108,1,Content Illustration
Cologne_1564,110,1,Content Illustration
Cologne_1564,110,2,Content Illustration
Cologne_1564,110,3,Content Illustration
Cologne_1564,111,1,Content Illustration
Cologne_1564,111,2,Content Illustration
Cologne_1564,111,3,Content Illustration
Cologne_1564,112,1,Content Illustration
Cologne_1564,112,2,Content Illustration
Cologne_1564,112,3,Content Illustration
Cologne_1564,113,1,Content Illustration
Cologne_1564,113,2,Content Illustration
Cologne_1564,113,3,Content Illustration
Cologne_1564,114,1,Content Illustration
Cologne_1564,114,2,Content Illustration
Cologne_1564,114,3,Content Illustration
Cologne_1564,115,1,Content Illustration
Cologne_1564,115,2,Content Illustration
Cologne_1564,115,3,Content Illustration
Cologne_1564,123,1,Content Illustration
Cologne_1564,124,1,Content Illustration
Cologne_1564,125,1,Content Illustration
Cologne_1564,127,1,Content Illustration
Cologne_1564,129,1,Content Illustration
Cologne_1564,130,1,Content Illustration
Cologne_1564,135,1,Content Illustration
Cologne_1564,139,1,Content Illustration
Cologne_1564,139,2,Content Illustration
Cologne_1564,140,1,Content Illustration
Cologne_1564,140,2,Content Illustration
Cologne_1564,141,1,Content Illustration
Cologne_1564,141,2,Content Illustration
Cologne_1564,142,1,Content Illustration
Cologne_1564,143,1,Content Illustration
Cologne_1564,143,2,Content Illustration
Cologne_1564,143,3,Content Illustration
Cologne_1564,144,1,Content Illustration
Cologne_1564,144,2,Content Illustration
Cologne_1564,144,3,Content Illustration
Cologne_1564,145,1,Content Illustration
Cologne_1564,145,2,Content Illustration
Cologne_1564,146,1,Content Illustration
Cologne_1564,146,2,Content Illustration
Cologne_1564,147,1,Content Illustration
Cologne_1564,147,2,Content Illustration
Cologne_1564,147,3,Content Illustration
Cologne_1564,148,1,Content Illustration
Cologne_1564,148,2,Content Illustration
Cologne_1564,148,3,Content Illustration
Cologne_1564,148,4,Content Illustration
Cologne_1564,149,1,Content Illustration
Cologne_1564,149,2,Content Illustration
Cologne_1564,149,3,Content Illustration
Cologne_1564,149,4,Content Illustration
Cologne_1564,149,5,Content Illustration
Cologne_1564,149,6,Content Illustration
Cologne_1564,150,1,Content Illustration
Cologne_1564,150,2,Content Illustration
Cologne_1564,150,3,Content Illustration
Cologne_1564,151,1,Content Illustration
Cologne_1564,151,2,Content Illustration
Cologne_1564,151,3,Content Illustration
Cologne_1564,152,1,Content Illustration
Cologne_1564,152,2,Content Illustration
Cologne_1564,152,3,Content Illustration
Cologne_1564,152,4,Content Illustration
Cologne_1564,153,1,Content Illustration
Cologne_1564,154,1,Content Illustration
Cologne_1564,155,1,Content Illustration
Cologne_1564,155,2,Content Illustration
Cologne_1564,155,3,Content Illustration
Cologne_1564,155,4,Content Illustration
Cologne_1564,156,1,Content Illustration
Cologne_1564,156,2,Content Illustration
Cologne_1564,157,1,Content Illustration
Cologne_1564,204,1,Content Illustration
Cologne_1564,215,1,Content Illustration
Cologne_1564,216,1,Content Illustration
Cologne_1564,218,1,Content Illustration
Cologne_1564,218,2,Content Illustration
Cologne_1564,222,1,Content Illustration
Cologne_1564,223,1,Content Illustration
Cologne_1564,223,2,Content Illustration
Cologne_1564,224,1,Content Illustration
Cologne_1564,225,1,Content Illustration
Cologne_1564,227,1,Content Illustration
Cologne_1564,227,2,Content Illustration
Cologne_1564,228,1,Content Illustration
Cologne_1564,228,2,Content Illustration
Cologne_1564,229,1,Content Illustration
Cologne_1564,229,2,Content Illustration
Cologne_1564,229,3,Content Illustration
Cologne_1564,229,4,Content Illustration
Cologne_1564,229,5,Content Illustration
Cologne_1564,230,1,Content Illustration
Cologne_1564,230,2,Content Illustration
Cologne_1564,232,1,Content Illustration
Cologne_1564,233,1,Content Illustration
Cologne_1564,234,1,Content Illustration
Cologne_1564,234,2,Content Illustration
Cologne_1564,235,1,Content Illustration
Cologne_1564,235,2,Content Illustration
Cologne_1564,236,1,Content Illustration
Cologne_1564,236,2,Content Illustration
Cologne_1564,237,1,Content Illustration
Cologne_1564,238,1,Content Illustration
Cologne_1564,238,2,Content Illustration
Cologne_1564,238,3,Content Illustration
Cologne_1564,239,1,Content Illustration
Cologne_1564,239,2,Content Illustration
Cologne_1564,239,3,Content Illustration
Cologne_1564,240,1,Content Illustration
Cologne_1564,245,1,Content Illustration
Cologne_1564,245,2,Content Illustration
Cologne_1564,246,1,Content Illustration
Cologne_1564,246,2,Content Illustration
Cologne_1564,247,1,Content Illustration
Cologne_1564,247,2,Content Illustration
Cologne_1564,248,1,Content Illustration
Cologne_1564,248,2,Content Illustration
Cologne_1564,248,3,Content Illustration
Cologne_1564,249,1,Content Illustration
Cologne_1564,249,2,Content Illustration
Cologne_1564,250,1,Content Illustration
Cologne_1564,252,1,Content Illustration
Cologne_1564,252,2,Content Illustration
Cologne_1564,256,1,Content Illustration
Cologne_1564,256,2,Content Illustration
Cologne_1564,257,1,Content Illustration
Cologne_1564,258,1,Content Illustration
Cologne_1564,259,1,Content Illustration
Cologne_1564,259,2,Content Illustration
Cologne_1564,259,3,Content Illustration
Cologne_1564,260,1,Content Illustration
Cologne_1564,260,2,Content Illustration
Cologne_1564,260,3,Content Illustration
Cologne_1564,261,1,Content Illustration
Cologne_1564,261,2,Content Illustration
Cologne_1564,267,1,Content Illustration
Cologne_1564,267,2,Content Illustration
Cologne_1564,268,1,Content Illustration
Cologne_1564,268,2,Content Illustration
Cologne_1564,269,1,Content Illustration
Cologne_1564,269,2,Content Illustration
Cologne_1564,270,1,Content Illustration
Cologne_1564,270,2,Content Illustration
Cologne_1564,270,3,Content Illustration
Cologne_1564,271,1,Content Illustration
Cologne_1564,271,2,Content Illustration
Cologne_1564,272,1,Content Illustration
Cologne_1564,272,2,Content Illustration
Cologne_1564,272,3,Content Illustration
Cologne_1564,273,1,Content Illustration
Cologne_1564,273,2,Content Illustration
Cologne_1564,273,3,Content Illustration
Cologne_1564,274,1,Content Illustration
Cologne_1564,274,2,Content Illustration
Cologne_1564,275,1,Content Illustration
Cologne_1564,275,2,Content Illustration
Cologne_1564,281,1,Content Illustration
Cologne_1564,283,1,Content Illustration
Cologne_1564,294,1,Content Illustration
Cologne_1564,294,2,Content Illustration
Cologne_1564,294,3,Content Illustration
Cologne_1564,295,1,Content Illustration
Cologne_1564,295,2,Content Illustration
Cologne_1564,296,1,Content Illustration
Cologne_1564,296,2,Content Illustration
Cologne_1564,297,1,Content Illustration
Cologne_1564,297,2,Content Illustration
Cologne_1564,297,3,Content Illustration
Cologne_1564,298,1,Content Illustration
Cologne_1564,298,2,Content Illustration
Cologne_1564,299,1,Content Illustration
Cologne_1564,299,2,Content Illustration
Cologne_1564,299,3,Content Illustration
Cologne_1564,300,1,Content Illustration
Cologne_1564,301,1,Content Illustration
Cologne_1564,301,2,Content Illustration
Cologne_1564,301,3,Content Illustration
Cologne_1564,302,1,Content Illustration
Cologne_1564,302,2,Content Illustration
Cologne_1564,303,1,Content Illustration
Cologne_1564,303,2,Content Illustration
Cologne_1564,303,3,Content Illustration
Cologne_1564,303,4,Content Illustration
Cologne_1564,303,5,Content Illustration
Cologne_1564,303,6,Content Illustration
Cologne_1564,303,7,Content Illustration
Cologne_1564,303,8,Content Illustration
Cologne_1564,303,9,Content Illustration
Cologne_1564,304,1,Content Illustration
Cologne_1564,304,2,Content Illustration
Cologne_1564,305,1,Content Illustration
Cologne_1564,305,2,Content Illustration
Cologne_1564,306,1,Content Illustration
Cologne_1564,306,2,Content Illustration
Cologne_1564,306,3,Content Illustration
Cologne_1564,307,1,Content Illustration
Cologne_1564,307,2,Content Illustration
Cologne_1564,307,3,Content Illustration
Cologne_1564,308,1,Content Illustration
Cologne_1564,308,2,Content Illustration
Cologne_1564,309,1,Content Illustration
Cologne_1564,309,2,Content Illustration
Cologne_1564,309,3,Content Illustration
Cologne_1564,310,1,Content Illustration
Cologne_1564,311,1,Content Illustration
Cologne_1564,312,1,Content Illustration
Cologne_1564,312,2,Content Illustration
Cologne_1564,312,3,Content Illustration
Cologne_1564,313,1,Content Illustration
Cologne_1564,313,2,Content Illustration
Cologne_1564,314,1,Content Illustration
Cologne_1564,315,1,Content Illustration
Cologne_1564,315,2,Content Illustration
Cologne_1564,316,1,Content Illustration
Cologne_1564,317,1,Content Illustration
Cologne_1564,317,2,Content Illustration
Cologne_1564,318,1,Content Illustration
Cologne_1564,318,2,Content Illustration
Cologne_1564,318,3,Content Illustration
Cologne_1564,319,1,Content Illustration
Cologne_1564,319,2,Content Illustration
Cologne_1564,320,1,Content Illustration
Cologne_1564,320,2,Content Illustration
Cologne_1564,321,1,Content Illustration
Cologne_1564,321,2,Content Illustration
Cologne_1564,321,3,Content Illustration
Cologne_1564,322,1,Content Illustration
Cologne_1564,322,2,Content Illustration
Cologne_1564,323,1,Content Illustration
Cologne_1564,323,2,Content Illustration
Cologne_1564,323,3,Content Illustration
Cologne_1564,324,1,Content Illustration
Cologne_1564,325,1,Content Illustration
Cologne_1564,326,1,Content Illustration
Cologne_1564,326,2,Content Illustration
Cologne_1564,327,1,Content Illustration
Cologne_1564,327,2,Content Illustration
Cologne_1564,328,1,Content Illustration
Cologne_1564,328,2,Content Illustration
Cologne_1564,329,1,Content Illustration
Cologne_1564,329,2,Content Illustration
Cologne_1564,330,1,Content Illustration
Cologne_1564,330,2,Content Illustration
Cologne_1564,331,1,Content Illustration
Cologne_1564,331,2,Content Illustration
Cologne_1564,332,1,Content Illustration
Cologne_1564,332,2,Content Illustration
Cologne_1564,333,1,Content Illustration
Cologne_1564,333,2,Content Illustration
Cologne_1564,334,1,Content Illustration
Cologne_1564,334,2,Content Illustration
Cologne_1564,342,1,Content Illustration
Cologne_1564,342,2,Content Illustration
Cologne_1564,342,3,Content Illustration
Cologne_1564,343,1,Content Illustration
Cologne_1564,344,1,Content Illustration
Cologne_1564,344,2,Content Illustration
Cologne_1564,344,3,Content Illustration
Cologne_1564,344,4,Content Illustration
Cologne_1564,350,1,Content Illustration
Cologne_1564,350,2,Content Illustration
Cologne_1564,350,3,Content Illustration
Cologne_1564,351,1,Content Illustration
Cologne_1564,351,2,Content Illustration
Cologne_1564,351,3,Content Illustration
Cologne_1564,352,1,Content Illustration
Cologne_1564,358,1,Content Illustration
Cologne_1564,382,1,Content Illustration
Cologne_1564,481,1,Content Illustration
Paris_1564,102,1,Content Illustration
Paris_1564,104,1,Content Illustration
Paris_1564,104,2,Content Illustration
Paris_1564,106,1,Content Illustration
Paris_1564,107,1,Content Illustration
Paris_1564,116,1,Content Illustration
Paris_1564,120,1,Content Illustration
Paris_1564,124,1,Content Illustration
Paris_1564,129,1,Content Illustration
Paris_1564,12,1,Content Illustration
Paris_1564,12,2,Content Illustration
Paris_1564,132,1,Content Illustration
Paris_1564,134,1,Content Illustration
Paris_1564,135,1,Content Illustration
Paris_1564,136,1,Content Illustration
Paris_1564,136,2,Content Illustration
Paris_1564,137,1,Content Illustration
Paris_1564,139,1,Content Illustration
Paris_1564,13,1,Content Illustration
Paris_1564,13,2,Content Illustration
Paris_1564,13,3,Content Illustration
Paris_1564,13,4,Content Illustration
Paris_1564,13,5,Content Illustration
Paris_1564,141,1,Content Illustration
Paris_1564,143,1,Content Illustration
Paris_1564,147,1,Content Illustration
Paris_1564,149,1,Content Illustration
Paris_1564,14,1,Content Illustration
Paris_1564,14,2,Content Illustration
Paris_1564,152,1,Content Illustration
Paris_1564,156,1,Content Illustration
Paris_1564,15,1,Content Illustration
Paris_1564,160,1,Content Illustration
Paris_1564,160,2,Content Illustration
Paris_1564,161,1,Content Illustration
Paris_1564,161,2,Content Illustration
Paris_1564,162,1,Content Illustration
Paris_1564,162,2,Content Illustration
Paris_1564,163,1,Content Illustration
Paris_1564,163,2,Content Illustration
Paris_1564,163,3,Content Illustration
Paris_1564,165,1,Content Illustration
Paris_1564,167,1,Content Illustration
Paris_1564,168,1,Content Illustration
Paris_1564,168,2,Content Illustration
Paris_1564,169,1,Content Illustration
Paris_1564,169,2,Content Illustration
Paris_1564,16,1,Content Illustration
Paris_1564,16,2,Content Illustration
Paris_1564,172,1,Content Illustration
Paris_1564,174,1,Content Illustration
Paris_1564,175,1,Content Illustration
Paris_1564,176,1,Content Illustration
Paris_1564,176,2,Content Illustration
Paris_1564,177,1,Content Illustration
Paris_1564,178,1,Content Illustration
Paris_1564,179,1,Content Illustration
Paris_1564,17,1,Content Illustration
Paris_1564,17,2,Content Illustration
Paris_1564,180,1,Content Illustration
Paris_1564,183,1,Content Illustration
Paris_1564,184,1,Content Illustration
Paris_1564,185,1,Content Illustration
Paris_1564,185,2,Content Illustration
Paris_1564,186,1,Content Illustration
Paris_1564,187,1,Content Illustration
Paris_1564,189,1,Content Illustration
Paris_1564,18,1,Content Illustration
Paris_1564,18,2,Content Illustration
Paris_1564,190,1,Content Illustration
Paris_1564,191,1,Content Illustration
Paris_1564,192,1,Content Illustration
Paris_1564,193,1,Content Illustration
Paris_1564,196,1,Content Illustration
Paris_1564,198,1,Content Illustration
Paris_1564,19,1,Content Illustration
Paris_1564,19,2,Content Illustration
Paris_1564,201,1,Content Illustration
Paris_1564,202,1,Content Illustration
Paris_1564,204,1,Content Illustration
Paris_1564,205,1,Content Illustration
Paris_1564,207,1,Content Illustration
Paris_1564,208,1,Content Illustration
Paris_1564,208,2,Content Illustration
Paris_1564,20,1,Content Illustration
Paris_1564,211,1,Content Illustration
Paris_1564,215,1,Content Illustration
Paris_1564,216,1,Content Illustration
Paris_1564,216,2,Content Illustration
Paris_1564,216,3,Content Illustration
Paris_1564,218,1,Content Illustration
Paris_1564,219,1,Content Illustration
Paris_1564,21,1,Content Illustration
Paris_1564,21,2,Content Illustration
Paris_1564,222,1,Content Illustration
Paris_1564,224,1,Content Illustration
Paris_1564,227,1,Content Illustration
Paris_1564,227,2,Content Illustration
Paris_1564,229,1,Content Illustration
Paris_1564,229,2,Content Illustration
Paris_1564,232,1,Content Illustration
Paris_1564,232,2,Content Illustration
Paris_1564,234,1,Content Illustration
Paris_1564,235,1,Content Illustration
Paris_1564,237,1,Content Illustration
Paris_1564,238,1,Content Illustration
Paris_1564,239,1,Content Illustration
Paris_1564,23,1,Content Illustration
Paris_1564,23,2,Content Illustration
Paris_1564,240,1,Content Illustration
Paris_1564,241,1,Content Illustration
Paris_1564,242,1,Content Illustration
Paris_1564,244,1,Content Illustration
Paris_1564,245,1,Content Illustration
Paris_1564,246,1,Content Illustration
Paris_1564,248,1,Content Illustration
Paris_1564,24,1,Content Illustration
Paris_1564,251,1,Content Illustration
Paris_1564,254,1,Content Illustration
Paris_1564,263,1,Content Illustration
Paris_1564,269,1,Content Illustration
Paris_1564,26,1,Content Illustration
Paris_1564,271,1,Content Illustration
Paris_1564,273,1,Content Illustration
Paris_1564,276,1,Content Illustration
Paris_1564,277,1,Content Illustration
Paris_1564,277,2,Content Illustration
Paris_1564,277,3,Content Illustration
Paris_1564,278,1,Content Illustration
Paris_1564,279,1,Content Illustration
Paris_1564,27,1,Content Illustration
Paris_1564,280,1,Content Illustration
Paris_1564,281,1,Content Illustration
Paris_1564,289,1,Content Illustration
Paris_1564,289,2,Content Illustration
Paris_1564,289,3,Content Illustration
Paris_1564,289,4,Content Illustration
Paris_1564,28,1,Content Illustration
Paris_1564,294,1,Content Illustration
Paris_1564,297,1,Content Illustration
Paris_1564,299,1,Content Illustration
Paris_1564,29,1,Content Illustration
Paris_1564,29,2,Content Illustration
Paris_1564,303,1,Content Illustration
Paris_1564,305,1,Content Illustration
Paris_1564,30,1,Content Illustration
Paris_1564,313,1,Content Illustration
Paris_1564,313,2,Content Illustration
Paris_1564,314,1,Content Illustration
Paris_1564,314,2,Content Illustration
Paris_1564,31,1,Content Illustration
Paris_1564,322,1,Content Illustration
Paris_1564,326,1,Content Illustration
Paris_1564,327,1,Content Illustration
Paris_1564,328,1,Content Illustration
Paris_1564,32,1,Content Illustration
Paris_1564,332,1,Content Illustration
Paris_1564,333,1,Content Illustration
Paris_1564,335,1,Content Illustration
Paris_1564,337,1,Content Illustration
Paris_1564,338,1,Content Illustration
Paris_1564,339,1,Content Illustration
Paris_1564,339,2,Content Illustration
Paris_1564,33,1,Content Illustration
Paris_1564,33,2,Content Illustration
Paris_1564,33,3,Content Illustration
Paris_1564,33,4,Content Illustration
Paris_1564,33,5,Content Illustration
Paris_1564,33,6,Content Illustration
Paris_1564,341,1,Content Illustration
Paris_1564,342,1,Content Illustration
Paris_1564,342,2,Content Illustration
Paris_1564,343,1,Content Illustration
Paris_1564,345,1,Content Illustration
Paris_1564,347,1,Content Illustration
Paris_1564,349,1,Content Illustration
Paris_1564,34,1,Content Illustration
Paris_1564,352,1,Content Illustration
Paris_1564,352,2,Content Illustration
Paris_1564,354,1,Content Illustration
Paris_1564,356,1,Content Illustration
Paris_1564,356,2,Content Illustration
Paris_1564,356,3,Content Illustration
Paris_1564,356,4,Content Illustration
Paris_1564,35,1,Content Illustration
Paris_1564,35,2,Content Illustration
Paris_1564,360,1,Content Illustration
Paris_1564,361,1,Content Illustration
Paris_1564,361,2,Content Illustration
Paris_1564,361,3,Content Illustration
Paris_1564,365,1,Content Illustration
Paris_1564,367,1,Content Illustration
Paris_1564,369,1,Content Illustration
Paris_1564,369,2,Content Illustration
Paris_1564,36,1,Content Illustration
Paris_1564,370,1,Content Illustration
Paris_1564,372,1,Content Illustration
Paris_1564,373,1,Content Illustration
Paris_1564,373,2,Content Illustration
Paris_1564,374,1,Content Illustration
Paris_1564,377,1,Content Illustration
Paris_1564,378,1,Content Illustration
Paris_1564,37,1,Content Illustration
Paris_1564,37,2,Content Illustration
Paris_1564,380,1,Content Illustration
Paris_1564,381,1,Content Illustration
Paris_1564,382,1,Content Illustration
Paris_1564,383,1,Content Illustration
Paris_1564,383,2,Content Illustration
Paris_1564,383,3,Content Illustration
Paris_1564,383,4,Content Illustration
Paris_1564,385,1,Content Illustration
Paris_1564,388,1,Content Illustration
Paris_1564,388,2,Content Illustration
Paris_1564,38,1,Content Illustration
Paris_1564,391,1,Content Illustration
Paris_1564,393,1,Content Illustration
Paris_1564,39,1,Content Illustration
Paris_1564,40,1,Content Illustration
Paris_1564,41,1,Content Illustration
Paris_1564,41,2,Content Illustration
Paris_1564,42,1,Content Illustration
Paris_1564,43,1,Content Illustration
Paris_1564,43,2,Content Illustration
Paris_1564,44,1,Content Illustration
Paris_1564,45,1,Content Illustration
Paris_1564,46,1,Content Illustration
Paris_1564,46,2,Content Illustration
Paris_1564,47,1,Content Illustration
Paris_1564,47,2,Content Illustration
Paris_1564,48,1,Content Illustration
Paris_1564,48,2,Content Illustration
Paris_1564,49,1,Content Illustration
Paris_1564,4,1,Content Illustration
Paris_1564,50,1,Content Illustration
Paris_1564,51,1,Content Illustration
Paris_1564,51,2,Content Illustration
Paris_1564,53,1,Content Illustration
Paris_1564,54,1,Content Illustration
Paris_1564,54,2,Content Illustration
Paris_1564,61,1,Content Illustration
Paris_1564,61,2,Content Illustration
Paris_1564,61,3,Content Illustration
Paris_1564,64,1,Content Illustration
Paris_1564,66,1,Content Illustration
Paris_1564,66,2,Content Illustration
Paris_1564,66,3,Content Illustration
Paris_1564,67,1,Content Illustration
Paris_1564,68,1,Content Illustration
Paris_1564,71,1,Content Illustration
Paris_1564,73,1,Content Illustration
Paris_1564,74,1,Content Illustration
Paris_1564,76,1,Content Illustration
Paris_1564,77,1,Content Illustration
Paris_1564,78,1,Content Illustration
Paris_1564,79,1,Content Illustration
Paris_1564,80,1,Content Illustration
Paris_1564,82,1,Content Illustration
Paris_1564,83,1,Content Illustration
Paris_1564,83,2,Content Illustration
Paris_1564,84,1,Content Illustration
Paris_1564,85,1,Content Illustration
Paris_1564,85,2,Content Illustration
Paris_1564,87,1,Content Illustration
Paris_1564,89,1,Content Illustration
Paris_1564,95,1,Content Illustration
Wittenberg_1564,258,1,Content Illustration
Wittenberg_1564,260,1,Content Illustration
Wittenberg_1564,262,1,Content Illustration
Paris_1566a,14,1,Content Illustration
Paris_1566a,14,2,Content Illustration
Paris_1566a,15,1,Content Illustration
Paris_1566a,15,2,Content Illustration
Paris_1566a,15,3,Content Illustration
Paris_1566a,15,4,Content Illustration
Paris_1566a,16,1,Content Illustration
Paris_1566a,17,1,Content Illustration
Paris_1566a,17,2,Content Illustration
Paris_1566a,17,3,Content Illustration
Paris_1566a,17,4,Content Illustration
Paris_1566a,17,5,Content Illustration
Paris_1566a,17,6,Content Illustration
Paris_1566a,17,7,Content Illustration
Paris_1566a,18,1,Content Illustration
Paris_1566a,18,2,Content Illustration
Paris_1566a,18,3,Content Illustration
Paris_1566a,20,1,Content Illustration
Paris_1566a,20,2,Content Illustration
Paris_1566a,20,3,Content Illustration
Paris_1566a,21,1,Content Illustration
Paris_1566a,21,2,Content Illustration
Paris_1566a,21,3,Content Illustration
Paris_1566a,21,4,Content Illustration
Paris_1566a,22,1,Content Illustration
Paris_1566a,22,2,Content Illustration
Paris_1566a,22,3,Content Illustration
Paris_1566a,22,4,Content Illustration
Paris_1566a,22,5,Content Illustration
Paris_1566a,23,1,Content Illustration
Paris_1566a,23,2,Content Illustration
Paris_1566a,23,3,Content Illustration
Paris_1566a,24,1,Content Illustration
Paris_1566a,24,2,Content Illustration
Paris_1566a,24,3,Content Illustration
Paris_1566a,24,4,Content Illustration
Paris_1566a,24,5,Content Illustration
Paris_1566a,24,6,Content Illustration
Paris_1566a,25,1,Content Illustration
Paris_1566a,25,2,Content Illustration
Paris_1566a,25,3,Content Illustration
Paris_1566a,26,1,Content Illustration
Paris_1566a,26,2,Content Illustration
Paris_1566a,26,3,Content Illustration
Paris_1566a,26,4,Content Illustration
Paris_1566a,27,1,Content Illustration
Paris_1566a,27,2,Content Illustration
Paris_1566a,27,3,Content Illustration
Paris_1566a,27,4,Content Illustration
Paris_1566a,28,1,Content Illustration
Paris_1566a,28,2,Content Illustration
Paris_1566a,28,3,Content Illustration
Paris_1566a,29,1,Content Illustration
Paris_1566a,29,2,Content Illustration
Paris_1566a,31,1,Content Illustration
Paris_1566a,38,1,Content Illustration
Paris_1566a,39,1,Content Illustration
Paris_1566a,39,2,Content Illustration
Paris_1566a,41,1,Content Illustration
Paris_1566a,42,1,Content Illustration
Paris_1566a,42,2,Content Illustration
Paris_1566a,42,3,Content Illustration
Paris_1566a,43,1,Content Illustration
Paris_1566a,44,1,Content Illustration
Paris_1566a,45,1,Content Illustration
Paris_1566a,45,2,Content Illustration
Paris_1566a,48,1,Content Illustration
Paris_1566a,61,1,Content Illustration
Paris_1566a,61,2,Content Illustration
Paris_1566a,62,1,Content Illustration
Paris_1566a,62,2,Content Illustration
Paris_1566a,62,3,Content Illustration
Paris_1566a,63,1,Content Illustration
Paris_1566a,63,2,Content Illustration
Paris_1566a,64,1,Content Illustration
Paris_1566,102,1,Content Illustration
Paris_1566,103,1,Content Illustration
Paris_1566,106,1,Content Illustration
Paris_1566,107,1,Content Illustration
Paris_1566,107,2,Content Illustration
Paris_1566,109,1,Content Illustration
Paris_1566,112,1,Content Illustration
Paris_1566,112,2,Content Illustration
Paris_1566,117,1,Content Illustration
Paris_1566,117,2,Content Illustration
Paris_1566,118,1,Content Illustration
Paris_1566,119,1,Content Illustration
Paris_1566,119,2,Content Illustration
Paris_1566,121,1,Content Illustration
Paris_1566,123,1,Content Illustration
Paris_1566,123,2,Content Illustration
Paris_1566,124,1,Content Illustration
Paris_1566,124,2,Content Illustration
Paris_1566,126,1,Content Illustration
Paris_1566,126,2,Content Illustration
Paris_1566,127,1,Content Illustration
Paris_1566,128,1,Content Illustration
Paris_1566,128,2,Content Illustration
Paris_1566,129,1,Content Illustration
Paris_1566,129,2,Content Illustration
Paris_1566,129,3,Content Illustration
Paris_1566,130,1,Content Illustration
Paris_1566,130,2,Content Illustration
Paris_1566,130,3,Content Illustration
Paris_1566,131,1,Content Illustration
Paris_1566,131,2,Content Illustration
Paris_1566,131,3,Content Illustration
Paris_1566,132,1,Content Illustration
Paris_1566,132,2,Content Illustration
Paris_1566,132,3,Content Illustration
Paris_1566,132,4,Content Illustration
Paris_1566,133,1,Content Illustration
Paris_1566,133,2,Content Illustration
Paris_1566,134,1,Content Illustration
Paris_1566,134,2,Content Illustration
Paris_1566,134,3,Content Illustration
Paris_1566,134,4,Content Illustration
Paris_1566,135,1,Content Illustration
Paris_1566,135,2,Content Illustration
Paris_1566,136,1,Content Illustration
Paris_1566,136,2,Content Illustration
Paris_1566,137,1,Content Illustration
Paris_1566,137,2,Content Illustration
Paris_1566,138,1,Content Illustration
Paris_1566,138,2,Content Illustration
Paris_1566,139,1,Content Illustration
Paris_1566,139,2,Content Illustration
Paris_1566,139,3,Content Illustration
Paris_1566,139,4,Content Illustration
Paris_1566,140,1,Content Illustration
Paris_1566,140,2,Content Illustration
Paris_1566,141,1,Content Illustration
Paris_1566,141,2,Content Illustration
Paris_1566,141,3,Content Illustration
Paris_1566,142,1,Content Illustration
Paris_1566,142,2,Content Illustration
Paris_1566,143,1,Content Illustration
Paris_1566,143,2,Content Illustration
Paris_1566,143,3,Content Illustration
Paris_1566,144,1,Content Illustration
Paris_1566,145,1,Content Illustration
Paris_1566,145,2,Content Illustration
Paris_1566,145,3,Content Illustration
Paris_1566,146,1,Content Illustration
Paris_1566,154,1,Content Illustration
Paris_1566,154,2,Content Illustration
Paris_1566,155,1,Content Illustration
Paris_1566,158,1,Content Illustration
Paris_1566,161,1,Content Illustration
Paris_1566,166,1,Content Illustration
Paris_1566,167,1,Content Illustration
Paris_1566,167,2,Content Illustration
Paris_1566,168,1,Content Illustration
Paris_1566,169,1,Content Illustration
Paris_1566,170,1,Content Illustration
Paris_1566,170,2,Content Illustration
Paris_1566,171,1,Content Illustration
Paris_1566,172,1,Content Illustration
Paris_1566,174,1,Content Illustration
Paris_1566,175,1,Content Illustration
Paris_1566,175,2,Content Illustration
Paris_1566,176,1,Content Illustration
Paris_1566,176,2,Content Illustration
Paris_1566,177,1,Content Illustration
Paris_1566,177,2,Content Illustration
Paris_1566,179,1,Content Illustration
Paris_1566,179,2,Content Illustration
Paris_1566,179,3,Content Illustration
Paris_1566,179,4,Content Illustration
Paris_1566,189,1,Content Illustration
Paris_1566,189,2,Content Illustration
Paris_1566,189,3,Content Illustration
Paris_1566,189,4,Content Illustration
Paris_1566,193,1,Content Illustration
Paris_1566,193,2,Content Illustration
Paris_1566,195,1,Content Illustration
Paris_1566,195,2,Content Illustration
Paris_1566,196,1,Content Illustration
Paris_1566,196,2,Content Illustration
Paris_1566,199,1,Content Illustration
Paris_1566,199,2,Content Illustration
Paris_1566,203,1,Content Illustration
Paris_1566,203,2,Content Illustration
Paris_1566,204,1,Content Illustration
Paris_1566,204,2,Content Illustration
Paris_1566,204,3,Content Illustration
Paris_1566,204,4,Content Illustration
Paris_1566,204,5,Content Illustration
Paris_1566,204,6,Content Illustration
Paris_1566,205,1,Content Illustration
Paris_1566,205,2,Content Illustration
Paris_1566,212,1,Content Illustration
Paris_1566,213,1,Content Illustration
Paris_1566,220,1,Content Illustration
Paris_1566,220,2,Content Illustration
Paris_1566,221,1,Content Illustration
Paris_1566,224,1,Content Illustration
Paris_1566,224,2,Content Illustration
Paris_1566,225,1,Content Illustration
Paris_1566,225,2,Content Illustration
Paris_1566,225,3,Content Illustration
Paris_1566,226,1,Content Illustration
Paris_1566,227,1,Content Illustration
Paris_1566,228,1,Content Illustration
Paris_1566,228,2,Content Illustration
Paris_1566,228,3,Content Illustration
Paris_1566,228,4,Content Illustration
Paris_1566,230,1,Content Illustration
Paris_1566,230,2,Content Illustration
Paris_1566,232,1,Content Illustration
Paris_1566,233,1,Content Illustration
Paris_1566,234,1,Content Illustration
Paris_1566,235,1,Content Illustration
Paris_1566,235,2,Content Illustration
Paris_1566,235,3,Content Illustration
Paris_1566,236,1,Content Illustration
Paris_1566,236,2,Content Illustration
Paris_1566,236,3,Content Illustration
Paris_1566,242,1,Content Illustration
Paris_1566,242,2,Content Illustration
Paris_1566,243,1,Content Illustration
Paris_1566,244,1,Content Illustration
Paris_1566,245,1,Content Illustration
Paris_1566,245,2,Content Illustration
Paris_1566,246,1,Content Illustration
Paris_1566,246,2,Content Illustration
Paris_1566,247,1,Content Illustration
Paris_1566,247,2,Content Illustration
Paris_1566,248,1,Content Illustration
Paris_1566,248,2,Content Illustration
Paris_1566,249,1,Content Illustration
Paris_1566,249,2,Content Illustration
Paris_1566,250,1,Content Illustration
Paris_1566,251,1,Content Illustration
Paris_1566,251,2,Content Illustration
Paris_1566,253,1,Content Illustration
Paris_1566,253,2,Content Illustration
Paris_1566,256,1,Content Illustration
Paris_1566,259,1,Content Illustration
Paris_1566,260,1,Content Illustration
Paris_1566,260,2,Content Illustration
Paris_1566,261,1,Content Illustration
Paris_1566,262,1,Content Illustration
Paris_1566,262,2,Content Illustration
Paris_1566,263,1,Content Illustration
Paris_1566,264,1,Content Illustration
Paris_1566,264,2,Content Illustration
Paris_1566,265,1,Content Illustration
Paris_1566,266,1,Content Illustration
Paris_1566,266,2,Content Illustration
Paris_1566,267,1,Content Illustration
Paris_1566,267,2,Content Illustration
Paris_1566,268,1,Content Illustration
Paris_1566,268,2,Content Illustration
Paris_1566,269,1,Content Illustration
Paris_1566,270,1,Content Illustration
Paris_1566,270,2,Content Illustration
Paris_1566,271,1,Content Illustration
Paris_1566,272,1,Content Illustration
Paris_1566,272,2,Content Illustration
Paris_1566,273,1,Content Illustration
Paris_1566,273,2,Content Illustration
Paris_1566,273,3,Content Illustration
Paris_1566,274,1,Content Illustration
Paris_1566,274,2,Content Illustration
Paris_1566,274,3,Content Illustration
Paris_1566,275,1,Content Illustration
Paris_1566,277,1,Content Illustration
Paris_1566,277,2,Content Illustration
Paris_1566,278,1,Content Illustration
Paris_1566,278,2,Content Illustration
Paris_1566,279,1,Content Illustration
Paris_1566,27,1,Content Illustration
Paris_1566,282,1,Content Illustration
Paris_1566,283,1,Content Illustration
Paris_1566,284,1,Content Illustration
Paris_1566,284,2,Content Illustration
Paris_1566,285,1,Content Illustration
Paris_1566,286,1,Content Illustration
Paris_1566,286,2,Content Illustration
Paris_1566,287,1,Content Illustration
Paris_1566,288,1,Content Illustration
Paris_1566,288,2,Content Illustration
Paris_1566,289,1,Content Illustration
Paris_1566,289,2,Content Illustration
Paris_1566,290,1,Content Illustration
Paris_1566,290,2,Content Illustration
Paris_1566,293,1,Content Illustration
Paris_1566,293,2,Content Illustration
Paris_1566,294,1,Content Illustration
Paris_1566,295,1,Content Illustration
Paris_1566,295,2,Content Illustration
Paris_1566,297,1,Content Illustration
Paris_1566,298,1,Content Illustration
Paris_1566,299,1,Content Illustration
Paris_1566,299,2,Content Illustration
Paris_1566,29,1,Content Illustration
Paris_1566,29,2,Content Illustration
Paris_1566,29,3,Content Illustration
Paris_1566,300,1,Content Illustration
Paris_1566,301,1,Content Illustration
Paris_1566,302,1,Content Illustration
Paris_1566,302,2,Content Illustration
Paris_1566,303,1,Content Illustration
Paris_1566,303,2,Content Illustration
Paris_1566,304,1,Content Illustration
Paris_1566,304,2,Content Illustration
Paris_1566,305,1,Content Illustration
Paris_1566,306,1,Content Illustration
Paris_1566,306,2,Content Illustration
Paris_1566,306,3,Content Illustration
Paris_1566,307,1,Content Illustration
Paris_1566,307,2,Content Illustration
Paris_1566,307,3,Content Illustration
Paris_1566,308,1,Content Illustration
Paris_1566,308,2,Content Illustration
Paris_1566,309,1,Content Illustration
Paris_1566,309,2,Content Illustration
Paris_1566,30,1,Content Illustration
Paris_1566,30,2,Content Illustration
Paris_1566,310,1,Content Illustration
Paris_1566,310,2,Content Illustration
Paris_1566,311,1,Content Illustration
Paris_1566,311,2,Content Illustration
Paris_1566,311,3,Content Illustration
Paris_1566,312,1,Content Illustration
Paris_1566,312,2,Content Illustration
Paris_1566,313,1,Content Illustration
Paris_1566,313,2,Content Illustration
Paris_1566,313,3,Content Illustration
Paris_1566,314,1,Content Illustration
Paris_1566,314,2,Content Illustration
Paris_1566,315,1,Content Illustration
Paris_1566,315,2,Content Illustration
Paris_1566,315,3,Content Illustration
Paris_1566,316,1,Content Illustration
Paris_1566,316,2,Content Illustration
Paris_1566,316,3,Content Illustration
Paris_1566,317,1,Content Illustration
Paris_1566,317,2,Content Illustration
Paris_1566,317,3,Content Illustration
Paris_1566,318,1,Content Illustration
Paris_1566,319,1,Content Illustration
Paris_1566,319,2,Content Illustration
Paris_1566,319,3,Content Illustration
Paris_1566,319,4,Content Illustration
Paris_1566,31,1,Content Illustration
Paris_1566,31,2,Content Illustration
Paris_1566,31,3,Content Illustration
Paris_1566,320,1,Content Illustration
Paris_1566,320,2,Content Illustration
Paris_1566,321,1,Content Illustration
Paris_1566,322,1,Content Illustration
Paris_1566,323,1,Content Illustration
Paris_1566,323,2,Content Illustration
Paris_1566,323,3,Content Illustration
Paris_1566,324,1,Content Illustration
Paris_1566,324,2,Content Illustration
Paris_1566,324,3,Content Illustration
Paris_1566,324,4,Content Illustration
Paris_1566,325,1,Content Illustration
Paris_1566,326,1,Content Illustration
Paris_1566,327,1,Content Illustration
Paris_1566,327,2,Content Illustration
Paris_1566,328,1,Content Illustration
Paris_1566,329,1,Content Illustration
Paris_1566,330,1,Content Illustration
Paris_1566,331,1,Content Illustration
Paris_1566,331,2,Content Illustration
Paris_1566,331,3,Content Illustration
Paris_1566,331,4,Content Illustration
Paris_1566,331,5,Content Illustration
Paris_1566,332,1,Content Illustration
Paris_1566,333,1,Content Illustration
Paris_1566,335,1,Content Illustration
Paris_1566,335,2,Content Illustration
Paris_1566,336,1,Content Illustration
Paris_1566,337,1,Content Illustration
Paris_1566,338,1,Content Illustration
Paris_1566,339,1,Content Illustration
Paris_1566,339,2,Content Illustration
Paris_1566,33,1,Content Illustration
Paris_1566,340,1,Content Illustration
Paris_1566,340,2,Content Illustration
Paris_1566,340,3,Content Illustration
Paris_1566,340,4,Content Illustration
Paris_1566,341,1,Content Illustration
Paris_1566,341,2,Content Illustration
Paris_1566,342,1,Content Illustration
Paris_1566,342,2,Content Illustration
Paris_1566,342,3,Content Illustration
Paris_1566,342,4,Content Illustration
Paris_1566,342,5,Content Illustration
Paris_1566,343,1,Content Illustration
Paris_1566,344,1,Content Illustration
Paris_1566,344,2,Content Illustration
Paris_1566,344,3,Content Illustration
Paris_1566,345,1,Content Illustration
Paris_1566,347,1,Content Illustration
Paris_1566,347,2,Content Illustration
Paris_1566,348,1,Content Illustration
Paris_1566,34,1,Content Illustration
Paris_1566,34,2,Content Illustration
Paris_1566,34,3,Content Illustration
Paris_1566,350,1,Content Illustration
Paris_1566,350,2,Content Illustration
Paris_1566,351,1,Content Illustration
Paris_1566,352,1,Content Illustration
Paris_1566,353,1,Content Illustration
Paris_1566,353,2,Content Illustration
Paris_1566,354,1,Content Illustration
Paris_1566,355,1,Content Illustration
Paris_1566,355,2,Content Illustration
Paris_1566,356,1,Content Illustration
Paris_1566,356,2,Content Illustration
Paris_1566,357,1,Content Illustration
Paris_1566,358,1,Content Illustration
Paris_1566,359,1,Content Illustration
Paris_1566,359,2,Content Illustration
Paris_1566,35,1,Content Illustration
Paris_1566,35,2,Content Illustration
Paris_1566,35,3,Content Illustration
Paris_1566,360,1,Content Illustration
Paris_1566,361,1,Content Illustration
Paris_1566,362,1,Content Illustration
Paris_1566,362,2,Content Illustration
Paris_1566,363,1,Content Illustration
Paris_1566,363,2,Content Illustration
Paris_1566,364,1,Content Illustration
Paris_1566,365,1,Content Illustration
Paris_1566,367,1,Content Illustration
Paris_1566,367,2,Content Illustration
Paris_1566,369,1,Content Illustration
Paris_1566,36,1,Content Illustration
Paris_1566,36,2,Content Illustration
Paris_1566,371,1,Content Illustration
Paris_1566,375,1,Content Illustration
Paris_1566,376,1,Content Illustration
Paris_1566,377,1,Content Illustration
Paris_1566,377,2,Content Illustration
Paris_1566,378,1,Content Illustration
Paris_1566,379,1,Content Illustration
Paris_1566,379,2,Content Illustration
Paris_1566,37,1,Content Illustration
Paris_1566,37,2,Content Illustration
Paris_1566,37,3,Content Illustration
Paris_1566,380,1,Content Illustration
Paris_1566,380,2,Content Illustration
Paris_1566,381,1,Content Illustration
Paris_1566,382,1,Content Illustration
Paris_1566,382,2,Content Illustration
Paris_1566,382,3,Content Illustration
Paris_1566,384,1,Content Illustration
Paris_1566,385,1,Content Illustration
Paris_1566,385,2,Content Illustration
Paris_1566,386,1,Content Illustration
Paris_1566,386,2,Content Illustration
Paris_1566,386,3,Content Illustration
Paris_1566,387,1,Content Illustration
Paris_1566,387,2,Content Illustration
Paris_1566,388,1,Content Illustration
Paris_1566,388,2,Content Illustration
Paris_1566,389,1,Content Illustration
Paris_1566,389,2,Content Illustration
Paris_1566,389,3,Content Illustration
Paris_1566,38,1,Content Illustration
Paris_1566,38,2,Content Illustration
Paris_1566,38,3,Content Illustration
Paris_1566,391,1,Content Illustration
Paris_1566,391,2,Content Illustration
Paris_1566,392,1,Content Illustration
Paris_1566,392,2,Content Illustration
Paris_1566,393,1,Content Illustration
Paris_1566,395,1,Content Illustration
Paris_1566,395,2,Content Illustration
Paris_1566,396,1,Content Illustration
Paris_1566,396,2,Content Illustration
Paris_1566,397,1,Content Illustration
Paris_1566,398,1,Content Illustration
Paris_1566,398,2,Content Illustration
Paris_1566,39,1,Content Illustration
Paris_1566,39,2,Content Illustration
Paris_1566,39,3,Content Illustration
Paris_1566,400,1,Content Illustration
Paris_1566,401,1,Content Illustration
Paris_1566,401,2,Content Illustration
Paris_1566,402,1,Content Illustration
Paris_1566,403,1,Content Illustration
Paris_1566,403,2,Content Illustration
Paris_1566,405,1,Content Illustration
Paris_1566,406,1,Content Illustration
Paris_1566,406,2,Content Illustration
Paris_1566,408,1,Content Illustration
Paris_1566,409,1,Content Illustration
Paris_1566,40,1,Content Illustration
Paris_1566,40,2,Content Illustration
Paris_1566,40,3,Content Illustration
Paris_1566,410,1,Content Illustration
Paris_1566,411,1,Content Illustration
Paris_1566,411,2,Content Illustration
Paris_1566,412,1,Content Illustration
Paris_1566,413,1,Content Illustration
Paris_1566,414,1,Content Illustration
Paris_1566,414,2,Content Illustration
Paris_1566,415,1,Content Illustration
Paris_1566,416,1,Content Illustration
Paris_1566,416,2,Content Illustration
Paris_1566,417,1,Content Illustration
Paris_1566,418,1,Content Illustration
Paris_1566,418,2,Content Illustration
Paris_1566,419,1,Content Illustration
Paris_1566,41,1,Content Illustration
Paris_1566,41,2,Content Illustration
Paris_1566,41,3,Content Illustration
Paris_1566,420,1,Content Illustration
Paris_1566,420,2,Content Illustration
Paris_1566,421,1,Content Illustration
Paris_1566,422,1,Content Illustration
Paris_1566,422,2,Content Illustration
Paris_1566,422,3,Content Illustration
Paris_1566,422,4,Content Illustration
Paris_1566,422,5,Content Illustration
Paris_1566,423,1,Content Illustration
Paris_1566,424,1,Content Illustration
Paris_1566,425,1,Content Illustration
Paris_1566,426,1,Content Illustration
Paris_1566,429,1,Content Illustration
Paris_1566,429,2,Content Illustration
Paris_1566,42,1,Content Illustration
Paris_1566,42,2,Content Illustration
Paris_1566,42,3,Content Illustration
Paris_1566,43,1,Content Illustration
Paris_1566,43,2,Content Illustration
Paris_1566,44,1,Content Illustration
Paris_1566,44,2,Content Illustration
Paris_1566,45,1,Content Illustration
Paris_1566,45,2,Content Illustration
Paris_1566,45,3,Content Illustration
Paris_1566,45,4,Content Illustration
Paris_1566,46,1,Content Illustration
Paris_1566,46,2,Content Illustration
Paris_1566,46,3,Content Illustration
Paris_1566,46,4,Content Illustration
Paris_1566,47,1,Content Illustration
Paris_1566,47,2,Content Illustration
Paris_1566,48,1,Content Illustration
Paris_1566,48,2,Content Illustration
Paris_1566,48,3,Content Illustration
Paris_1566,49,1,Content Illustration
Paris_1566,49,2,Content Illustration
Paris_1566,49,3,Content Illustration
Paris_1566,49,4,Content Illustration
Paris_1566,50,1,Content Illustration
Paris_1566,50,2,Content Illustration
Paris_1566,50,3,Content Illustration
Paris_1566,50,4,Content Illustration
Paris_1566,50,5,Content Illustration
Paris_1566,50,6,Content Illustration
Paris_1566,51,1,Content Illustration
Paris_1566,51,2,Content Illustration
Paris_1566,51,3,Content Illustration
Paris_1566,52,1,Content Illustration
Paris_1566,52,2,Content Illustration
Paris_1566,53,1,Content Illustration
Paris_1566,54,1,Content Illustration
Paris_1566,55,1,Content Illustration
Paris_1566,55,2,Content Illustration
Paris_1566,55,3,Content Illustration
Paris_1566,56,1,Content Illustration
Paris_1566,56,2,Content Illustration
Paris_1566,56,3,Content Illustration
Paris_1566,57,1,Content Illustration
Paris_1566,57,2,Content Illustration
Paris_1566,58,1,Content Illustration
Paris_1566,58,2,Content Illustration
Paris_1566,59,1,Content Illustration
Paris_1566,59,2,Content Illustration
Paris_1566,60,1,Content Illustration
Paris_1566,60,2,Content Illustration
Paris_1566,61,1,Content Illustration
Paris_1566,61,2,Content Illustration
Paris_1566,63,1,Content Illustration
Paris_1566,63,2,Content Illustration
Paris_1566,63,3,Content Illustration
Paris_1566,64,1,Content Illustration
Paris_1566,64,2,Content Illustration
Paris_1566,64,3,Content Illustration
Paris_1566,64,4,Content Illustration
Paris_1566,65,1,Content Illustration
Paris_1566,65,2,Content Illustration
Paris_1566,65,3,Content Illustration
Paris_1566,66,1,Content Illustration
Paris_1566,66,2,Content Illustration
Paris_1566,66,3,Content Illustration
Paris_1566,67,1,Content Illustration
Paris_1566,67,2,Content Illustration
Paris_1566,67,3,Content Illustration
Paris_1566,68,1,Content Illustration
Paris_1566,69,1,Content Illustration
Paris_1566,69,2,Content Illustration
Paris_1566,70,1,Content Illustration
Paris_1566,70,2,Content Illustration
Paris_1566,70,3,Content Illustration
Paris_1566,71,1,Content Illustration
Paris_1566,71,2,Content Illustration
Paris_1566,71,3,Content Illustration
Paris_1566,72,1,Content Illustration
Paris_1566,72,2,Content Illustration
Paris_1566,73,1,Content Illustration
Paris_1566,74,1,Content Illustration
Paris_1566,74,2,Content Illustration
Paris_1566,75,1,Content Illustration
Paris_1566,76,1,Content Illustration
Paris_1566,76,2,Content Illustration
Paris_1566,76,3,Content Illustration
Paris_1566,76,4,Content Illustration
Paris_1566,77,1,Content Illustration
Paris_1566,77,2,Content Illustration
Paris_1566,77,3,Content Illustration
Paris_1566,77,4,Content Illustration
Paris_1566,78,1,Content Illustration
Paris_1566,78,2,Content Illustration
Paris_1566,78,3,Content Illustration
Paris_1566,79,1,Content Illustration
Paris_1566,79,2,Content Illustration
Paris_1566,79,3,Content Illustration
Paris_1566,79,4,Content Illustration
Paris_1566,80,1,Content Illustration
Paris_1566,80,2,Content Illustration
Paris_1566,81,1,Content Illustration
Paris_1566,81,2,Content Illustration
Paris_1566,82,1,Content Illustration
Paris_1566,82,2,Content Illustration
Paris_1566,82,3,Content Illustration
Paris_1566,83,1,Content Illustration
Paris_1566,83,2,Content Illustration
Paris_1566,83,3,Content Illustration
Paris_1566,84,1,Content Illustration
Paris_1566,86,1,Content Illustration
Paris_1566,86,2,Content Illustration
Paris_1566,86,3,Content Illustration
Paris_1566,87,1,Content Illustration
Paris_1566,87,2,Content Illustration
Paris_1566,87,3,Content Illustration
Paris_1566,88,1,Content Illustration
Paris_1566,88,2,Content Illustration
Paris_1566,88,3,Content Illustration
Paris_1566,88,4,Content Illustration
Paris_1566,89,1,Content Illustration
Paris_1566,89,2,Content Illustration
Paris_1566,90,1,Content Illustration
Paris_1566,90,2,Content Illustration
Paris_1566,91,1,Content Illustration
Paris_1566,91,2,Content Illustration
Paris_1566,92,1,Content Illustration
Paris_1566,92,2,Content Illustration
London_1570,1000,1,Content Illustration
London_1570,1001,1,Content Illustration
London_1570,1002,1,Content Illustration
London_1570,1003,1,Content Illustration
London_1570,1003,2,Content Illustration
London_1570,1004,1,Content Illustration
London_1570,1006,1,Content Illustration
London_1570,1007,1,Content Illustration
London_1570,1008,1,Content Illustration
London_1570,1009,1,Content Illustration
London_1570,1009,2,Content Illustration
London_1570,1009,3,Content Illustration
London_1570,100,1,Content Illustration
London_1570,1010,1,Content Illustration
London_1570,1011,1,Content Illustration
London_1570,1011,2,Content Illustration
London_1570,1012,1,Content Illustration
London_1570,1013,1,Content Illustration
London_1570,1014,1,Content Illustration
London_1570,1014,2,Content Illustration
London_1570,1015,1,Content Illustration
London_1570,1017,1,Content Illustration
London_1570,1018,1,Content Illustration
London_1570,1018,2,Content Illustration
London_1570,1019,1,Content Illustration
London_1570,1019,2,Content Illustration
London_1570,101,1,Content Illustration
London_1570,101,2,Content Illustration
London_1570,101,3,Content Illustration
London_1570,1020,1,Content Illustration
London_1570,1020,2,Content Illustration
London_1570,1020,3,Content Illustration
London_1570,1021,1,Content Illustration
London_1570,1021,2,Content Illustration
London_1570,1022,1,Content Illustration
London_1570,1022,2,Content Illustration
London_1570,1023,1,Content Illustration
London_1570,1023,2,Content Illustration
London_1570,1024,1,Content Illustration
London_1570,1027,1,Content Illustration
London_1570,1027,2,Content Illustration
London_1570,1028,1,Content Illustration
London_1570,1029,1,Content Illustration
London_1570,102,1,Content Illustration
London_1570,102,2,Content Illustration
London_1570,1030,1,Content Illustration
London_1570,1031,1,Content Illustration
London_1570,1033,1,Content Illustration
London_1570,1033,2,Content Illustration
London_1570,1034,1,Content Illustration
London_1570,1035,1,Content Illustration
London_1570,1035,2,Content Illustration
London_1570,1036,1,Content Illustration
London_1570,1037,1,Content Illustration
London_1570,1038,1,Content Illustration
London_1570,1039,1,Content Illustration
London_1570,1039,2,Content Illustration
London_1570,103,1,Content Illustration
London_1570,1040,1,Content Illustration
London_1570,1041,1,Content Illustration
London_1570,1042,1,Content Illustration
London_1570,1042,2,Content Illustration
London_1570,1044,1,Content Illustration
London_1570,1045,1,Content Illustration
London_1570,1046,1,Content Illustration
London_1570,1047,1,Content Illustration
London_1570,1048,1,Content Illustration
London_1570,1049,1,Content Illustration
London_1570,104,1,Content Illustration
London_1570,104,2,Content Illustration
London_1570,104,3,Content Illustration
London_1570,104,4,Content Illustration
London_1570,1050,1,Content Illustration
London_1570,1051,1,Content Illustration
London_1570,1052,1,Content Illustration
London_1570,1055,1,Content Illustration
London_1570,1056,1,Content Illustration
London_1570,1057,1,Content Illustration
London_1570,1059,1,Content Illustration
London_1570,1059,2,Content Illustration
London_1570,105,1,Content Illustration
London_1570,105,2,Content Illustration
London_1570,1060,1,Content Illustration
London_1570,1061,1,Content Illustration
London_1570,1062,1,Content Illustration
London_1570,1063,1,Content Illustration
London_1570,1064,1,Content Illustration
London_1570,1065,1,Content Illustration
London_1570,1065,2,Content Illustration
London_1570,1066,1,Content Illustration
London_1570,1067,1,Content Illustration
London_1570,1067,2,Content Illustration
London_1570,1068,1,Content Illustration
London_1570,1069,1,Content Illustration
London_1570,1069,2,Content Illustration
London_1570,106,1,Content Illustration
London_1570,106,2,Content Illustration
London_1570,1070,1,Content Illustration
London_1570,1070,2,Content Illustration
London_1570,1071,1,Content Illustration
London_1570,1072,1,Content Illustration
London_1570,1073,1,Content Illustration
London_1570,1074,1,Content Illustration
London_1570,1074,2,Content Illustration
London_1570,1075,1,Content Illustration
London_1570,1075,2,Content Illustration
London_1570,1075,3,Content Illustration
London_1570,1075,4,Content Illustration
London_1570,1076,1,Content Illustration
London_1570,1077,1,Content Illustration
London_1570,1078,1,Content Illustration
London_1570,107,1,Content Illustration
London_1570,107,2,Content Illustration
London_1570,1081,1,Content Illustration
London_1570,1081,2,Content Illustration
London_1570,1082,1,Content Illustration
London_1570,1083,1,Content Illustration
London_1570,1084,1,Content Illustration
London_1570,108,1,Content Illustration
London_1570,108,2,Content Illustration
London_1570,109,1,Content Illustration
London_1570,109,2,Content Illustration
London_1570,109,3,Content Illustration
London_1570,110,1,Content Illustration
London_1570,110,2,Content Illustration
London_1570,111,1,Content Illustration
London_1570,111,2,Content Illustration
London_1570,112,1,Content Illustration
London_1570,113,1,Content Illustration
London_1570,113,2,Content Illustration
London_1570,113,3,Content Illustration
London_1570,114,1,Content Illustration
London_1570,114,2,Content Illustration
London_1570,114,3,Content Illustration
London_1570,115,1,Content Illustration
London_1570,116,1,Content Illustration
London_1570,116,2,Content Illustration
London_1570,117,1,Content Illustration
London_1570,118,1,Content Illustration
London_1570,118,2,Content Illustration
London_1570,118,3,Content Illustration
London_1570,119,1,Content Illustration
London_1570,119,2,Content Illustration
London_1570,120,1,Content Illustration
London_1570,121,1,Content Illustration
London_1570,121,2,Content Illustration
London_1570,121,3,Content Illustration
London_1570,122,1,Content Illustration
London_1570,122,2,Content Illustration
London_1570,122,3,Content Illustration
London_1570,122,4,Content Illustration
London_1570,123,1,Content Illustration
London_1570,123,2,Content Illustration
London_1570,123,3,Content Illustration
London_1570,124,1,Content Illustration
London_1570,125,1,Content Illustration
London_1570,126,1,Content Illustration
London_1570,126,2,Content Illustration
London_1570,126,3,Content Illustration
London_1570,127,1,Content Illustration
London_1570,128,1,Content Illustration
London_1570,128,2,Content Illustration
London_1570,128,3,Content Illustration
London_1570,128,4,Content Illustration
London_1570,129,1,Content Illustration
London_1570,130,1,Content Illustration
London_1570,130,2,Content Illustration
London_1570,130,3,Content Illustration
London_1570,131,1,Content Illustration
London_1570,131,2,Content Illustration
London_1570,131,3,Content Illustration
London_1570,132,1,Content Illustration
London_1570,133,1,Content Illustration
London_1570,133,2,Content Illustration
London_1570,133,3,Content Illustration
London_1570,134,1,Content Illustration
London_1570,135,1,Content Illustration
London_1570,135,2,Content Illustration
London_1570,136,1,Content Illustration
London_1570,136,2,Content Illustration
London_1570,136,3,Content Illustration
London_1570,136,4,Content Illustration
London_1570,137,1,Content Illustration
London_1570,138,1,Content Illustration
London_1570,139,1,Content Illustration
London_1570,140,1,Content Illustration
London_1570,141,1,Content Illustration
London_1570,141,2,Content Illustration
London_1570,142,1,Content Illustration
London_1570,143,1,Content Illustration
London_1570,144,1,Content Illustration
London_1570,144,2,Content Illustration
London_1570,145,1,Content Illustration
London_1570,145,2,Content Illustration
London_1570,146,1,Content Illustration
London_1570,147,1,Content Illustration
London_1570,147,2,Content Illustration
London_1570,148,1,Content Illustration
London_1570,148,2,Content Illustration
London_1570,149,1,Content Illustration
London_1570,149,2,Content Illustration
London_1570,150,1,Content Illustration
London_1570,150,2,Content Illustration
London_1570,151,1,Content Illustration
London_1570,151,2,Content Illustration
London_1570,152,1,Content Illustration
London_1570,153,1,Content Illustration
London_1570,153,2,Content Illustration
London_1570,153,3,Content Illustration
London_1570,153,4,Content Illustration
London_1570,154,1,Content Illustration
London_1570,154,2,Content Illustration
London_1570,154,3,Content Illustration
London_1570,155,1,Content Illustration
London_1570,155,2,Content Illustration
London_1570,156,1,Content Illustration
London_1570,157,1,Content Illustration
London_1570,157,2,Content Illustration
London_1570,158,1,Content Illustration
London_1570,158,2,Content Illustration
London_1570,158,3,Content Illustration
London_1570,159,1,Content Illustration
London_1570,159,2,Content Illustration
London_1570,159,3,Content Illustration
London_1570,159,4,Content Illustration
London_1570,159,5,Content Illustration
London_1570,159,6,Content Illustration
London_1570,159,7,Content Illustration
London_1570,160,1,Content Illustration
London_1570,160,2,Content Illustration
London_1570,161,1,Content Illustration
London_1570,162,1,Content Illustration
London_1570,162,2,Content Illustration
London_1570,162,3,Content Illustration
London_1570,163,1,Content Illustration
London_1570,163,2,Content Illustration
London_1570,164,1,Content Illustration
London_1570,165,1,Content Illustration
London_1570,165,2,Content Illustration
London_1570,166,1,Content Illustration
London_1570,166,2,Content Illustration
London_1570,167,1,Content Illustration
London_1570,167,2,Content Illustration
London_1570,168,1,Content Illustration
London_1570,168,2,Content Illustration
London_1570,169,1,Content Illustration
London_1570,169,2,Content Illustration
London_1570,170,1,Content Illustration
London_1570,171,1,Content Illustration
London_1570,171,2,Content Illustration
London_1570,171,3,Content Illustration
London_1570,172,1,Content Illustration
London_1570,172,2,Content Illustration
London_1570,173,1,Content Illustration
London_1570,173,2,Content Illustration
London_1570,173,3,Content Illustration
London_1570,174,1,Content Illustration
London_1570,174,2,Content Illustration
London_1570,176,1,Content Illustration
London_1570,176,2,Content Illustration
London_1570,177,1,Content Illustration
London_1570,178,1,Content Illustration
London_1570,179,1,Content Illustration
London_1570,179,2,Content Illustration
London_1570,179,3,Content Illustration
London_1570,179,4,Content Illustration
London_1570,179,5,Content Illustration
London_1570,180,1,Content Illustration
London_1570,181,1,Content Illustration
London_1570,182,1,Content Illustration
London_1570,182,2,Content Illustration
London_1570,183,1,Content Illustration
London_1570,184,1,Content Illustration
London_1570,185,1,Content Illustration
London_1570,186,1,Content Illustration
London_1570,186,2,Content Illustration
London_1570,187,1,Content Illustration
London_1570,187,2,Content Illustration
London_1570,188,1,Content Illustration
London_1570,190,1,Content Illustration
London_1570,191,1,Content Illustration
London_1570,192,1,Content Illustration
London_1570,193,1,Content Illustration
London_1570,193,2,Content Illustration
London_1570,195,1,Content Illustration
London_1570,195,2,Content Illustration
London_1570,196,1,Content Illustration
London_1570,197,1,Content Illustration
London_1570,199,1,Content Illustration
London_1570,199,2,Content Illustration
London_1570,200,1,Content Illustration
London_1570,201,1,Content Illustration
London_1570,202,1,Content Illustration
London_1570,203,1,Content Illustration
London_1570,205,1,Content Illustration
London_1570,206,1,Content Illustration
London_1570,209,1,Content Illustration
London_1570,20,1,Content Illustration
London_1570,211,1,Content Illustration
London_1570,212,1,Content Illustration
London_1570,213,1,Content Illustration
London_1570,216,1,Content Illustration
London_1570,217,1,Content Illustration
London_1570,218,1,Content Illustration
London_1570,220,1,Content Illustration
London_1570,222,1,Content Illustration
London_1570,223,1,Content Illustration
London_1570,224,1,Content Illustration
London_1570,225,1,Content Illustration
London_1570,226,1,Content Illustration
London_1570,227,1,Content Illustration
London_1570,227,2,Content Illustration
London_1570,227,3,Content Illustration
London_1570,228,1,Content Illustration
London_1570,228,2,Content Illustration
London_1570,228,3,Content Illustration
London_1570,228,4,Content Illustration
London_1570,228,5,Content Illustration
London_1570,228,6,Content Illustration
London_1570,228,7,Content Illustration
London_1570,229,1,Content Illustration
London_1570,229,2,Content Illustration
London_1570,229,3,Content Illustration
London_1570,230,1,Content Illustration
London_1570,230,2,Content Illustration
London_1570,230,3,Content Illustration
London_1570,230,4,Content Illustration
London_1570,230,5,Content Illustration
London_1570,231,1,Content Illustration
London_1570,231,2,Content Illustration
London_1570,232,1,Content Illustration
London_1570,233,1,Content Illustration
London_1570,234,1,Content Illustration
London_1570,235,1,Content Illustration
London_1570,235,2,Content Illustration
London_1570,236,1,Content Illustration
London_1570,236,2,Content Illustration
London_1570,237,1,Content Illustration
London_1570,238,1,Content Illustration
London_1570,239,1,Content Illustration
London_1570,240,1,Content Illustration
London_1570,241,1,Content Illustration
London_1570,242,1,Content Illustration
London_1570,243,1,Content Illustration
London_1570,243,2,Content Illustration
London_1570,244,1,Content Illustration
London_1570,244,2,Content Illustration
London_1570,245,1,Content Illustration
London_1570,246,1,Content Illustration
London_1570,246,2,Content Illustration
London_1570,247,1,Content Illustration
London_1570,248,1,Content Illustration
London_1570,248,2,Content Illustration
London_1570,248,3,Content Illustration
London_1570,249,1,Content Illustration
London_1570,250,1,Content Illustration
London_1570,250,2,Content Illustration
London_1570,251,1,Content Illustration
London_1570,251,2,Content Illustration
London_1570,252,1,Content Illustration
London_1570,252,2,Content Illustration
London_1570,253,1,Content Illustration
London_1570,254,1,Content Illustration
London_1570,255,1,Content Illustration
London_1570,255,2,Content Illustration
London_1570,256,1,Content Illustration
London_1570,256,2,Content Illustration
London_1570,257,1,Content Illustration
London_1570,258,1,Content Illustration
London_1570,258,2,Content Illustration
London_1570,259,1,Content Illustration
London_1570,259,2,Content Illustration
London_1570,260,1,Content Illustration
London_1570,260,2,Content Illustration
London_1570,261,1,Content Illustration
London_1570,262,1,Content Illustration
London_1570,262,2,Content Illustration
London_1570,263,1,Content Illustration
London_1570,263,2,Content Illustration
London_1570,263,3,Content Illustration
London_1570,264,1,Content Illustration
London_1570,264,2,Content Illustration
London_1570,264,3,Content Illustration
London_1570,265,1,Content Illustration
London_1570,265,2,Content Illustration
London_1570,266,1,Content Illustration
London_1570,266,2,Content Illustration
London_1570,267,1,Content Illustration
London_1570,268,1,Content Illustration
London_1570,269,1,Content Illustration
London_1570,269,2,Content Illustration
London_1570,270,1,Content Illustration
London_1570,271,1,Content Illustration
London_1570,272,1,Content Illustration
London_1570,273,1,Content Illustration
London_1570,274,1,Content Illustration
London_1570,275,1,Content Illustration
London_1570,275,2,Content Illustration
London_1570,276,1,Content Illustration
London_1570,277,1,Content Illustration
London_1570,277,2,Content Illustration
London_1570,278,1,Content Illustration
London_1570,278,2,Content Illustration
London_1570,279,1,Content Illustration
London_1570,280,1,Content Illustration
London_1570,281,1,Content Illustration
London_1570,282,1,Content Illustration
London_1570,283,1,Content Illustration
London_1570,285,1,Content Illustration
London_1570,287,1,Content Illustration
London_1570,287,2,Content Illustration
London_1570,288,1,Content Illustration
London_1570,288,2,Content Illustration
London_1570,289,1,Content Illustration
London_1570,289,2,Content Illustration
London_1570,290,1,Content Illustration
London_1570,291,1,Content Illustration
London_1570,291,2,Content Illustration
London_1570,291,3,Content Illustration
London_1570,292,1,Content Illustration
London_1570,292,2,Content Illustration
London_1570,293,1,Content Illustration
London_1570,293,2,Content Illustration
London_1570,294,1,Content Illustration
London_1570,295,1,Content Illustration
London_1570,296,1,Content Illustration
London_1570,296,2,Content Illustration
London_1570,297,1,Content Illustration
London_1570,298,1,Content Illustration
London_1570,299,1,Content Illustration
London_1570,2,1,Content Illustration
London_1570,300,1,Content Illustration
London_1570,301,1,Content Illustration
London_1570,301,2,Content Illustration
London_1570,302,1,Content Illustration
London_1570,302,2,Content Illustration
London_1570,304,1,Content Illustration
London_1570,305,1,Content Illustration
London_1570,306,1,Content Illustration
London_1570,307,1,Content Illustration
London_1570,308,1,Content Illustration
London_1570,309,1,Content Illustration
London_1570,310,1,Content Illustration
London_1570,311,1,Content Illustration
London_1570,312,1,Content Illustration
London_1570,312,2,Content Illustration
London_1570,313,1,Content Illustration
London_1570,314,1,Content Illustration
London_1570,318,1,Content Illustration
London_1570,318,2,Content Illustration
London_1570,319,1,Content Illustration
London_1570,319,2,Content Illustration
London_1570,319,3,Content Illustration
London_1570,322,1,Content Illustration
London_1570,322,2,Content Illustration
London_1570,326,1,Content Illustration
London_1570,327,1,Content Illustration
London_1570,330,1,Content Illustration
London_1570,330,2,Content Illustration
London_1570,331,1,Content Illustration
London_1570,331,2,Content Illustration
London_1570,332,1,Content Illustration
London_1570,333,1,Content Illustration
London_1570,334,1,Content Illustration
London_1570,338,1,Content Illustration
London_1570,338,2,Content Illustration
London_1570,339,1,Content Illustration
London_1570,340,1,Content Illustration
London_1570,341,1,Content Illustration
London_1570,342,1,Content Illustration
London_1570,343,1,Content Illustration
London_1570,344,1,Content Illustration
London_1570,345,1,Content Illustration
London_1570,345,2,Content Illustration
London_1570,351,1,Content Illustration
London_1570,352,1,Content Illustration
London_1570,353,1,Content Illustration
London_1570,353,2,Content Illustration
London_1570,354,1,Content Illustration
London_1570,355,1,Content Illustration
London_1570,356,1,Content Illustration
London_1570,358,1,Content Illustration
London_1570,359,1,Content Illustration
London_1570,361,1,Content Illustration
London_1570,362,1,Content Illustration
London_1570,363,1,Content Illustration
London_1570,364,1,Content Illustration
London_1570,365,1,Content Illustration
London_1570,366,1,Content Illustration
London_1570,366,2,Content Illustration
London_1570,367,1,Content Illustration
London_1570,367,2,Content Illustration
London_1570,368,1,Content Illustration
London_1570,368,2,Content Illustration
London_1570,369,1,Content Illustration
London_1570,371,1,Content Illustration
London_1570,372,1,Content Illustration
London_1570,372,2,Content Illustration
London_1570,373,1,Content Illustration
London_1570,373,2,Content Illustration
London_1570,374,1,Content Illustration
London_1570,374,2,Content Illustration
London_1570,375,1,Content Illustration
London_1570,375,2,Content Illustration
London_1570,376,1,Content Illustration
London_1570,378,1,Content Illustration
London_1570,379,1,Content Illustration
London_1570,380,1,Content Illustration
London_1570,381,1,Content Illustration
London_1570,382,1,Content Illustration
London_1570,382,2,Content Illustration
London_1570,383,1,Content Illustration
London_1570,384,1,Content Illustration
London_1570,385,1,Content Illustration
London_1570,386,1,Content Illustration
London_1570,387,1,Content Illustration
London_1570,388,1,Content Illustration
London_1570,389,1,Content Illustration
London_1570,390,1,Content Illustration
London_1570,391,1,Content Illustration
London_1570,391,2,Content Illustration
London_1570,391,3,Content Illustration
London_1570,392,1,Content Illustration
London_1570,392,2,Content Illustration
London_1570,393,1,Content Illustration
London_1570,394,1,Content Illustration
London_1570,395,1,Content Illustration
London_1570,396,1,Content Illustration
London_1570,397,1,Content Illustration
London_1570,398,1,Content Illustration
London_1570,399,1,Content Illustration
London_1570,400,1,Content Illustration
London_1570,400,2,Content Illustration
London_1570,401,1,Content Illustration
London_1570,402,1,Content Illustration
London_1570,404,1,Content Illustration
London_1570,405,1,Content Illustration
London_1570,406,1,Content Illustration
London_1570,407,1,Content Illustration
London_1570,408,1,Content Illustration
London_1570,409,1,Content Illustration
London_1570,410,1,Content Illustration
London_1570,410,2,Content Illustration
London_1570,411,1,Content Illustration
London_1570,411,2,Content Illustration
London_1570,411,3,Content Illustration
London_1570,412,1,Content Illustration
London_1570,412,2,Content Illustration
London_1570,413,1,Content Illustration
London_1570,414,1,Content Illustration
London_1570,414,2,Content Illustration
London_1570,415,1,Content Illustration
London_1570,416,1,Content Illustration
London_1570,418,1,Content Illustration
London_1570,418,2,Content Illustration
London_1570,418,3,Content Illustration
London_1570,420,1,Content Illustration
London_1570,420,2,Content Illustration
London_1570,421,1,Content Illustration
London_1570,422,1,Content Illustration
London_1570,422,2,Content Illustration
London_1570,423,1,Content Illustration
London_1570,425,1,Content Illustration
London_1570,426,1,Content Illustration
London_1570,427,1,Content Illustration
London_1570,429,1,Content Illustration
London_1570,429,2,Content Illustration
London_1570,430,1,Content Illustration
London_1570,430,2,Content Illustration
London_1570,438,1,Content Illustration
London_1570,438,2,Content Illustration
London_1570,441,1,Content Illustration
London_1570,443,1,Content Illustration
London_1570,451,1,Content Illustration
London_1570,459,1,Content Illustration
London_1570,461,1,Content Illustration
London_1570,473,1,Content Illustration
London_1570,494,1,Content Illustration
London_1570,497,1,Content Illustration
London_1570,501,1,Content Illustration
London_1570,508,1,Content Illustration
London_1570,520,1,Content Illustration
London_1570,521,1,Content Illustration
London_1570,522,1,Content Illustration
London_1570,522,2,Content Illustration
London_1570,523,1,Content Illustration
London_1570,523,2,Content Illustration
London_1570,524,1,Content Illustration
London_1570,524,2,Content Illustration
London_1570,524,3,Content Illustration
London_1570,524,4,Content Illustration
London_1570,525,1,Content Illustration
London_1570,526,1,Content Illustration
London_1570,526,2,Content Illustration
London_1570,526,3,Content Illustration
London_1570,528,1,Content Illustration
London_1570,529,1,Content Illustration
London_1570,530,1,Content Illustration
London_1570,531,1,Content Illustration
London_1570,532,1,Content Illustration
London_1570,532,2,Content Illustration
London_1570,533,1,Content Illustration
London_1570,535,1,Content Illustration
London_1570,535,2,Content Illustration
London_1570,536,1,Content Illustration
London_1570,536,2,Content Illustration
London_1570,537,1,Content Illustration
London_1570,537,2,Content Illustration
London_1570,538,1,Content Illustration
London_1570,542,1,Content Illustration
London_1570,542,2,Content Illustration
London_1570,542,3,Content Illustration
London_1570,542,4,Content Illustration
London_1570,542,5,Content Illustration
London_1570,543,1,Content Illustration
London_1570,543,2,Content Illustration
London_1570,544,1,Content Illustration
London_1570,544,2,Content Illustration
London_1570,544,3,Content Illustration
London_1570,545,1,Content Illustration
London_1570,546,1,Content Illustration
London_1570,547,1,Content Illustration
London_1570,547,2,Content Illustration
London_1570,547,3,Content Illustration
London_1570,548,1,Content Illustration
London_1570,548,2,Content Illustration
London_1570,549,1,Content Illustration
London_1570,550,1,Content Illustration
London_1570,551,1,Content Illustration
London_1570,552,1,Content Illustration
London_1570,553,1,Content Illustration
London_1570,554,1,Content Illustration
London_1570,555,1,Content Illustration
London_1570,556,1,Content Illustration
London_1570,557,1,Content Illustration
London_1570,557,2,Content Illustration
London_1570,558,1,Content Illustration
London_1570,558,2,Content Illustration
London_1570,559,1,Content Illustration
London_1570,560,1,Content Illustration
London_1570,560,2,Content Illustration
London_1570,563,1,Content Illustration
London_1570,563,2,Content Illustration
London_1570,564,1,Content Illustration
London_1570,565,1,Content Illustration
London_1570,566,1,Content Illustration
London_1570,567,1,Content Illustration
London_1570,569,1,Content Illustration
London_1570,570,1,Content Illustration
London_1570,570,2,Content Illustration
London_1570,571,1,Content Illustration
London_1570,572,1,Content Illustration
London_1570,574,1,Content Illustration
London_1570,575,1,Content Illustration
London_1570,576,1,Content Illustration
London_1570,576,2,Content Illustration
London_1570,577,1,Content Illustration
London_1570,578,1,Content Illustration
London_1570,578,2,Content Illustration
London_1570,579,1,Content Illustration
London_1570,580,1,Content Illustration
London_1570,581,1,Content Illustration
London_1570,582,1,Content Illustration
London_1570,583,1,Content Illustration
London_1570,584,1,Content Illustration
London_1570,585,1,Content Illustration
London_1570,586,1,Content Illustration
London_1570,586,2,Content Illustration
London_1570,587,1,Content Illustration
London_1570,588,1,Content Illustration
London_1570,589,1,Content Illustration
London_1570,590,1,Content Illustration
London_1570,590,2,Content Illustration
London_1570,591,1,Content Illustration
London_1570,592,1,Content Illustration
London_1570,592,2,Content Illustration
London_1570,593,1,Content Illustration
London_1570,593,2,Content Illustration
London_1570,593,3,Content Illustration
London_1570,600,1,Content Illustration
London_1570,601,1,Content Illustration
London_1570,602,1,Content Illustration
London_1570,603,1,Content Illustration
London_1570,604,1,Content Illustration
London_1570,605,1,Content Illustration
London_1570,606,1,Content Illustration
London_1570,607,1,Content Illustration
London_1570,608,1,Content Illustration
London_1570,609,1,Content Illustration
London_1570,609,2,Content Illustration
London_1570,610,1,Content Illustration
London_1570,610,2,Content Illustration
London_1570,612,1,Content Illustration
London_1570,613,1,Content Illustration
London_1570,614,1,Content Illustration
London_1570,615,1,Content Illustration
London_1570,616,1,Content Illustration
London_1570,616,2,Content Illustration
London_1570,618,1,Content Illustration
London_1570,619,1,Content Illustration
London_1570,619,2,Content Illustration
London_1570,620,1,Content Illustration
London_1570,620,2,Content Illustration
London_1570,621,1,Content Illustration
London_1570,622,1,Content Illustration
London_1570,622,2,Content Illustration
London_1570,623,1,Content Illustration
London_1570,623,2,Content Illustration
London_1570,624,1,Content Illustration
London_1570,625,1,Content Illustration
London_1570,627,1,Content Illustration
London_1570,628,1,Content Illustration
London_1570,629,1,Content Illustration
London_1570,629,2,Content Illustration
London_1570,630,1,Content Illustration
London_1570,630,2,Content Illustration
London_1570,631,1,Content Illustration
London_1570,632,1,Content Illustration
London_1570,632,2,Content Illustration
London_1570,633,1,Content Illustration
London_1570,633,2,Content Illustration
London_1570,634,1,Content Illustration
London_1570,634,2,Content Illustration
London_1570,637,1,Content Illustration
London_1570,637,2,Content Illustration
London_1570,638,1,Content Illustration
London_1570,639,1,Content Illustration
London_1570,642,1,Content Illustration
London_1570,643,1,Content Illustration
London_1570,643,2,Content Illustration
London_1570,643,3,Content Illustration
London_1570,648,1,Content Illustration
London_1570,649,1,Content Illustration
London_1570,650,1,Content Illustration
London_1570,651,1,Content Illustration
London_1570,652,1,Content Illustration
London_1570,653,1,Content Illustration
London_1570,654,1,Content Illustration
London_1570,655,1,Content Illustration
London_1570,656,1,Content Illustration
London_1570,657,1,Content Illustration
London_1570,658,1,Content Illustration
London_1570,659,1,Content Illustration
London_1570,660,1,Content Illustration
London_1570,661,1,Content Illustration
London_1570,662,1,Content Illustration
London_1570,662,2,Content Illustration
London_1570,663,1,Content Illustration
London_1570,664,1,Content Illustration
London_1570,664,2,Content Illustration
London_1570,665,1,Content Illustration
London_1570,666,1,Content Illustration
London_1570,667,1,Content Illustration
London_1570,667,2,Content Illustration
London_1570,668,1,Content Illustration
London_1570,668,2,Content Illustration
London_1570,669,1,Content Illustration
London_1570,670,1,Content Illustration
London_1570,671,1,Content Illustration
London_1570,672,1,Content Illustration
London_1570,672,2,Content Illustration
London_1570,675,1,Content Illustration
London_1570,676,1,Content Illustration
London_1570,678,1,Content Illustration
London_1570,678,2,Content Illustration
London_1570,679,1,Content Illustration
London_1570,682,1,Content Illustration
London_1570,683,1,Content Illustration
London_1570,684,1,Content Illustration
London_1570,684,2,Content Illustration
London_1570,687,1,Content Illustration
London_1570,689,1,Content Illustration
London_1570,689,2,Content Illustration
London_1570,68,1,Content Illustration
London_1570,68,2,Content Illustration
London_1570,68,3,Content Illustration
London_1570,68,4,Content Illustration
London_1570,690,1,Content Illustration
London_1570,691,1,Content Illustration
London_1570,691,2,Content Illustration
London_1570,692,1,Content Illustration
London_1570,695,1,Content Illustration
London_1570,695,2,Content Illustration
London_1570,697,1,Content Illustration
London_1570,697,2,Content Illustration
London_1570,697,3,Content Illustration
London_1570,697,4,Content Illustration
London_1570,697,5,Content Illustration
London_1570,699,1,Content Illustration
London_1570,699,2,Content Illustration
London_1570,699,3,Content Illustration
London_1570,69,1,Content Illustration
London_1570,69,2,Content Illustration
London_1570,701,1,Content Illustration
London_1570,701,2,Content Illustration
London_1570,701,3,Content Illustration
London_1570,702,1,Content Illustration
London_1570,702,2,Content Illustration
London_1570,702,3,Content Illustration
London_1570,703,1,Content Illustration
London_1570,704,1,Content Illustration
London_1570,704,2,Content Illustration
London_1570,704,3,Content Illustration
London_1570,706,1,Content Illustration
London_1570,706,2,Content Illustration
London_1570,706,3,Content Illustration
London_1570,708,1,Content Illustration
London_1570,708,2,Content Illustration
London_1570,70,1,Content Illustration
London_1570,70,2,Content Illustration
London_1570,710,1,Content Illustration
London_1570,710,2,Content Illustration
London_1570,710,3,Content Illustration
London_1570,711,1,Content Illustration
London_1570,711,2,Content Illustration
London_1570,711,3,Content Illustration
London_1570,712,1,Content Illustration
London_1570,712,2,Content Illustration
London_1570,713,1,Content Illustration
London_1570,713,2,Content Illustration
London_1570,713,3,Content Illustration
London_1570,713,4,Content Illustration
London_1570,713,5,Content Illustration
London_1570,714,1,Content Illustration
London_1570,714,2,Content Illustration
London_1570,714,3,Content Illustration
London_1570,715,1,Content Illustration
London_1570,715,2,Content Illustration
London_1570,715,3,Content Illustration
London_1570,715,4,Content Illustration
London_1570,716,1,Content Illustration
London_1570,716,2,Content Illustration
London_1570,717,1,Content Illustration
London_1570,717,2,Content Illustration
London_1570,717,3,Content Illustration
London_1570,718,1,Content Illustration
London_1570,718,2,Content Illustration
London_1570,718,3,Content Illustration
London_1570,719,1,Content Illustration
London_1570,71,1,Content Illustration
London_1570,71,2,Content Illustration
London_1570,71,3,Content Illustration
London_1570,71,4,Content Illustration
London_1570,720,1,Content Illustration
London_1570,720,2,Content Illustration
London_1570,721,1,Content Illustration
London_1570,721,2,Content Illustration
London_1570,722,1,Content Illustration
London_1570,722,2,Content Illustration
London_1570,723,1,Content Illustration
London_1570,723,2,Content Illustration
London_1570,723,3,Content Illustration
London_1570,724,1,Content Illustration
London_1570,724,2,Content Illustration
London_1570,724,3,Content Illustration
London_1570,725,1,Content Illustration
London_1570,725,2,Content Illustration
London_1570,726,1,Content Illustration
London_1570,726,2,Content Illustration
London_1570,726,3,Content Illustration
London_1570,726,4,Content Illustration
London_1570,726,5,Content Illustration
London_1570,729,1,Content Illustration
London_1570,729,2,Content Illustration
London_1570,72,1,Content Illustration
London_1570,72,2,Content Illustration
London_1570,72,3,Content Illustration
London_1570,730,1,Content Illustration
London_1570,731,1,Content Illustration
London_1570,731,2,Content Illustration
London_1570,734,1,Content Illustration
London_1570,736,1,Content Illustration
London_1570,739,1,Content Illustration
London_1570,739,2,Content Illustration
London_1570,73,1,Content Illustration
London_1570,73,2,Content Illustration
London_1570,73,3,Content Illustration
London_1570,73,4,Content Illustration
London_1570,73,5,Content Illustration
London_1570,740,1,Content Illustration
London_1570,741,1,Content Illustration
London_1570,741,2,Content Illustration
London_1570,742,1,Content Illustration
London_1570,742,2,Content Illustration
London_1570,744,1,Content Illustration
London_1570,744,2,Content Illustration
London_1570,744,3,Content Illustration
London_1570,745,1,Content Illustration
London_1570,746,1,Content Illustration
London_1570,746,2,Content Illustration
London_1570,746,3,Content Illustration
London_1570,748,1,Content Illustration
London_1570,748,2,Content Illustration
London_1570,749,1,Content Illustration
London_1570,749,2,Content Illustration
London_1570,749,3,Content Illustration
London_1570,74,1,Content Illustration
London_1570,74,2,Content Illustration
London_1570,74,3,Content Illustration
London_1570,74,4,Content Illustration
London_1570,750,1,Content Illustration
London_1570,750,2,Content Illustration
London_1570,753,1,Content Illustration
London_1570,753,2,Content Illustration
London_1570,753,3,Content Illustration
London_1570,755,1,Content Illustration
London_1570,755,2,Content Illustration
London_1570,756,1,Content Illustration
London_1570,756,2,Content Illustration
London_1570,757,1,Content Illustration
London_1570,758,1,Content Illustration
London_1570,758,2,Content Illustration
London_1570,75,1,Content Illustration
London_1570,75,2,Content Illustration
London_1570,75,3,Content Illustration
London_1570,75,4,Content Illustration
London_1570,75,5,Content Illustration
London_1570,75,6,Content Illustration
London_1570,760,1,Content Illustration
London_1570,760,2,Content Illustration
London_1570,763,1,Content Illustration
London_1570,763,2,Content Illustration
London_1570,764,1,Content Illustration
London_1570,764,2,Content Illustration
London_1570,765,1,Content Illustration
London_1570,766,1,Content Illustration
London_1570,766,2,Content Illustration
London_1570,769,1,Content Illustration
London_1570,76,1,Content Illustration
London_1570,76,2,Content Illustration
London_1570,76,3,Content Illustration
London_1570,76,4,Content Illustration
London_1570,76,5,Content Illustration
London_1570,771,1,Content Illustration
London_1570,773,1,Content Illustration
London_1570,774,1,Content Illustration
London_1570,774,2,Content Illustration
London_1570,775,1,Content Illustration
London_1570,775,2,Content Illustration
London_1570,775,3,Content Illustration
London_1570,776,1,Content Illustration
London_1570,776,2,Content Illustration
London_1570,778,1,Content Illustration
London_1570,778,2,Content Illustration
London_1570,778,3,Content Illustration
London_1570,77,1,Content Illustration
London_1570,77,2,Content Illustration
London_1570,77,3,Content Illustration
London_1570,77,4,Content Illustration
London_1570,780,1,Content Illustration
London_1570,780,2,Content Illustration
London_1570,782,1,Content Illustration
London_1570,782,2,Content Illustration
London_1570,785,1,Content Illustration
London_1570,785,2,Content Illustration
London_1570,785,3,Content Illustration
London_1570,787,1,Content Illustration
London_1570,787,2,Content Illustration
London_1570,789,1,Content Illustration
London_1570,789,2,Content Illustration
London_1570,789,3,Content Illustration
London_1570,789,4,Content Illustration
London_1570,78,1,Content Illustration
London_1570,78,2,Content Illustration
London_1570,78,3,Content Illustration
London_1570,790,1,Content Illustration
London_1570,790,2,Content Illustration
London_1570,791,1,Content Illustration
London_1570,791,2,Content Illustration
London_1570,792,1,Content Illustration
London_1570,792,2,Content Illustration
London_1570,794,1,Content Illustration
London_1570,794,2,Content Illustration
London_1570,796,1,Content Illustration
London_1570,796,2,Content Illustration
London_1570,799,1,Content Illustration
London_1570,799,2,Content Illustration
London_1570,79,1,Content Illustration
London_1570,79,2,Content Illustration
London_1570,79,3,Content Illustration
London_1570,79,4,Content Illustration
London_1570,79,5,Content Illustration
London_1570,801,1,Content Illustration
London_1570,801,2,Content Illustration
London_1570,803,1,Content Illustration
London_1570,803,2,Content Illustration
London_1570,803,3,Content Illustration
London_1570,804,1,Content Illustration
London_1570,804,2,Content Illustration
London_1570,805,1,Content Illustration
London_1570,805,2,Content Illustration
London_1570,806,1,Content Illustration
London_1570,806,2,Content Illustration
London_1570,806,3,Content Illustration
London_1570,808,1,Content Illustration
London_1570,808,2,Content Illustration
London_1570,808,3,Content Illustration
London_1570,80,1,Content Illustration
London_1570,811,1,Content Illustration
London_1570,811,2,Content Illustration
London_1570,813,1,Content Illustration
London_1570,813,2,Content Illustration
London_1570,815,1,Content Illustration
London_1570,815,2,Content Illustration
London_1570,816,1,Content Illustration
London_1570,817,1,Content Illustration
London_1570,817,2,Content Illustration
London_1570,817,3,Content Illustration
London_1570,818,1,Content Illustration
London_1570,818,2,Content Illustration
London_1570,818,3,Content Illustration
London_1570,818,4,Content Illustration
London_1570,819,1,Content Illustration
London_1570,81,1,Content Illustration
London_1570,820,1,Content Illustration
London_1570,820,2,Content Illustration
London_1570,821,1,Content Illustration
London_1570,821,2,Content Illustration
London_1570,821,3,Content Illustration
London_1570,821,4,Content Illustration
London_1570,821,5,Content Illustration
London_1570,822,1,Content Illustration
London_1570,822,2,Content Illustration
London_1570,823,1,Content Illustration
London_1570,823,2,Content Illustration
London_1570,825,1,Content Illustration
London_1570,825,2,Content Illustration
London_1570,827,1,Content Illustration
London_1570,827,2,Content Illustration
London_1570,828,1,Content Illustration
London_1570,828,2,Content Illustration
London_1570,829,1,Content Illustration
London_1570,831,1,Content Illustration
London_1570,831,2,Content Illustration
London_1570,833,1,Content Illustration
London_1570,833,2,Content Illustration
London_1570,835,1,Content Illustration
London_1570,835,2,Content Illustration
London_1570,836,1,Content Illustration
London_1570,836,2,Content Illustration
London_1570,837,1,Content Illustration
London_1570,837,2,Content Illustration
London_1570,838,1,Content Illustration
London_1570,838,2,Content Illustration
London_1570,839,1,Content Illustration
London_1570,840,1,Content Illustration
London_1570,840,2,Content Illustration
London_1570,841,1,Content Illustration
London_1570,841,2,Content Illustration
London_1570,842,1,Content Illustration
London_1570,842,2,Content Illustration
London_1570,843,1,Content Illustration
London_1570,844,1,Content Illustration
London_1570,844,2,Content Illustration
London_1570,844,3,Content Illustration
London_1570,844,4,Content Illustration
London_1570,845,1,Content Illustration
London_1570,845,2,Content Illustration
London_1570,846,1,Content Illustration
London_1570,846,2,Content Illustration
London_1570,847,1,Content Illustration
London_1570,848,1,Content Illustration
London_1570,84,1,Content Illustration
London_1570,850,1,Content Illustration
London_1570,851,1,Content Illustration
London_1570,852,1,Content Illustration
London_1570,853,1,Content Illustration
London_1570,853,2,Content Illustration
London_1570,854,1,Content Illustration
London_1570,854,2,Content Illustration
London_1570,855,1,Content Illustration
London_1570,855,2,Content Illustration
London_1570,855,3,Content Illustration
London_1570,855,4,Content Illustration
London_1570,856,1,Content Illustration
London_1570,856,2,Content Illustration
London_1570,857,1,Content Illustration
London_1570,858,1,Content Illustration
London_1570,859,1,Content Illustration
London_1570,859,2,Content Illustration
London_1570,859,3,Content Illustration
London_1570,85,1,Content Illustration
London_1570,85,2,Content Illustration
London_1570,85,3,Content Illustration
London_1570,85,4,Content Illustration
London_1570,861,1,Content Illustration
London_1570,863,1,Content Illustration
London_1570,864,1,Content Illustration
London_1570,864,2,Content Illustration
London_1570,865,1,Content Illustration
London_1570,865,2,Content Illustration
London_1570,866,1,Content Illustration
London_1570,867,1,Content Illustration
London_1570,868,1,Content Illustration
London_1570,868,2,Content Illustration
London_1570,86,1,Content Illustration
London_1570,86,2,Content Illustration
London_1570,870,1,Content Illustration
London_1570,872,1,Content Illustration
London_1570,875,1,Content Illustration
London_1570,875,2,Content Illustration
London_1570,876,1,Content Illustration
London_1570,877,1,Content Illustration
London_1570,878,1,Content Illustration
London_1570,879,1,Content Illustration
London_1570,879,2,Content Illustration
London_1570,87,1,Content Illustration
London_1570,87,2,Content Illustration
London_1570,87,3,Content Illustration
London_1570,880,1,Content Illustration
London_1570,880,2,Content Illustration
London_1570,880,3,Content Illustration
London_1570,880,4,Content Illustration
London_1570,881,1,Content Illustration
London_1570,881,2,Content Illustration
London_1570,881,3,Content Illustration
London_1570,882,1,Content Illustration
London_1570,882,2,Content Illustration
London_1570,882,3,Content Illustration
London_1570,883,1,Content Illustration
London_1570,883,2,Content Illustration
London_1570,884,1,Content Illustration
London_1570,884,2,Content Illustration
London_1570,884,3,Content Illustration
London_1570,884,4,Content Illustration
London_1570,885,1,Content Illustration
London_1570,886,1,Content Illustration
London_1570,886,2,Content Illustration
London_1570,886,3,Content Illustration
London_1570,888,1,Content Illustration
London_1570,88,1,Content Illustration
London_1570,88,2,Content Illustration
London_1570,88,3,Content Illustration
London_1570,88,4,Content Illustration
London_1570,890,1,Content Illustration
London_1570,890,2,Content Illustration
London_1570,891,1,Content Illustration
London_1570,892,1,Content Illustration
London_1570,894,1,Content Illustration
London_1570,894,2,Content Illustration
London_1570,895,1,Content Illustration
London_1570,896,1,Content Illustration
London_1570,898,1,Content Illustration
London_1570,89,1,Content Illustration
London_1570,89,2,Content Illustration
London_1570,89,3,Content Illustration
London_1570,89,4,Content Illustration
London_1570,89,5,Content Illustration
London_1570,89,6,Content Illustration
London_1570,89,7,Content Illustration
London_1570,900,1,Content Illustration
London_1570,901,1,Content Illustration
London_1570,901,2,Content Illustration
London_1570,901,3,Content Illustration
London_1570,902,1,Content Illustration
London_1570,904,1,Content Illustration
London_1570,904,2,Content Illustration
London_1570,904,3,Content Illustration
London_1570,906,1,Content Illustration
London_1570,906,2,Content Illustration
London_1570,908,1,Content Illustration
London_1570,908,2,Content Illustration
London_1570,908,3,Content Illustration
London_1570,909,1,Content Illustration
London_1570,90,1,Content Illustration
London_1570,90,2,Content Illustration
London_1570,90,3,Content Illustration
London_1570,90,4,Content Illustration
London_1570,90,5,Content Illustration
London_1570,90,6,Content Illustration
London_1570,910,1,Content Illustration
London_1570,911,1,Content Illustration
London_1570,911,2,Content Illustration
London_1570,911,3,Content Illustration
London_1570,911,4,Content Illustration
London_1570,911,5,Content Illustration
London_1570,912,1,Content Illustration
London_1570,912,2,Content Illustration
London_1570,914,1,Content Illustration
London_1570,915,1,Content Illustration
London_1570,916,1,Content Illustration
London_1570,917,1,Content Illustration
London_1570,917,2,Content Illustration
London_1570,918,1,Content Illustration
London_1570,918,2,Content Illustration
London_1570,919,1,Content Illustration
London_1570,919,2,Content Illustration
London_1570,91,1,Content Illustration
London_1570,920,1,Content Illustration
London_1570,920,2,Content Illustration
London_1570,921,1,Content Illustration
London_1570,923,1,Content Illustration
London_1570,923,2,Content Illustration
London_1570,923,3,Content Illustration
London_1570,925,1,Content Illustration
London_1570,927,1,Content Illustration
London_1570,927,2,Content Illustration
London_1570,928,1,Content Illustration
London_1570,928,10,Content Illustration
London_1570,928,11,Content Illustration
London_1570,928,12,Content Illustration
London_1570,928,13,Content Illustration
London_1570,928,2,Content Illustration
London_1570,928,3,Content Illustration
London_1570,928,4,Content Illustration
London_1570,928,5,Content Illustration
London_1570,928,6,Content Illustration
London_1570,928,7,Content Illustration
London_1570,928,8,Content Illustration
London_1570,928,9,Content Illustration
London_1570,929,1,Content Illustration
London_1570,92,1,Content Illustration
London_1570,930,1,Content Illustration
London_1570,931,1,Content Illustration
London_1570,932,1,Content Illustration
London_1570,933,1,Content Illustration
London_1570,933,2,Content Illustration
London_1570,934,1,Content Illustration
London_1570,934,2,Content Illustration
London_1570,935,1,Content Illustration
London_1570,935,2,Content Illustration
London_1570,936,1,Content Illustration
London_1570,936,2,Content Illustration
London_1570,936,3,Content Illustration
London_1570,937,1,Content Illustration
London_1570,938,1,Content Illustration
London_1570,938,2,Content Illustration
London_1570,939,1,Content Illustration
London_1570,93,1,Content Illustration
London_1570,93,2,Content Illustration
London_1570,93,3,Content Illustration
London_1570,940,1,Content Illustration
London_1570,940,2,Content Illustration
London_1570,941,1,Content Illustration
London_1570,942,1,Content Illustration
London_1570,943,1,Content Illustration
London_1570,944,1,Content Illustration
London_1570,945,1,Content Illustration
London_1570,946,1,Content Illustration
London_1570,946,2,Content Illustration
London_1570,947,1,Content Illustration
London_1570,948,1,Content Illustration
London_1570,949,1,Content Illustration
London_1570,949,2,Content Illustration
London_1570,94,1,Content Illustration
London_1570,94,2,Content Illustration
London_1570,94,3,Content Illustration
London_1570,950,1,Content Illustration
London_1570,950,2,Content Illustration
London_1570,951,1,Content Illustration
London_1570,951,2,Content Illustration
London_1570,952,1,Content Illustration
London_1570,952,2,Content Illustration
London_1570,956,1,Content Illustration
London_1570,957,1,Content Illustration
London_1570,959,1,Content Illustration
London_1570,959,2,Content Illustration
London_1570,95,1,Content Illustration
London_1570,95,2,Content Illustration
London_1570,960,1,Content Illustration
London_1570,961,1,Content Illustration
London_1570,962,1,Content Illustration
London_1570,963,1,Content Illustration
London_1570,963,2,Content Illustration
London_1570,964,1,Content Illustration
London_1570,966,1,Content Illustration
London_1570,968,1,Content Illustration
London_1570,969,1,Content Illustration
London_1570,969,2,Content Illustration
London_1570,96,1,Content Illustration
London_1570,970,1,Content Illustration
London_1570,970,2,Content Illustration
London_1570,971,1,Content Illustration
London_1570,972,1,Content Illustration
London_1570,972,2,Content Illustration
London_1570,974,1,Content Illustration
London_1570,974,2,Content Illustration
London_1570,976,1,Content Illustration
London_1570,976,2,Content Illustration
London_1570,977,1,Content Illustration
London_1570,977,2,Content Illustration
London_1570,979,1,Content Illustration
London_1570,979,2,Content Illustration
London_1570,97,1,Content Illustration
London_1570,980,1,Content Illustration
London_1570,980,2,Content Illustration
London_1570,983,1,Content Illustration
London_1570,984,1,Content Illustration
London_1570,986,1,Content Illustration
London_1570,989,1,Content Illustration
London_1570,98,1,Content Illustration
London_1570,98,2,Content Illustration
London_1570,990,1,Content Illustration
London_1570,992,1,Content Illustration
London_1570,994,1,Content Illustration
London_1570,996,1,Content Illustration
London_1570,997,1,Content Illustration
London_1570,998,1,Content Illustration
London_1570,999,1,Content Illustration
London_1570,999,2,Content Illustration
London_1570,99,1,Content Illustration
London_1570,99,2,Content Illustration
Pesaro_1572,101,1,Content Illustration
Pesaro_1572,101,2,Content Illustration
Pesaro_1572,101,3,Content Illustration
Pesaro_1572,102,1,Content Illustration
Pesaro_1572,102,2,Content Illustration
Pesaro_1572,102,3,Content Illustration
Pesaro_1572,102,4,Content Illustration
Pesaro_1572,102,5,Content Illustration
Pesaro_1572,102,6,Content Illustration
Pesaro_1572,103,1,Content Illustration
Pesaro_1572,103,2,Content Illustration
Pesaro_1572,104,1,Content Illustration
Pesaro_1572,104,2,Content Illustration
Pesaro_1572,105,1,Content Illustration
Pesaro_1572,105,2,Content Illustration
Pesaro_1572,106,1,Content Illustration
Pesaro_1572,106,2,Content Illustration
Pesaro_1572,106,3,Content Illustration
Pesaro_1572,107,1,Content Illustration
Pesaro_1572,108,1,Content Illustration
Pesaro_1572,108,2,Content Illustration
Pesaro_1572,109,1,Content Illustration
Pesaro_1572,109,2,Content Illustration
Pesaro_1572,110,1,Content Illustration
Pesaro_1572,110,2,Content Illustration
Pesaro_1572,111,1,Content Illustration
Pesaro_1572,111,2,Content Illustration
Pesaro_1572,111,3,Content Illustration
Pesaro_1572,112,1,Content Illustration
Pesaro_1572,112,2,Content Illustration
Pesaro_1572,113,1,Content Illustration
Pesaro_1572,113,2,Content Illustration
Pesaro_1572,114,1,Content Illustration
Pesaro_1572,114,2,Content Illustration
Pesaro_1572,115,1,Content Illustration
Pesaro_1572,115,2,Content Illustration
Pesaro_1572,116,1,Content Illustration
Pesaro_1572,116,2,Content Illustration
Pesaro_1572,116,3,Content Illustration
Pesaro_1572,116,4,Content Illustration
Pesaro_1572,117,1,Content Illustration
Pesaro_1572,117,2,Content Illustration
Pesaro_1572,117,3,Content Illustration
Pesaro_1572,117,4,Content Illustration
Pesaro_1572,118,1,Content Illustration
Pesaro_1572,118,2,Content Illustration
Pesaro_1572,118,3,Content Illustration
Pesaro_1572,118,4,Content Illustration
Pesaro_1572,118,5,Content Illustration
Pesaro_1572,118,6,Content Illustration
Pesaro_1572,119,1,Content Illustration
Pesaro_1572,119,2,Content Illustration
Pesaro_1572,119,3,Content Illustration
Pesaro_1572,120,1,Content Illustration
Pesaro_1572,121,1,Content Illustration
Pesaro_1572,121,2,Content Illustration
Pesaro_1572,122,1,Content Illustration
Pesaro_1572,122,2,Content Illustration
Pesaro_1572,122,3,Content Illustration
Pesaro_1572,123,1,Content Illustration
Pesaro_1572,123,2,Content Illustration
Pesaro_1572,124,1,Content Illustration
Pesaro_1572,125,1,Content Illustration
Pesaro_1572,125,2,Content Illustration
Pesaro_1572,125,3,Content Illustration
Pesaro_1572,126,1,Content Illustration
Pesaro_1572,126,2,Content Illustration
Pesaro_1572,127,1,Content Illustration
Pesaro_1572,127,2,Content Illustration
Pesaro_1572,128,1,Content Illustration
Pesaro_1572,129,1,Content Illustration
Pesaro_1572,129,2,Content Illustration
Pesaro_1572,130,1,Content Illustration
Pesaro_1572,130,2,Content Illustration
Pesaro_1572,130,3,Content Illustration
Pesaro_1572,131,1,Content Illustration
Pesaro_1572,131,2,Content Illustration
Pesaro_1572,132,1,Content Illustration
Pesaro_1572,132,2,Content Illustration
Pesaro_1572,133,1,Content Illustration
Pesaro_1572,134,1,Content Illustration
Pesaro_1572,134,2,Content Illustration
Pesaro_1572,134,3,Content Illustration
Pesaro_1572,135,1,Content Illustration
Pesaro_1572,135,2,Content Illustration
Pesaro_1572,135,3,Content Illustration
Pesaro_1572,136,1,Content Illustration
Pesaro_1572,137,1,Content Illustration
Pesaro_1572,138,1,Content Illustration
Pesaro_1572,138,2,Content Illustration
Pesaro_1572,139,1,Content Illustration
Pesaro_1572,140,1,Content Illustration
Pesaro_1572,140,2,Content Illustration
Pesaro_1572,144,1,Content Illustration
Pesaro_1572,144,2,Content Illustration
Pesaro_1572,146,1,Content Illustration
Pesaro_1572,146,2,Content Illustration
Pesaro_1572,146,3,Content Illustration
Pesaro_1572,146,4,Content Illustration
Pesaro_1572,147,1,Content Illustration
Pesaro_1572,147,2,Content Illustration
Pesaro_1572,148,1,Content Illustration
Pesaro_1572,148,2,Content Illustration
Pesaro_1572,149,1,Content Illustration
Pesaro_1572,150,1,Content Illustration
Pesaro_1572,150,2,Content Illustration
Pesaro_1572,151,1,Content Illustration
Pesaro_1572,152,1,Content Illustration
Pesaro_1572,152,2,Content Illustration
Pesaro_1572,152,3,Content Illustration
Pesaro_1572,153,1,Content Illustration
Pesaro_1572,153,2,Content Illustration
Pesaro_1572,154,1,Content Illustration
Pesaro_1572,155,1,Content Illustration
Pesaro_1572,156,1,Content Illustration
Pesaro_1572,159,1,Content Illustration
Pesaro_1572,161,1,Content Illustration
Pesaro_1572,163,1,Content Illustration
Pesaro_1572,163,2,Content Illustration
Pesaro_1572,166,1,Content Illustration
Pesaro_1572,166,2,Content Illustration
Pesaro_1572,166,3,Content Illustration
Pesaro_1572,167,1,Content Illustration
Pesaro_1572,167,2,Content Illustration
Pesaro_1572,167,3,Content Illustration
Pesaro_1572,167,4,Content Illustration
Pesaro_1572,167,5,Content Illustration
Pesaro_1572,168,1,Content Illustration
Pesaro_1572,168,2,Content Illustration
Pesaro_1572,168,3,Content Illustration
Pesaro_1572,168,4,Content Illustration
Pesaro_1572,169,1,Content Illustration
Pesaro_1572,169,2,Content Illustration
Pesaro_1572,170,1,Content Illustration
Pesaro_1572,170,2,Content Illustration
Pesaro_1572,170,3,Content Illustration
Pesaro_1572,170,4,Content Illustration
Pesaro_1572,171,1,Content Illustration
Pesaro_1572,171,2,Content Illustration
Pesaro_1572,171,3,Content Illustration
Pesaro_1572,171,4,Content Illustration
Pesaro_1572,172,1,Content Illustration
Pesaro_1572,173,1,Content Illustration
Pesaro_1572,173,2,Content Illustration
Pesaro_1572,174,1,Content Illustration
Pesaro_1572,174,2,Content Illustration
Pesaro_1572,175,1,Content Illustration
Pesaro_1572,176,1,Content Illustration
Pesaro_1572,176,2,Content Illustration
Pesaro_1572,177,1,Content Illustration
Pesaro_1572,177,2,Content Illustration
Pesaro_1572,177,3,Content Illustration
Pesaro_1572,178,1,Content Illustration
Pesaro_1572,179,1,Content Illustration
Pesaro_1572,179,2,Content Illustration
Pesaro_1572,180,1,Content Illustration
Pesaro_1572,180,2,Content Illustration
Pesaro_1572,180,3,Content Illustration
Pesaro_1572,180,4,Content Illustration
Pesaro_1572,181,1,Content Illustration
Pesaro_1572,181,2,Content Illustration
Pesaro_1572,181,3,Content Illustration
Pesaro_1572,181,4,Content Illustration
Pesaro_1572,182,1,Content Illustration
Pesaro_1572,182,2,Content Illustration
Pesaro_1572,183,1,Content Illustration
Pesaro_1572,184,1,Content Illustration
Pesaro_1572,184,2,Content Illustration
Pesaro_1572,185,1,Content Illustration
Pesaro_1572,185,2,Content Illustration
Pesaro_1572,186,1,Content Illustration
Pesaro_1572,186,2,Content Illustration
Pesaro_1572,187,1,Content Illustration
Pesaro_1572,188,1,Content Illustration
Pesaro_1572,189,1,Content Illustration
Pesaro_1572,189,2,Content Illustration
Pesaro_1572,189,3,Content Illustration
Pesaro_1572,190,1,Content Illustration
Pesaro_1572,190,2,Content Illustration
Pesaro_1572,190,3,Content Illustration
Pesaro_1572,191,1,Content Illustration
Pesaro_1572,191,2,Content Illustration
Pesaro_1572,191,3,Content Illustration
Pesaro_1572,192,1,Content Illustration
Pesaro_1572,192,2,Content Illustration
Pesaro_1572,193,1,Content Illustration
Pesaro_1572,193,2,Content Illustration
Pesaro_1572,194,1,Content Illustration
Pesaro_1572,194,2,Content Illustration
Pesaro_1572,194,3,Content Illustration
Pesaro_1572,195,1,Content Illustration
Pesaro_1572,195,2,Content Illustration
Pesaro_1572,196,1,Content Illustration
Pesaro_1572,196,2,Content Illustration
Pesaro_1572,197,1,Content Illustration
Pesaro_1572,197,2,Content Illustration
Pesaro_1572,197,3,Content Illustration
Pesaro_1572,197,4,Content Illustration
Pesaro_1572,198,1,Content Illustration
Pesaro_1572,198,2,Content Illustration
Pesaro_1572,199,1,Content Illustration
Pesaro_1572,200,1,Content Illustration
Pesaro_1572,200,2,Content Illustration
Pesaro_1572,201,1,Content Illustration
Pesaro_1572,201,2,Content Illustration
Pesaro_1572,202,1,Content Illustration
Pesaro_1572,216,1,Content Illustration
Pesaro_1572,216,2,Content Illustration
Pesaro_1572,216,3,Content Illustration
Pesaro_1572,217,1,Content Illustration
Pesaro_1572,224,1,Content Illustration
Pesaro_1572,225,1,Content Illustration
Pesaro_1572,229,1,Content Illustration
Pesaro_1572,251,1,Content Illustration
Pesaro_1572,253,1,Content Illustration
Pesaro_1572,254,1,Content Illustration
Pesaro_1572,255,1,Content Illustration
Pesaro_1572,255,2,Content Illustration
Pesaro_1572,257,1,Content Illustration
Pesaro_1572,257,2,Content Illustration
Pesaro_1572,259,1,Content Illustration
Pesaro_1572,262,1,Content Illustration
Pesaro_1572,262,2,Content Illustration
Pesaro_1572,262,3,Content Illustration
Pesaro_1572,263,1,Content Illustration
Pesaro_1572,263,2,Content Illustration
Pesaro_1572,263,3,Content Illustration
Pesaro_1572,264,1,Content Illustration
Pesaro_1572,264,2,Content Illustration
Pesaro_1572,266,1,Content Illustration
Pesaro_1572,268,1,Content Illustration
Pesaro_1572,268,2,Content Illustration
Pesaro_1572,268,3,Content Illustration
Pesaro_1572,272,1,Content Illustration
Pesaro_1572,275,1,Content Illustration
Pesaro_1572,275,2,Content Illustration
Pesaro_1572,276,1,Content Illustration
Pesaro_1572,277,1,Content Illustration
Pesaro_1572,279,1,Content Illustration
Pesaro_1572,281,1,Content Illustration
Pesaro_1572,282,1,Content Illustration
Pesaro_1572,283,1,Content Illustration
Pesaro_1572,286,1,Content Illustration
Pesaro_1572,290,1,Content Illustration
Pesaro_1572,292,1,Content Illustration
Pesaro_1572,292,2,Content Illustration
Pesaro_1572,292,3,Content Illustration
Pesaro_1572,293,1,Content Illustration
Pesaro_1572,293,2,Content Illustration
Pesaro_1572,294,1,Content Illustration
Pesaro_1572,294,2,Content Illustration
Pesaro_1572,295,1,Content Illustration
Pesaro_1572,295,2,Content Illustration
Pesaro_1572,295,3,Content Illustration
Pesaro_1572,296,1,Content Illustration
Pesaro_1572,296,2,Content Illustration
Pesaro_1572,297,1,Content Illustration
Pesaro_1572,298,1,Content Illustration
Pesaro_1572,300,1,Content Illustration
Pesaro_1572,300,2,Content Illustration
Pesaro_1572,300,3,Content Illustration
Pesaro_1572,301,1,Content Illustration
Pesaro_1572,302,1,Content Illustration
Pesaro_1572,303,1,Content Illustration
Pesaro_1572,304,1,Content Illustration
Pesaro_1572,305,1,Content Illustration
Pesaro_1572,305,2,Content Illustration
Pesaro_1572,306,1,Content Illustration
Pesaro_1572,306,2,Content Illustration
Pesaro_1572,307,1,Content Illustration
Pesaro_1572,307,2,Content Illustration
Pesaro_1572,309,1,Content Illustration
Pesaro_1572,309,2,Content Illustration
Pesaro_1572,309,3,Content Illustration
Pesaro_1572,311,1,Content Illustration
Pesaro_1572,311,2,Content Illustration
Pesaro_1572,311,3,Content Illustration
Pesaro_1572,311,4,Content Illustration
Pesaro_1572,312,1,Content Illustration
Pesaro_1572,313,1,Content Illustration
Pesaro_1572,313,2,Content Illustration
Pesaro_1572,315,1,Content Illustration
Pesaro_1572,315,2,Content Illustration
Pesaro_1572,317,1,Content Illustration
Pesaro_1572,317,2,Content Illustration
Pesaro_1572,319,1,Content Illustration
Pesaro_1572,319,2,Content Illustration
Pesaro_1572,31,1,Content Illustration
Pesaro_1572,31,2,Content Illustration
Pesaro_1572,320,1,Content Illustration
Pesaro_1572,320,2,Content Illustration
Pesaro_1572,321,1,Content Illustration
Pesaro_1572,323,1,Content Illustration
Pesaro_1572,323,2,Content Illustration
Pesaro_1572,324,1,Content Illustration
Pesaro_1572,324,2,Content Illustration
Pesaro_1572,325,1,Content Illustration
Pesaro_1572,325,2,Content Illustration
Pesaro_1572,326,1,Content Illustration
Pesaro_1572,326,2,Content Illustration
Pesaro_1572,327,1,Content Illustration
Pesaro_1572,327,2,Content Illustration
Pesaro_1572,328,1,Content Illustration
Pesaro_1572,329,1,Content Illustration
Pesaro_1572,329,2,Content Illustration
Pesaro_1572,32,1,Content Illustration
Pesaro_1572,32,2,Content Illustration
Pesaro_1572,32,3,Content Illustration
Pesaro_1572,332,1,Content Illustration
Pesaro_1572,333,1,Content Illustration
Pesaro_1572,333,2,Content Illustration
Pesaro_1572,334,1,Content Illustration
Pesaro_1572,335,1,Content Illustration
Pesaro_1572,336,1,Content Illustration
Pesaro_1572,336,2,Content Illustration
Pesaro_1572,336,3,Content Illustration
Pesaro_1572,337,1,Content Illustration
Pesaro_1572,337,2,Content Illustration
Pesaro_1572,338,1,Content Illustration
Pesaro_1572,339,1,Content Illustration
Pesaro_1572,33,1,Content Illustration
Pesaro_1572,33,2,Content Illustration
Pesaro_1572,340,1,Content Illustration
Pesaro_1572,340,2,Content Illustration
Pesaro_1572,346,1,Content Illustration
Pesaro_1572,347,1,Content Illustration
Pesaro_1572,347,2,Content Illustration
Pesaro_1572,349,1,Content Illustration
Pesaro_1572,349,2,Content Illustration
Pesaro_1572,34,1,Content Illustration
Pesaro_1572,350,1,Content Illustration
Pesaro_1572,350,2,Content Illustration
Pesaro_1572,350,3,Content Illustration
Pesaro_1572,350,4,Content Illustration
Pesaro_1572,351,1,Content Illustration
Pesaro_1572,351,2,Content Illustration
Pesaro_1572,351,3,Content Illustration
Pesaro_1572,352,1,Content Illustration
Pesaro_1572,352,2,Content Illustration
Pesaro_1572,353,1,Content Illustration
Pesaro_1572,355,1,Content Illustration
Pesaro_1572,355,2,Content Illustration
Pesaro_1572,356,1,Content Illustration
Pesaro_1572,356,2,Content Illustration
Pesaro_1572,357,1,Content Illustration
Pesaro_1572,358,1,Content Illustration
Pesaro_1572,359,1,Content Illustration
Pesaro_1572,359,2,Content Illustration
Pesaro_1572,35,1,Content Illustration
Pesaro_1572,35,2,Content Illustration
Pesaro_1572,360,1,Content Illustration
Pesaro_1572,361,1,Content Illustration
Pesaro_1572,361,2,Content Illustration
Pesaro_1572,362,1,Content Illustration
Pesaro_1572,362,2,Content Illustration
Pesaro_1572,363,1,Content Illustration
Pesaro_1572,363,2,Content Illustration
Pesaro_1572,364,1,Content Illustration
Pesaro_1572,365,1,Content Illustration
Pesaro_1572,365,2,Content Illustration
Pesaro_1572,366,1,Content Illustration
Pesaro_1572,367,1,Content Illustration
Pesaro_1572,368,1,Content Illustration
Pesaro_1572,368,2,Content Illustration
Pesaro_1572,369,1,Content Illustration
Pesaro_1572,36,1,Content Illustration
Pesaro_1572,370,1,Content Illustration
Pesaro_1572,370,2,Content Illustration
Pesaro_1572,371,1,Content Illustration
Pesaro_1572,371,2,Content Illustration
Pesaro_1572,372,1,Content Illustration
Pesaro_1572,372,2,Content Illustration
Pesaro_1572,373,1,Content Illustration
Pesaro_1572,375,1,Content Illustration
Pesaro_1572,375,2,Content Illustration
Pesaro_1572,378,1,Content Illustration
Pesaro_1572,379,1,Content Illustration
Pesaro_1572,379,2,Content Illustration
Pesaro_1572,37,1,Content Illustration
Pesaro_1572,37,2,Content Illustration
Pesaro_1572,37,3,Content Illustration
Pesaro_1572,37,4,Content Illustration
Pesaro_1572,380,1,Content Illustration
Pesaro_1572,380,2,Content Illustration
Pesaro_1572,381,1,Content Illustration
Pesaro_1572,381,2,Content Illustration
Pesaro_1572,382,1,Content Illustration
Pesaro_1572,382,2,Content Illustration
Pesaro_1572,383,1,Content Illustration
Pesaro_1572,383,2,Content Illustration
Pesaro_1572,384,1,Content Illustration
Pesaro_1572,384,2,Content Illustration
Pesaro_1572,385,1,Content Illustration
Pesaro_1572,386,1,Content Illustration
Pesaro_1572,387,1,Content Illustration
Pesaro_1572,388,1,Content Illustration
Pesaro_1572,389,1,Content Illustration
Pesaro_1572,389,2,Content Illustration
Pesaro_1572,38,1,Content Illustration
Pesaro_1572,38,2,Content Illustration
Pesaro_1572,38,3,Content Illustration
Pesaro_1572,38,4,Content Illustration
Pesaro_1572,38,5,Content Illustration
Pesaro_1572,38,6,Content Illustration
Pesaro_1572,391,1,Content Illustration
Pesaro_1572,391,2,Content Illustration
Pesaro_1572,392,1,Content Illustration
Pesaro_1572,393,1,Content Illustration
Pesaro_1572,393,2,Content Illustration
Pesaro_1572,393,3,Content Illustration
Pesaro_1572,394,1,Content Illustration
Pesaro_1572,394,2,Content Illustration
Pesaro_1572,394,3,Content Illustration
Pesaro_1572,394,4,Content Illustration
Pesaro_1572,395,1,Content Illustration
Pesaro_1572,395,2,Content Illustration
Pesaro_1572,395,3,Content Illustration
Pesaro_1572,397,1,Content Illustration
Pesaro_1572,397,2,Content Illustration
Pesaro_1572,402,1,Content Illustration
Pesaro_1572,403,1,Content Illustration
Pesaro_1572,403,2,Content Illustration
Pesaro_1572,403,3,Content Illustration
Pesaro_1572,406,1,Content Illustration
Pesaro_1572,407,1,Content Illustration
Pesaro_1572,407,2,Content Illustration
Pesaro_1572,407,3,Content Illustration
Pesaro_1572,408,1,Content Illustration
Pesaro_1572,40,1,Content Illustration
Pesaro_1572,410,1,Content Illustration
Pesaro_1572,411,1,Content Illustration
Pesaro_1572,412,1,Content Illustration
Pesaro_1572,413,1,Content Illustration
Pesaro_1572,413,2,Content Illustration
Pesaro_1572,414,1,Content Illustration
Pesaro_1572,414,2,Content Illustration
Pesaro_1572,415,1,Content Illustration
Pesaro_1572,415,2,Content Illustration
Pesaro_1572,416,1,Content Illustration
Pesaro_1572,416,2,Content Illustration
Pesaro_1572,417,1,Content Illustration
Pesaro_1572,417,2,Content Illustration
Pesaro_1572,418,1,Content Illustration
Pesaro_1572,418,2,Content Illustration
Pesaro_1572,419,1,Content Illustration
Pesaro_1572,419,2,Content Illustration
Pesaro_1572,419,3,Content Illustration
Pesaro_1572,420,1,Content Illustration
Pesaro_1572,420,2,Content Illustration
Pesaro_1572,421,1,Content Illustration
Pesaro_1572,421,2,Content Illustration
Pesaro_1572,422,1,Content Illustration
Pesaro_1572,422,2,Content Illustration
Pesaro_1572,423,1,Content Illustration
Pesaro_1572,423,2,Content Illustration
Pesaro_1572,424,1,Content Illustration
Pesaro_1572,425,1,Content Illustration
Pesaro_1572,425,2,Content Illustration
Pesaro_1572,425,3,Content Illustration
Pesaro_1572,425,4,Content Illustration
Pesaro_1572,425,5,Content Illustration
Pesaro_1572,426,1,Content Illustration
Pesaro_1572,426,2,Content Illustration
Pesaro_1572,426,3,Content Illustration
Pesaro_1572,427,1,Content Illustration
Pesaro_1572,427,2,Content Illustration
Pesaro_1572,427,3,Content Illustration
Pesaro_1572,427,4,Content Illustration
Pesaro_1572,428,1,Content Illustration
Pesaro_1572,428,2,Content Illustration
Pesaro_1572,428,3,Content Illustration
Pesaro_1572,428,4,Content Illustration
Pesaro_1572,428,5,Content Illustration
Pesaro_1572,428,6,Content Illustration
Pesaro_1572,428,7,Content Illustration
Pesaro_1572,429,1,Content Illustration
Pesaro_1572,429,2,Content Illustration
Pesaro_1572,429,3,Content Illustration
Pesaro_1572,429,4,Content Illustration
Pesaro_1572,430,1,Content Illustration
Pesaro_1572,430,2,Content Illustration
Pesaro_1572,430,3,Content Illustration
Pesaro_1572,430,4,Content Illustration
Pesaro_1572,430,5,Content Illustration
Pesaro_1572,431,1,Content Illustration
Pesaro_1572,431,2,Content Illustration
Pesaro_1572,432,1,Content Illustration
Pesaro_1572,432,2,Content Illustration
Pesaro_1572,432,3,Content Illustration
Pesaro_1572,432,4,Content Illustration
Pesaro_1572,432,5,Content Illustration
Pesaro_1572,433,1,Content Illustration
Pesaro_1572,433,2,Content Illustration
Pesaro_1572,434,1,Content Illustration
Pesaro_1572,434,2,Content Illustration
Pesaro_1572,434,3,Content Illustration
Pesaro_1572,435,1,Content Illustration
Pesaro_1572,435,2,Content Illustration
Pesaro_1572,435,3,Content Illustration
Pesaro_1572,435,4,Content Illustration
Pesaro_1572,436,1,Content Illustration
Pesaro_1572,436,2,Content Illustration
Pesaro_1572,437,1,Content Illustration
Pesaro_1572,437,2,Content Illustration
Pesaro_1572,437,3,Content Illustration
Pesaro_1572,438,1,Content Illustration
Pesaro_1572,438,2,Content Illustration
Pesaro_1572,439,1,Content Illustration
Pesaro_1572,43,1,Content Illustration
Pesaro_1572,440,1,Content Illustration
Pesaro_1572,441,1,Content Illustration
Pesaro_1572,441,2,Content Illustration
Pesaro_1572,442,1,Content Illustration
Pesaro_1572,442,2,Content Illustration
Pesaro_1572,443,1,Content Illustration
Pesaro_1572,443,2,Content Illustration
Pesaro_1572,443,3,Content Illustration
Pesaro_1572,444,1,Content Illustration
Pesaro_1572,445,1,Content Illustration
Pesaro_1572,445,2,Content Illustration
Pesaro_1572,445,3,Content Illustration
Pesaro_1572,446,1,Content Illustration
Pesaro_1572,446,2,Content Illustration
Pesaro_1572,446,3,Content Illustration
Pesaro_1572,446,4,Content Illustration
Pesaro_1572,447,1,Content Illustration
Pesaro_1572,447,2,Content Illustration
Pesaro_1572,447,3,Content Illustration
Pesaro_1572,447,4,Content Illustration
Pesaro_1572,448,1,Content Illustration
Pesaro_1572,448,2,Content Illustration
Pesaro_1572,449,1,Content Illustration
Pesaro_1572,449,2,Content Illustration
Pesaro_1572,449,3,Content Illustration
Pesaro_1572,44,1,Content Illustration
Pesaro_1572,450,1,Content Illustration
Pesaro_1572,450,2,Content Illustration
Pesaro_1572,451,1,Content Illustration
Pesaro_1572,451,2,Content Illustration
Pesaro_1572,452,1,Content Illustration
Pesaro_1572,452,2,Content Illustration
Pesaro_1572,453,1,Content Illustration
Pesaro_1572,453,2,Content Illustration
Pesaro_1572,455,1,Content Illustration
Pesaro_1572,457,1,Content Illustration
Pesaro_1572,457,2,Content Illustration
Pesaro_1572,457,3,Content Illustration
Pesaro_1572,458,1,Content Illustration
Pesaro_1572,458,2,Content Illustration
Pesaro_1572,458,3,Content Illustration
Pesaro_1572,458,4,Content Illustration
Pesaro_1572,459,1,Content Illustration
Pesaro_1572,45,1,Content Illustration
Pesaro_1572,45,2,Content Illustration
Pesaro_1572,460,1,Content Illustration
Pesaro_1572,460,2,Content Illustration
Pesaro_1572,461,1,Content Illustration
Pesaro_1572,462,1,Content Illustration
Pesaro_1572,462,2,Content Illustration
Pesaro_1572,463,1,Content Illustration
Pesaro_1572,464,1,Content Illustration
Pesaro_1572,464,2,Content Illustration
Pesaro_1572,465,1,Content Illustration
Pesaro_1572,465,2,Content Illustration
Pesaro_1572,465,3,Content Illustration
Pesaro_1572,465,4,Content Illustration
Pesaro_1572,465,5,Content Illustration
Pesaro_1572,466,1,Content Illustration
Pesaro_1572,467,1,Content Illustration
Pesaro_1572,467,2,Content Illustration
Pesaro_1572,468,1,Content Illustration
Pesaro_1572,468,2,Content Illustration
Pesaro_1572,468,3,Content Illustration
Pesaro_1572,468,4,Content Illustration
Pesaro_1572,469,1,Content Illustration
Pesaro_1572,469,2,Content Illustration
Pesaro_1572,469,3,Content Illustration
Pesaro_1572,469,4,Content Illustration
Pesaro_1572,46,1,Content Illustration
Pesaro_1572,46,2,Content Illustration
Pesaro_1572,46,3,Content Illustration
Pesaro_1572,46,4,Content Illustration
Pesaro_1572,470,1,Content Illustration
Pesaro_1572,470,2,Content Illustration
Pesaro_1572,471,1,Content Illustration
Pesaro_1572,471,2,Content Illustration
Pesaro_1572,471,3,Content Illustration
Pesaro_1572,473,1,Content Illustration
Pesaro_1572,473,2,Content Illustration
Pesaro_1572,473,3,Content Illustration
Pesaro_1572,474,1,Content Illustration
Pesaro_1572,475,1,Content Illustration
Pesaro_1572,475,2,Content Illustration
Pesaro_1572,476,1,Content Illustration
Pesaro_1572,476,2,Content Illustration
Pesaro_1572,477,1,Content Illustration
Pesaro_1572,477,2,Content Illustration
Pesaro_1572,478,1,Content Illustration
Pesaro_1572,478,2,Content Illustration
Pesaro_1572,478,3,Content Illustration
Pesaro_1572,479,1,Content Illustration
Pesaro_1572,479,2,Content Illustration
Pesaro_1572,47,1,Content Illustration
Pesaro_1572,481,1,Content Illustration
Pesaro_1572,482,1,Content Illustration
Pesaro_1572,482,2,Content Illustration
Pesaro_1572,483,1,Content Illustration
Pesaro_1572,483,2,Content Illustration
Pesaro_1572,484,1,Content Illustration
Pesaro_1572,485,1,Content Illustration
Pesaro_1572,486,1,Content Illustration
Pesaro_1572,487,1,Content Illustration
Pesaro_1572,487,2,Content Illustration
Pesaro_1572,488,1,Content Illustration
Pesaro_1572,489,1,Content Illustration
Pesaro_1572,489,2,Content Illustration
Pesaro_1572,48,1,Content Illustration
Pesaro_1572,490,1,Content Illustration
Pesaro_1572,490,2,Content Illustration
Pesaro_1572,491,1,Content Illustration
Pesaro_1572,491,2,Content Illustration
Pesaro_1572,492,1,Content Illustration
Pesaro_1572,492,2,Content Illustration
Pesaro_1572,493,1,Content Illustration
Pesaro_1572,493,2,Content Illustration
Pesaro_1572,493,3,Content Illustration
Pesaro_1572,494,1,Content Illustration
Pesaro_1572,495,1,Content Illustration
Pesaro_1572,495,2,Content Illustration
Pesaro_1572,496,1,Content Illustration
Pesaro_1572,497,1,Content Illustration
Pesaro_1572,497,2,Content Illustration
Pesaro_1572,498,1,Content Illustration
Pesaro_1572,498,2,Content Illustration
Pesaro_1572,499,1,Content Illustration
Pesaro_1572,499,2,Content Illustration
Pesaro_1572,49,1,Content Illustration
Pesaro_1572,501,1,Content Illustration
Pesaro_1572,502,1,Content Illustration
Pesaro_1572,502,2,Content Illustration
Pesaro_1572,502,3,Content Illustration
Pesaro_1572,502,4,Content Illustration
Pesaro_1572,503,1,Content Illustration
Pesaro_1572,503,2,Content Illustration
Pesaro_1572,503,3,Content Illustration
Pesaro_1572,503,4,Content Illustration
Pesaro_1572,504,1,Content Illustration
Pesaro_1572,504,2,Content Illustration
Pesaro_1572,504,3,Content Illustration
Pesaro_1572,505,1,Content Illustration
Pesaro_1572,505,2,Content Illustration
Pesaro_1572,505,3,Content Illustration
Pesaro_1572,505,4,Content Illustration
Pesaro_1572,506,1,Content Illustration
Pesaro_1572,506,2,Content Illustration
Pesaro_1572,506,3,Content Illustration
Pesaro_1572,507,1,Content Illustration
Pesaro_1572,507,2,Content Illustration
Pesaro_1572,509,1,Content Illustration
Pesaro_1572,50,1,Content Illustration
Pesaro_1572,510,1,Content Illustration
Pesaro_1572,511,1,Content Illustration
Pesaro_1572,512,1,Content Illustration
Pesaro_1572,513,1,Content Illustration
Pesaro_1572,514,1,Content Illustration
Pesaro_1572,516,1,Content Illustration
Pesaro_1572,517,1,Content Illustration
Pesaro_1572,517,2,Content Illustration
Pesaro_1572,517,3,Content Illustration
Pesaro_1572,518,1,Content Illustration
Pesaro_1572,519,1,Content Illustration
Pesaro_1572,519,2,Content Illustration
Pesaro_1572,51,1,Content Illustration
Pesaro_1572,51,2,Content Illustration
Pesaro_1572,51,3,Content Illustration
Pesaro_1572,51,4,Content Illustration
Pesaro_1572,520,1,Content Illustration
Pesaro_1572,520,2,Content Illustration
Pesaro_1572,521,1,Content Illustration
Pesaro_1572,522,1,Content Illustration
Pesaro_1572,522,2,Content Illustration
Pesaro_1572,524,1,Content Illustration
Pesaro_1572,526,1,Content Illustration
Pesaro_1572,526,2,Content Illustration
Pesaro_1572,527,1,Content Illustration
Pesaro_1572,527,2,Content Illustration
Pesaro_1572,528,1,Content Illustration
Pesaro_1572,528,2,Content Illustration
Pesaro_1572,529,1,Content Illustration
Pesaro_1572,529,2,Content Illustration
Pesaro_1572,529,3,Content Illustration
Pesaro_1572,52,1,Content Illustration
Pesaro_1572,530,1,Content Illustration
Pesaro_1572,531,1,Content Illustration
Pesaro_1572,531,2,Content Illustration
Pesaro_1572,532,1,Content Illustration
Pesaro_1572,534,1,Content Illustration
Pesaro_1572,535,1,Content Illustration
Pesaro_1572,535,2,Content Illustration
Pesaro_1572,535,3,Content Illustration
Pesaro_1572,536,1,Content Illustration
Pesaro_1572,536,2,Content Illustration
Pesaro_1572,536,3,Content Illustration
Pesaro_1572,536,4,Content Illustration
Pesaro_1572,537,1,Content Illustration
Pesaro_1572,538,1,Content Illustration
Pesaro_1572,538,2,Content Illustration
Pesaro_1572,539,1,Content Illustration
Pesaro_1572,53,1,Content Illustration
Pesaro_1572,53,2,Content Illustration
Pesaro_1572,53,3,Content Illustration
Pesaro_1572,54,1,Content Illustration
Pesaro_1572,54,2,Content Illustration
Pesaro_1572,54,3,Content Illustration
Pesaro_1572,55,1,Content Illustration
Pesaro_1572,56,1,Content Illustration
Pesaro_1572,56,2,Content Illustration
Pesaro_1572,57,1,Content Illustration
Pesaro_1572,58,1,Content Illustration
Pesaro_1572,58,2,Content Illustration
Pesaro_1572,58,3,Content Illustration
Pesaro_1572,59,1,Content Illustration
Pesaro_1572,59,2,Content Illustration
Pesaro_1572,60,1,Content Illustration
Pesaro_1572,60,2,Content Illustration
Pesaro_1572,61,1,Content Illustration
Pesaro_1572,62,1,Content Illustration
Pesaro_1572,62,2,Content Illustration
Pesaro_1572,62,3,Content Illustration
Pesaro_1572,63,1,Content Illustration
Pesaro_1572,63,2,Content Illustration
Pesaro_1572,63,3,Content Illustration
Pesaro_1572,65,1,Content Illustration
Pesaro_1572,65,2,Content Illustration
Pesaro_1572,66,1,Content Illustration
Pesaro_1572,67,1,Content Illustration
Pesaro_1572,67,2,Content Illustration
Pesaro_1572,68,1,Content Illustration
Pesaro_1572,68,2,Content Illustration
Pesaro_1572,68,3,Content Illustration
Pesaro_1572,69,1,Content Illustration
Pesaro_1572,6,1,Content Illustration
Pesaro_1572,70,1,Content Illustration
Pesaro_1572,70,2,Content Illustration
Pesaro_1572,70,3,Content Illustration
Pesaro_1572,70,4,Content Illustration
Pesaro_1572,70,5,Content Illustration
Pesaro_1572,71,1,Content Illustration
Pesaro_1572,72,1,Content Illustration
Pesaro_1572,72,2,Content Illustration
Pesaro_1572,73,1,Content Illustration
Pesaro_1572,73,2,Content Illustration
Pesaro_1572,73,3,Content Illustration
Pesaro_1572,74,1,Content Illustration
Pesaro_1572,74,2,Content Illustration
Pesaro_1572,74,3,Content Illustration
Pesaro_1572,74,4,Content Illustration
Pesaro_1572,75,1,Content Illustration
Pesaro_1572,75,2,Content Illustration
Pesaro_1572,76,1,Content Illustration
Pesaro_1572,76,2,Content Illustration
Pesaro_1572,76,3,Content Illustration
Pesaro_1572,77,1,Content Illustration
Pesaro_1572,77,2,Content Illustration
Pesaro_1572,78,1,Content Illustration
Pesaro_1572,79,1,Content Illustration
Pesaro_1572,79,2,Content Illustration
Pesaro_1572,79,3,Content Illustration
Pesaro_1572,79,4,Content Illustration
Pesaro_1572,80,1,Content Illustration
Pesaro_1572,81,1,Content Illustration
Pesaro_1572,81,2,Content Illustration
Pesaro_1572,82,1,Content Illustration
Pesaro_1572,82,2,Content Illustration
Pesaro_1572,82,3,Content Illustration
Pesaro_1572,82,4,Content Illustration
Pesaro_1572,82,5,Content Illustration
Pesaro_1572,83,1,Content Illustration
Pesaro_1572,83,2,Content Illustration
Pesaro_1572,84,1,Content Illustration
Pesaro_1572,85,1,Content Illustration
Pesaro_1572,85,2,Content Illustration
Pesaro_1572,86,1,Content Illustration
Pesaro_1572,86,2,Content Illustration
Pesaro_1572,87,1,Content Illustration
Pesaro_1572,87,2,Content Illustration
Pesaro_1572,88,1,Content Illustration
Pesaro_1572,88,2,Content Illustration
Pesaro_1572,88,3,Content Illustration
Pesaro_1572,89,1,Content Illustration
Pesaro_1572,90,1,Content Illustration
Pesaro_1572,91,1,Content Illustration
Pesaro_1572,91,2,Content Illustration
Pesaro_1572,92,1,Content Illustration
Pesaro_1572,92,2,Content Illustration
Pesaro_1572,93,1,Content Illustration
Pesaro_1572,94,1,Content Illustration
Pesaro_1572,95,1,Content Illustration
Pesaro_1572,95,2,Content Illustration
Pesaro_1572,96,1,Content Illustration
Pesaro_1572,97,1,Content Illustration
Pesaro_1572,97,2,Content Illustration
Pesaro_1572,98,1,Content Illustration
Pesaro_1572,98,2,Content Illustration
Pesaro_1572,99,1,Content Illustration
Pesaro_1572,99,2,Content Illustration
Pesaro_1572,99,3,Content Illustration
Rome_1574,101,1,Content Illustration
Rome_1574,102,1,Content Illustration
Rome_1574,102,2,Content Illustration
Rome_1574,103,1,Content Illustration
Rome_1574,103,2,Content Illustration
Rome_1574,103,3,Content Illustration
Rome_1574,104,1,Content Illustration
Rome_1574,104,2,Content Illustration
Rome_1574,105,1,Content Illustration
Rome_1574,105,2,Content Illustration
Rome_1574,105,3,Content Illustration
Rome_1574,106,1,Content Illustration
Rome_1574,106,2,Content Illustration
Rome_1574,106,3,Content Illustration
Rome_1574,107,1,Content Illustration
Rome_1574,108,1,Content Illustration
Rome_1574,108,2,Content Illustration
Rome_1574,108,3,Content Illustration
Rome_1574,108,4,Content Illustration
Rome_1574,109,1,Content Illustration
Rome_1574,109,2,Content Illustration
Rome_1574,109,3,Content Illustration
Rome_1574,110,1,Content Illustration
Rome_1574,110,2,Content Illustration
Rome_1574,110,3,Content Illustration
Rome_1574,110,4,Content Illustration
Rome_1574,110,5,Content Illustration
Rome_1574,111,1,Content Illustration
Rome_1574,111,2,Content Illustration
Rome_1574,112,1,Content Illustration
Rome_1574,112,2,Content Illustration
Rome_1574,112,3,Content Illustration
Rome_1574,113,1,Content Illustration
Rome_1574,113,2,Content Illustration
Rome_1574,113,3,Content Illustration
Rome_1574,113,4,Content Illustration
Rome_1574,113,5,Content Illustration
Rome_1574,114,1,Content Illustration
Rome_1574,114,2,Content Illustration
Rome_1574,114,3,Content Illustration
Rome_1574,114,4,Content Illustration
Rome_1574,114,5,Content Illustration
Rome_1574,115,1,Content Illustration
Rome_1574,115,2,Content Illustration
Rome_1574,116,1,Content Illustration
Rome_1574,116,2,Content Illustration
Rome_1574,116,3,Content Illustration
Rome_1574,117,1,Content Illustration
Rome_1574,117,2,Content Illustration
Rome_1574,118,1,Content Illustration
Rome_1574,118,2,Content Illustration
Rome_1574,118,3,Content Illustration
Rome_1574,118,4,Content Illustration
Rome_1574,119,1,Content Illustration
Rome_1574,119,2,Content Illustration
Rome_1574,119,3,Content Illustration
Rome_1574,120,1,Content Illustration
Rome_1574,120,2,Content Illustration
Rome_1574,120,3,Content Illustration
Rome_1574,121,1,Content Illustration
Rome_1574,121,2,Content Illustration
Rome_1574,121,3,Content Illustration
Rome_1574,122,1,Content Illustration
Rome_1574,122,2,Content Illustration
Rome_1574,122,3,Content Illustration
Rome_1574,123,1,Content Illustration
Rome_1574,123,2,Content Illustration
Rome_1574,123,3,Content Illustration
Rome_1574,123,4,Content Illustration
Rome_1574,124,1,Content Illustration
Rome_1574,124,2,Content Illustration
Rome_1574,124,3,Content Illustration
Rome_1574,125,1,Content Illustration
Rome_1574,125,2,Content Illustration
Rome_1574,125,3,Content Illustration
Rome_1574,125,4,Content Illustration
Rome_1574,125,5,Content Illustration
Rome_1574,125,6,Content Illustration
Rome_1574,126,1,Content Illustration
Rome_1574,126,2,Content Illustration
Rome_1574,126,3,Content Illustration
Rome_1574,127,1,Content Illustration
Rome_1574,127,2,Content Illustration
Rome_1574,127,3,Content Illustration
Rome_1574,127,4,Content Illustration
Rome_1574,128,1,Content Illustration
Rome_1574,128,2,Content Illustration
Rome_1574,129,1,Content Illustration
Rome_1574,130,1,Content Illustration
Rome_1574,130,2,Content Illustration
Rome_1574,131,1,Content Illustration
Rome_1574,131,2,Content Illustration
Rome_1574,131,3,Content Illustration
Rome_1574,131,4,Content Illustration
Rome_1574,131,5,Content Illustration
Rome_1574,132,1,Content Illustration
Rome_1574,132,2,Content Illustration
Rome_1574,133,1,Content Illustration
Rome_1574,133,2,Content Illustration
Rome_1574,134,1,Content Illustration
Rome_1574,135,1,Content Illustration
Rome_1574,136,1,Content Illustration
Rome_1574,136,2,Content Illustration
Rome_1574,136,3,Content Illustration
Rome_1574,137,1,Content Illustration
Rome_1574,137,2,Content Illustration
Rome_1574,137,3,Content Illustration
Rome_1574,137,4,Content Illustration
Rome_1574,138,1,Content Illustration
Rome_1574,138,2,Content Illustration
Rome_1574,139,1,Content Illustration
Rome_1574,139,2,Content Illustration
Rome_1574,140,1,Content Illustration
Rome_1574,140,2,Content Illustration
Rome_1574,140,3,Content Illustration
Rome_1574,141,1,Content Illustration
Rome_1574,141,2,Content Illustration
Rome_1574,142,1,Content Illustration
Rome_1574,142,2,Content Illustration
Rome_1574,142,3,Content Illustration
Rome_1574,142,4,Content Illustration
Rome_1574,143,1,Content Illustration
Rome_1574,143,2,Content Illustration
Rome_1574,143,3,Content Illustration
Rome_1574,143,4,Content Illustration
Rome_1574,143,5,Content Illustration
Rome_1574,144,1,Content Illustration
Rome_1574,144,2,Content Illustration
Rome_1574,144,3,Content Illustration
Rome_1574,144,4,Content Illustration
Rome_1574,145,1,Content Illustration
Rome_1574,145,2,Content Illustration
Rome_1574,145,3,Content Illustration
Rome_1574,145,4,Content Illustration
Rome_1574,146,1,Content Illustration
Rome_1574,146,2,Content Illustration
Rome_1574,146,3,Content Illustration
Rome_1574,146,4,Content Illustration
Rome_1574,147,1,Content Illustration
Rome_1574,147,2,Content Illustration
Rome_1574,148,1,Content Illustration
Rome_1574,148,2,Content Illustration
Rome_1574,148,3,Content Illustration
Rome_1574,148,4,Content Illustration
Rome_1574,149,1,Content Illustration
Rome_1574,149,2,Content Illustration
Rome_1574,149,3,Content Illustration
Rome_1574,150,1,Content Illustration
Rome_1574,150,2,Content Illustration
Rome_1574,151,1,Content Illustration
Rome_1574,151,2,Content Illustration
Rome_1574,151,3,Content Illustration
Rome_1574,152,1,Content Illustration
Rome_1574,153,1,Content Illustration
Rome_1574,153,2,Content Illustration
Rome_1574,153,3,Content Illustration
Rome_1574,153,4,Content Illustration
Rome_1574,154,1,Content Illustration
Rome_1574,154,2,Content Illustration
Rome_1574,154,3,Content Illustration
Rome_1574,154,4,Content Illustration
Rome_1574,154,5,Content Illustration
Rome_1574,155,1,Content Illustration
Rome_1574,155,2,Content Illustration
Rome_1574,155,3,Content Illustration
Rome_1574,158,1,Content Illustration
Rome_1574,158,2,Content Illustration
Rome_1574,158,3,Content Illustration
Rome_1574,159,1,Content Illustration
Rome_1574,159,2,Content Illustration
Rome_1574,159,3,Content Illustration
Rome_1574,160,1,Content Illustration
Rome_1574,161,1,Content Illustration
Rome_1574,161,2,Content Illustration
Rome_1574,162,1,Content Illustration
Rome_1574,162,2,Content Illustration
Rome_1574,162,3,Content Illustration
Rome_1574,163,1,Content Illustration
Rome_1574,163,2,Content Illustration
Rome_1574,164,1,Content Illustration
Rome_1574,164,2,Content Illustration
Rome_1574,165,1,Content Illustration
Rome_1574,166,1,Content Illustration
Rome_1574,166,2,Content Illustration
Rome_1574,166,3,Content Illustration
Rome_1574,167,1,Content Illustration
Rome_1574,168,1,Content Illustration
Rome_1574,169,1,Content Illustration
Rome_1574,169,2,Content Illustration
Rome_1574,169,3,Content Illustration
Rome_1574,170,1,Content Illustration
Rome_1574,170,2,Content Illustration
Rome_1574,170,3,Content Illustration
Rome_1574,171,1,Content Illustration
Rome_1574,171,2,Content Illustration
Rome_1574,172,1,Content Illustration
Rome_1574,172,2,Content Illustration
Rome_1574,172,3,Content Illustration
Rome_1574,173,1,Content Illustration
Rome_1574,173,2,Content Illustration
Rome_1574,173,3,Content Illustration
Rome_1574,173,4,Content Illustration
Rome_1574,174,1,Content Illustration
Rome_1574,174,2,Content Illustration
Rome_1574,174,3,Content Illustration
Rome_1574,174,4,Content Illustration
Rome_1574,175,1,Content Illustration
Rome_1574,175,2,Content Illustration
Rome_1574,175,3,Content Illustration
Rome_1574,176,1,Content Illustration
Rome_1574,176,2,Content Illustration
Rome_1574,177,1,Content Illustration
Rome_1574,177,2,Content Illustration
Rome_1574,177,3,Content Illustration
Rome_1574,178,1,Content Illustration
Rome_1574,178,2,Content Illustration
Rome_1574,178,3,Content Illustration
Rome_1574,178,4,Content Illustration
Rome_1574,179,1,Content Illustration
Rome_1574,179,2,Content Illustration
Rome_1574,179,3,Content Illustration
Rome_1574,179,4,Content Illustration
Rome_1574,180,1,Content Illustration
Rome_1574,180,2,Content Illustration
Rome_1574,180,3,Content Illustration
Rome_1574,181,1,Content Illustration
Rome_1574,181,2,Content Illustration
Rome_1574,181,3,Content Illustration
Rome_1574,182,1,Content Illustration
Rome_1574,182,2,Content Illustration
Rome_1574,182,3,Content Illustration
Rome_1574,183,1,Content Illustration
Rome_1574,183,2,Content Illustration
Rome_1574,184,1,Content Illustration
Rome_1574,185,1,Content Illustration
Rome_1574,185,2,Content Illustration
Rome_1574,185,3,Content Illustration
Rome_1574,186,1,Content Illustration
Rome_1574,186,2,Content Illustration
Rome_1574,186,3,Content Illustration
Rome_1574,187,1,Content Illustration
Rome_1574,187,2,Content Illustration
Rome_1574,187,3,Content Illustration
Rome_1574,188,1,Content Illustration
Rome_1574,188,2,Content Illustration
Rome_1574,188,3,Content Illustration
Rome_1574,189,1,Content Illustration
Rome_1574,189,2,Content Illustration
Rome_1574,189,3,Content Illustration
Rome_1574,190,1,Content Illustration
Rome_1574,190,2,Content Illustration
Rome_1574,191,1,Content Illustration
Rome_1574,191,2,Content Illustration
Rome_1574,191,3,Content Illustration
Rome_1574,192,1,Content Illustration
Rome_1574,193,1,Content Illustration
Rome_1574,193,2,Content Illustration
Rome_1574,193,3,Content Illustration
Rome_1574,196,1,Content Illustration
Rome_1574,196,2,Content Illustration
Rome_1574,196,3,Content Illustration
Rome_1574,197,1,Content Illustration
Rome_1574,197,2,Content Illustration
Rome_1574,197,3,Content Illustration
Rome_1574,197,4,Content Illustration
Rome_1574,198,1,Content Illustration
Rome_1574,198,2,Content Illustration
Rome_1574,198,3,Content Illustration
Rome_1574,199,1,Content Illustration
Rome_1574,199,2,Content Illustration
Rome_1574,199,3,Content Illustration
Rome_1574,199,4,Content Illustration
Rome_1574,199,5,Content Illustration
Rome_1574,1,1,Content Illustration
Rome_1574,200,1,Content Illustration
Rome_1574,200,2,Content Illustration
Rome_1574,200,3,Content Illustration
Rome_1574,201,1,Content Illustration
Rome_1574,201,2,Content Illustration
Rome_1574,201,3,Content Illustration
Rome_1574,202,1,Content Illustration
Rome_1574,202,2,Content Illustration
Rome_1574,202,3,Content Illustration
Rome_1574,203,1,Content Illustration
Rome_1574,203,2,Content Illustration
Rome_1574,203,3,Content Illustration
Rome_1574,204,1,Content Illustration
Rome_1574,204,2,Content Illustration
Rome_1574,204,3,Content Illustration
Rome_1574,204,4,Content Illustration
Rome_1574,204,5,Content Illustration
Rome_1574,205,1,Content Illustration
Rome_1574,205,2,Content Illustration
Rome_1574,205,3,Content Illustration
Rome_1574,205,4,Content Illustration
Rome_1574,206,1,Content Illustration
Rome_1574,206,2,Content Illustration
Rome_1574,206,3,Content Illustration
Rome_1574,206,4,Content Illustration
Rome_1574,206,5,Content Illustration
Rome_1574,207,1,Content Illustration
Rome_1574,207,2,Content Illustration
Rome_1574,207,3,Content Illustration
Rome_1574,208,1,Content Illustration
Rome_1574,208,2,Content Illustration
Rome_1574,208,3,Content Illustration
Rome_1574,209,1,Content Illustration
Rome_1574,209,2,Content Illustration
Rome_1574,209,3,Content Illustration
Rome_1574,209,4,Content Illustration
Rome_1574,210,1,Content Illustration
Rome_1574,210,2,Content Illustration
Rome_1574,210,3,Content Illustration
Rome_1574,210,4,Content Illustration
Rome_1574,211,1,Content Illustration
Rome_1574,211,2,Content Illustration
Rome_1574,211,3,Content Illustration
Rome_1574,211,4,Content Illustration
Rome_1574,212,1,Content Illustration
Rome_1574,212,2,Content Illustration
Rome_1574,213,1,Content Illustration
Rome_1574,213,2,Content Illustration
Rome_1574,214,1,Content Illustration
Rome_1574,214,2,Content Illustration
Rome_1574,214,3,Content Illustration
Rome_1574,214,4,Content Illustration
Rome_1574,215,1,Content Illustration
Rome_1574,215,2,Content Illustration
Rome_1574,215,3,Content Illustration
Rome_1574,216,1,Content Illustration
Rome_1574,216,2,Content Illustration
Rome_1574,216,3,Content Illustration
Rome_1574,218,1,Content Illustration
Rome_1574,218,2,Content Illustration
Rome_1574,219,1,Content Illustration
Rome_1574,219,2,Content Illustration
Rome_1574,220,1,Content Illustration
Rome_1574,220,2,Content Illustration
Rome_1574,221,1,Content Illustration
Rome_1574,222,1,Content Illustration
Rome_1574,223,1,Content Illustration
Rome_1574,223,2,Content Illustration
Rome_1574,224,1,Content Illustration
Rome_1574,235,1,Content Illustration
Rome_1574,237,1,Content Illustration
Rome_1574,237,2,Content Illustration
Rome_1574,238,1,Content Illustration
Rome_1574,239,1,Content Illustration
Rome_1574,239,2,Content Illustration
Rome_1574,245,1,Content Illustration
Rome_1574,249,1,Content Illustration
Rome_1574,249,2,Content Illustration
Rome_1574,250,1,Content Illustration
Rome_1574,250,2,Content Illustration
Rome_1574,251,1,Content Illustration
Rome_1574,254,1,Content Illustration
Rome_1574,255,1,Content Illustration
Rome_1574,257,1,Content Illustration
Rome_1574,259,1,Content Illustration
Rome_1574,260,1,Content Illustration
Rome_1574,261,1,Content Illustration
Rome_1574,261,2,Content Illustration
Rome_1574,261,3,Content Illustration
Rome_1574,262,1,Content Illustration
Rome_1574,263,1,Content Illustration
Rome_1574,263,2,Content Illustration
Rome_1574,263,3,Content Illustration
Rome_1574,264,1,Content Illustration
Rome_1574,264,2,Content Illustration
Rome_1574,264,3,Content Illustration
Rome_1574,265,1,Content Illustration
Rome_1574,266,1,Content Illustration
Rome_1574,267,1,Content Illustration
Rome_1574,267,2,Content Illustration
Rome_1574,267,3,Content Illustration
Rome_1574,268,1,Content Illustration
Rome_1574,269,1,Content Illustration
Rome_1574,271,1,Content Illustration
Rome_1574,271,2,Content Illustration
Rome_1574,272,1,Content Illustration
Rome_1574,272,2,Content Illustration
Rome_1574,273,1,Content Illustration
Rome_1574,273,2,Content Illustration
Rome_1574,274,1,Content Illustration
Rome_1574,274,2,Content Illustration
Rome_1574,275,1,Content Illustration
Rome_1574,275,2,Content Illustration
Rome_1574,275,3,Content Illustration
Rome_1574,276,1,Content Illustration
Rome_1574,276,2,Content Illustration
Rome_1574,276,3,Content Illustration
Rome_1574,277,1,Content Illustration
Rome_1574,277,2,Content Illustration
Rome_1574,278,1,Content Illustration
Rome_1574,278,2,Content Illustration
Rome_1574,279,1,Content Illustration
Rome_1574,279,2,Content Illustration
Rome_1574,279,3,Content Illustration
Rome_1574,279,4,Content Illustration
Rome_1574,280,1,Content Illustration
Rome_1574,280,2,Content Illustration
Rome_1574,280,3,Content Illustration
Rome_1574,281,1,Content Illustration
Rome_1574,281,2,Content Illustration
Rome_1574,281,3,Content Illustration
Rome_1574,282,1,Content Illustration
Rome_1574,282,2,Content Illustration
Rome_1574,282,3,Content Illustration
Rome_1574,282,4,Content Illustration
Rome_1574,283,1,Content Illustration
Rome_1574,283,2,Content Illustration
Rome_1574,283,3,Content Illustration
Rome_1574,284,1,Content Illustration
Rome_1574,284,2,Content Illustration
Rome_1574,285,1,Content Illustration
Rome_1574,286,1,Content Illustration
Rome_1574,286,2,Content Illustration
Rome_1574,286,3,Content Illustration
Rome_1574,287,1,Content Illustration
Rome_1574,287,2,Content Illustration
Rome_1574,287,3,Content Illustration
Rome_1574,287,4,Content Illustration
Rome_1574,288,1,Content Illustration
Rome_1574,288,2,Content Illustration
Rome_1574,289,1,Content Illustration
Rome_1574,289,2,Content Illustration
Rome_1574,289,3,Content Illustration
Rome_1574,289,4,Content Illustration
Rome_1574,290,1,Content Illustration
Rome_1574,290,2,Content Illustration
Rome_1574,291,1,Content Illustration
Rome_1574,291,2,Content Illustration
Rome_1574,291,3,Content Illustration
Rome_1574,292,1,Content Illustration
Rome_1574,292,2,Content Illustration
Rome_1574,293,1,Content Illustration
Rome_1574,294,1,Content Illustration
Rome_1574,294,2,Content Illustration
Rome_1574,294,3,Content Illustration
Rome_1574,295,1,Content Illustration
Rome_1574,295,2,Content Illustration
Rome_1574,296,1,Content Illustration
Rome_1574,296,2,Content Illustration
Rome_1574,296,3,Content Illustration
Rome_1574,297,1,Content Illustration
Rome_1574,297,2,Content Illustration
Rome_1574,297,3,Content Illustration
Rome_1574,297,4,Content Illustration
Rome_1574,298,1,Content Illustration
Rome_1574,298,2,Content Illustration
Rome_1574,298,3,Content Illustration
Rome_1574,299,1,Content Illustration
Rome_1574,299,2,Content Illustration
Rome_1574,300,1,Content Illustration
Rome_1574,300,2,Content Illustration
Rome_1574,301,1,Content Illustration
Rome_1574,301,2,Content Illustration
Rome_1574,301,3,Content Illustration
Rome_1574,302,1,Content Illustration
Rome_1574,302,2,Content Illustration
Rome_1574,303,1,Content Illustration
Rome_1574,304,1,Content Illustration
Rome_1574,304,2,Content Illustration
Rome_1574,304,3,Content Illustration
Rome_1574,305,1,Content Illustration
Rome_1574,306,1,Content Illustration
Rome_1574,306,2,Content Illustration
Rome_1574,307,1,Content Illustration
Rome_1574,307,2,Content Illustration
Rome_1574,307,3,Content Illustration
Rome_1574,308,1,Content Illustration
Rome_1574,308,2,Content Illustration
Rome_1574,308,3,Content Illustration
Rome_1574,308,4,Content Illustration
Rome_1574,309,1,Content Illustration
Rome_1574,309,2,Content Illustration
Rome_1574,309,3,Content Illustration
Rome_1574,310,1,Content Illustration
Rome_1574,310,2,Content Illustration
Rome_1574,310,3,Content Illustration
Rome_1574,310,4,Content Illustration
Rome_1574,311,1,Content Illustration
Rome_1574,311,2,Content Illustration
Rome_1574,311,3,Content Illustration
Rome_1574,312,1,Content Illustration
Rome_1574,312,2,Content Illustration
Rome_1574,312,3,Content Illustration
Rome_1574,313,1,Content Illustration
Rome_1574,313,2,Content Illustration
Rome_1574,313,3,Content Illustration
Rome_1574,314,1,Content Illustration
Rome_1574,314,2,Content Illustration
Rome_1574,314,3,Content Illustration
Rome_1574,321,1,Content Illustration
Rome_1574,322,1,Content Illustration
Rome_1574,332,1,Content Illustration
Rome_1574,333,1,Content Illustration
Rome_1574,335,1,Content Illustration
Rome_1574,336,1,Content Illustration
Rome_1574,342,1,Content Illustration
Rome_1574,343,1,Content Illustration
Rome_1574,349,1,Content Illustration
Rome_1574,350,1,Content Illustration
Rome_1574,353,1,Content Illustration
Rome_1574,401,1,Content Illustration
Rome_1574,402,1,Content Illustration
Rome_1574,421,1,Content Illustration
Rome_1574,422,1,Content Illustration
Rome_1574,422,2,Content Illustration
Rome_1574,422,3,Content Illustration
Rome_1574,423,1,Content Illustration
Rome_1574,423,2,Content Illustration
Rome_1574,424,1,Content Illustration
Rome_1574,424,2,Content Illustration
Rome_1574,425,1,Content Illustration
Rome_1574,429,1,Content Illustration
Rome_1574,430,1,Content Illustration
Rome_1574,430,2,Content Illustration
Rome_1574,430,3,Content Illustration
Rome_1574,432,1,Content Illustration
Rome_1574,433,1,Content Illustration
Rome_1574,434,1,Content Illustration
Rome_1574,435,1,Content Illustration
Rome_1574,436,1,Content Illustration
Rome_1574,437,1,Content Illustration
Rome_1574,437,2,Content Illustration
Rome_1574,438,1,Content Illustration
Rome_1574,438,2,Content Illustration
Rome_1574,439,1,Content Illustration
Rome_1574,440,1,Content Illustration
Rome_1574,440,2,Content Illustration
Rome_1574,441,1,Content Illustration
Rome_1574,441,2,Content Illustration
Rome_1574,442,1,Content Illustration
Rome_1574,442,2,Content Illustration
Rome_1574,443,1,Content Illustration
Rome_1574,444,1,Content Illustration
Rome_1574,444,2,Content Illustration
Rome_1574,445,1,Content Illustration
Rome_1574,446,1,Content Illustration
Rome_1574,447,1,Content Illustration
Rome_1574,447,2,Content Illustration
Rome_1574,448,1,Content Illustration
Rome_1574,448,2,Content Illustration
Rome_1574,448,3,Content Illustration
Rome_1574,449,1,Content Illustration
Rome_1574,449,2,Content Illustration
Rome_1574,449,3,Content Illustration
Rome_1574,450,1,Content Illustration
Rome_1574,450,2,Content Illustration
Rome_1574,451,1,Content Illustration
Rome_1574,452,1,Content Illustration
Rome_1574,452,2,Content Illustration
Rome_1574,453,1,Content Illustration
Rome_1574,453,2,Content Illustration
Rome_1574,454,1,Content Illustration
Rome_1574,454,2,Content Illustration
Rome_1574,455,1,Content Illustration
Rome_1574,455,2,Content Illustration
Rome_1574,456,1,Content Illustration
Rome_1574,456,2,Content Illustration
Rome_1574,456,3,Content Illustration
Rome_1574,457,1,Content Illustration
Rome_1574,457,2,Content Illustration
Rome_1574,458,1,Content Illustration
Rome_1574,461,1,Content Illustration
Rome_1574,461,2,Content Illustration
Rome_1574,462,1,Content Illustration
Rome_1574,462,2,Content Illustration
Rome_1574,463,1,Content Illustration
Rome_1574,464,1,Content Illustration
Rome_1574,464,2,Content Illustration
Rome_1574,465,1,Content Illustration
Rome_1574,465,2,Content Illustration
Rome_1574,466,1,Content Illustration
Rome_1574,466,2,Content Illustration
Rome_1574,466,3,Content Illustration
Rome_1574,467,1,Content Illustration
Rome_1574,467,2,Content Illustration
Rome_1574,468,1,Content Illustration
Rome_1574,468,2,Content Illustration
Rome_1574,469,1,Content Illustration
Rome_1574,469,2,Content Illustration
Rome_1574,469,3,Content Illustration
Rome_1574,470,1,Content Illustration
Rome_1574,470,2,Content Illustration
Rome_1574,471,1,Content Illustration
Rome_1574,471,2,Content Illustration
Rome_1574,471,3,Content Illustration
Rome_1574,471,4,Content Illustration
Rome_1574,472,1,Content Illustration
Rome_1574,473,1,Content Illustration
Rome_1574,474,1,Content Illustration
Rome_1574,474,2,Content Illustration
Rome_1574,475,1,Content Illustration
Rome_1574,475,2,Content Illustration
Rome_1574,476,1,Content Illustration
Rome_1574,476,2,Content Illustration
Rome_1574,477,1,Content Illustration
Rome_1574,480,1,Content Illustration
Rome_1574,481,1,Content Illustration
Rome_1574,481,2,Content Illustration
Rome_1574,482,1,Content Illustration
Rome_1574,483,1,Content Illustration
Rome_1574,483,2,Content Illustration
Rome_1574,484,1,Content Illustration
Rome_1574,484,2,Content Illustration
Rome_1574,485,1,Content Illustration
Rome_1574,486,1,Content Illustration
Rome_1574,486,2,Content Illustration
Rome_1574,487,1,Content Illustration
Rome_1574,488,1,Content Illustration
Rome_1574,488,2,Content Illustration
Rome_1574,489,1,Content Illustration
Rome_1574,489,2,Content Illustration
Rome_1574,489,3,Content Illustration
Rome_1574,490,1,Content Illustration
Rome_1574,490,2,Content Illustration
Rome_1574,491,1,Content Illustration
Rome_1574,492,1,Content Illustration
Rome_1574,492,2,Content Illustration
Rome_1574,493,1,Content Illustration
Rome_1574,494,1,Content Illustration
Rome_1574,494,2,Content Illustration
Rome_1574,494,3,Content Illustration
Rome_1574,495,1,Content Illustration
Rome_1574,495,2,Content Illustration
Rome_1574,496,1,Content Illustration
Rome_1574,497,1,Content Illustration
Rome_1574,497,2,Content Illustration
Rome_1574,498,1,Content Illustration
Rome_1574,498,2,Content Illustration
Rome_1574,499,1,Content Illustration
Rome_1574,500,1,Content Illustration
Rome_1574,500,2,Content Illustration
Rome_1574,501,1,Content Illustration
Rome_1574,502,1,Content Illustration
Rome_1574,503,1,Content Illustration
Rome_1574,504,1,Content Illustration
Rome_1574,505,1,Content Illustration
Rome_1574,506,1,Content Illustration
Rome_1574,507,1,Content Illustration
Rome_1574,507,2,Content Illustration
Rome_1574,508,1,Content Illustration
Rome_1574,509,1,Content Illustration
Rome_1574,509,2,Content Illustration
Rome_1574,510,1,Content Illustration
Rome_1574,510,2,Content Illustration
Rome_1574,511,1,Content Illustration
Rome_1574,511,2,Content Illustration
Rome_1574,512,1,Content Illustration
Rome_1574,512,2,Content Illustration
Rome_1574,513,1,Content Illustration
Rome_1574,514,1,Content Illustration
Rome_1574,514,2,Content Illustration
Rome_1574,514,3,Content Illustration
Rome_1574,515,1,Content Illustration
Rome_1574,516,1,Content Illustration
Rome_1574,516,2,Content Illustration
Rome_1574,517,1,Content Illustration
Rome_1574,517,2,Content Illustration
Rome_1574,518,1,Content Illustration
Rome_1574,518,2,Content Illustration
Rome_1574,519,1,Content Illustration
Rome_1574,520,1,Content Illustration
Rome_1574,520,2,Content Illustration
Rome_1574,521,1,Content Illustration
Rome_1574,521,2,Content Illustration
Rome_1574,522,1,Content Illustration
Rome_1574,522,2,Content Illustration
Rome_1574,523,1,Content Illustration
Rome_1574,523,2,Content Illustration
Rome_1574,524,1,Content Illustration
Rome_1574,525,1,Content Illustration
Rome_1574,526,1,Content Illustration
Rome_1574,527,1,Content Illustration
Rome_1574,528,1,Content Illustration
Rome_1574,528,2,Content Illustration
Rome_1574,529,1,Content Illustration
Rome_1574,529,2,Content Illustration
Rome_1574,530,1,Content Illustration
Rome_1574,530,2,Content Illustration
Rome_1574,532,1,Content Illustration
Rome_1574,533,1,Content Illustration
Rome_1574,533,2,Content Illustration
Rome_1574,533,3,Content Illustration
Rome_1574,534,1,Content Illustration
Rome_1574,534,2,Content Illustration
Rome_1574,535,1,Content Illustration
Rome_1574,536,1,Content Illustration
Rome_1574,536,2,Content Illustration
Rome_1574,537,1,Content Illustration
Rome_1574,538,1,Content Illustration
Rome_1574,539,1,Content Illustration
Rome_1574,540,1,Content Illustration
Rome_1574,540,2,Content Illustration
Rome_1574,541,1,Content Illustration
Rome_1574,541,2,Content Illustration
Rome_1574,542,1,Content Illustration
Rome_1574,542,2,Content Illustration
Rome_1574,543,1,Content Illustration
Rome_1574,544,1,Content Illustration
Rome_1574,544,2,Content Illustration
Rome_1574,545,1,Content Illustration
Rome_1574,545,2,Content Illustration
Rome_1574,546,1,Content Illustration
Rome_1574,547,1,Content Illustration
Rome_1574,547,2,Content Illustration
Rome_1574,547,3,Content Illustration
Rome_1574,548,1,Content Illustration
Rome_1574,548,2,Content Illustration
Rome_1574,549,1,Content Illustration
Rome_1574,549,2,Content Illustration
Rome_1574,549,3,Content Illustration
Rome_1574,549,4,Content Illustration
Rome_1574,550,1,Content Illustration
Rome_1574,550,2,Content Illustration
Rome_1574,550,3,Content Illustration
Rome_1574,551,1,Content Illustration
Rome_1574,551,2,Content Illustration
Rome_1574,552,1,Content Illustration
Rome_1574,552,2,Content Illustration
Rome_1574,552,3,Content Illustration
Rome_1574,553,1,Content Illustration
Rome_1574,553,2,Content Illustration
Rome_1574,553,3,Content Illustration
Rome_1574,553,4,Content Illustration
Rome_1574,554,1,Content Illustration
Rome_1574,554,2,Content Illustration
Rome_1574,554,3,Content Illustration
Rome_1574,555,1,Content Illustration
Rome_1574,555,2,Content Illustration
Rome_1574,555,3,Content Illustration
Rome_1574,556,1,Content Illustration
Rome_1574,556,2,Content Illustration
Rome_1574,556,3,Content Illustration
Rome_1574,557,1,Content Illustration
Rome_1574,557,2,Content Illustration
Rome_1574,557,3,Content Illustration
Rome_1574,557,4,Content Illustration
Rome_1574,558,1,Content Illustration
Rome_1574,558,2,Content Illustration
Rome_1574,558,3,Content Illustration
Rome_1574,559,1,Content Illustration
Rome_1574,560,1,Content Illustration
Rome_1574,560,2,Content Illustration
Rome_1574,561,1,Content Illustration
Rome_1574,561,2,Content Illustration
Rome_1574,562,1,Content Illustration
Rome_1574,563,1,Content Illustration
Rome_1574,563,2,Content Illustration
Rome_1574,564,1,Content Illustration
Rome_1574,564,2,Content Illustration
Rome_1574,565,1,Content Illustration
Rome_1574,565,2,Content Illustration
Rome_1574,566,1,Content Illustration
Rome_1574,566,2,Content Illustration
Rome_1574,567,1,Content Illustration
Rome_1574,567,2,Content Illustration
Rome_1574,567,3,Content Illustration
Rome_1574,568,1,Content Illustration
Rome_1574,568,2,Content Illustration
Rome_1574,569,1,Content Illustration
Rome_1574,570,1,Content Illustration
Rome_1574,570,2,Content Illustration
Rome_1574,570,3,Content Illustration
Rome_1574,571,1,Content Illustration
Rome_1574,572,1,Content Illustration
Rome_1574,573,1,Content Illustration
Rome_1574,573,2,Content Illustration
Rome_1574,574,1,Content Illustration
Rome_1574,574,2,Content Illustration
Rome_1574,575,1,Content Illustration
Rome_1574,575,2,Content Illustration
Rome_1574,576,1,Content Illustration
Rome_1574,576,2,Content Illustration
Rome_1574,577,1,Content Illustration
Rome_1574,577,2,Content Illustration
Rome_1574,577,3,Content Illustration
Rome_1574,577,4,Content Illustration
Rome_1574,578,1,Content Illustration
Rome_1574,578,2,Content Illustration
Rome_1574,579,1,Content Illustration
Rome_1574,579,2,Content Illustration
Rome_1574,580,1,Content Illustration
Rome_1574,581,1,Content Illustration
Rome_1574,581,2,Content Illustration
Rome_1574,582,1,Content Illustration
Rome_1574,583,1,Content Illustration
Rome_1574,584,1,Content Illustration
Rome_1574,585,1,Content Illustration
Rome_1574,585,2,Content Illustration
Rome_1574,586,1,Content Illustration
Rome_1574,586,2,Content Illustration
Rome_1574,587,1,Content Illustration
Rome_1574,587,2,Content Illustration
Rome_1574,587,3,Content Illustration
Rome_1574,588,1,Content Illustration
Rome_1574,589,1,Content Illustration
Rome_1574,590,1,Content Illustration
Rome_1574,590,2,Content Illustration
Rome_1574,591,1,Content Illustration
Rome_1574,591,2,Content Illustration
Rome_1574,592,1,Content Illustration
Rome_1574,592,2,Content Illustration
Rome_1574,592,3,Content Illustration
Rome_1574,593,1,Content Illustration
Rome_1574,594,1,Content Illustration
Rome_1574,595,1,Content Illustration
Rome_1574,596,1,Content Illustration
Rome_1574,597,1,Content Illustration
Rome_1574,597,2,Content Illustration
Rome_1574,598,1,Content Illustration
Rome_1574,598,2,Content Illustration
Rome_1574,599,1,Content Illustration
Rome_1574,599,2,Content Illustration
Rome_1574,599,3,Content Illustration
Rome_1574,599,4,Content Illustration
Rome_1574,600,1,Content Illustration
Rome_1574,600,2,Content Illustration
Rome_1574,601,1,Content Illustration
Rome_1574,602,1,Content Illustration
Rome_1574,602,2,Content Illustration
Rome_1574,604,1,Content Illustration
Rome_1574,605,1,Content Illustration
Rome_1574,606,1,Content Illustration
Rome_1574,606,2,Content Illustration
Rome_1574,606,3,Content Illustration
Rome_1574,606,4,Content Illustration
Rome_1574,607,1,Content Illustration
Rome_1574,607,2,Content Illustration
Rome_1574,608,1,Content Illustration
Rome_1574,608,2,Content Illustration
Rome_1574,609,1,Content Illustration
Rome_1574,609,2,Content Illustration
Rome_1574,609,3,Content Illustration
Rome_1574,610,1,Content Illustration
Rome_1574,612,1,Content Illustration
Rome_1574,613,1,Content Illustration
Rome_1574,613,2,Content Illustration
Rome_1574,614,1,Content Illustration
Rome_1574,615,1,Content Illustration
Rome_1574,616,1,Content Illustration
Rome_1574,616,2,Content Illustration
Rome_1574,617,1,Content Illustration
Rome_1574,618,1,Content Illustration
Rome_1574,619,1,Content Illustration
Rome_1574,619,2,Content Illustration
Rome_1574,620,1,Content Illustration
Rome_1574,621,1,Content Illustration
Rome_1574,621,2,Content Illustration
Rome_1574,622,1,Content Illustration
Rome_1574,623,1,Content Illustration
Rome_1574,623,2,Content Illustration
Rome_1574,624,1,Content Illustration
Rome_1574,624,2,Content Illustration
Rome_1574,625,1,Content Illustration
Rome_1574,625,2,Content Illustration
Rome_1574,626,1,Content Illustration
Rome_1574,627,1,Content Illustration
Rome_1574,627,2,Content Illustration
Rome_1574,628,1,Content Illustration
Rome_1574,629,1,Content Illustration
Rome_1574,630,1,Content Illustration
Rome_1574,630,2,Content Illustration
Rome_1574,631,1,Content Illustration
Rome_1574,632,1,Content Illustration
Rome_1574,633,1,Content Illustration
Rome_1574,634,1,Content Illustration
Rome_1574,635,1,Content Illustration
Rome_1574,636,1,Content Illustration
Rome_1574,640,1,Content Illustration
Rome_1574,641,1,Content Illustration
Rome_1574,642,1,Content Illustration
Rome_1574,642,2,Content Illustration
Rome_1574,643,1,Content Illustration
Rome_1574,643,2,Content Illustration
Rome_1574,644,1,Content Illustration
Rome_1574,644,2,Content Illustration
Rome_1574,645,1,Content Illustration
Rome_1574,645,2,Content Illustration
Rome_1574,646,1,Content Illustration
Rome_1574,646,2,Content Illustration
Rome_1574,647,1,Content Illustration
Rome_1574,647,2,Content Illustration
Rome_1574,648,1,Content Illustration
Rome_1574,648,2,Content Illustration
Rome_1574,649,1,Content Illustration
Rome_1574,649,2,Content Illustration
Rome_1574,650,1,Content Illustration
Rome_1574,650,2,Content Illustration
Rome_1574,651,1,Content Illustration
Rome_1574,651,2,Content Illustration
Rome_1574,652,1,Content Illustration
Rome_1574,652,2,Content Illustration
Rome_1574,653,1,Content Illustration
Rome_1574,653,2,Content Illustration
Rome_1574,654,1,Content Illustration
Rome_1574,654,2,Content Illustration
Rome_1574,654,3,Content Illustration
Rome_1574,655,1,Content Illustration
Rome_1574,656,1,Content Illustration
Rome_1574,657,1,Content Illustration
Rome_1574,657,2,Content Illustration
Rome_1574,658,1,Content Illustration
Rome_1574,658,2,Content Illustration
Rome_1574,659,1,Content Illustration
Rome_1574,659,2,Content Illustration
Rome_1574,660,1,Content Illustration
Rome_1574,660,2,Content Illustration
Rome_1574,661,1,Content Illustration
Rome_1574,661,2,Content Illustration
Rome_1574,662,1,Content Illustration
Rome_1574,662,2,Content Illustration
Rome_1574,663,1,Content Illustration
Rome_1574,664,1,Content Illustration
Rome_1574,664,2,Content Illustration
Rome_1574,665,1,Content Illustration
Rome_1574,665,2,Content Illustration
Rome_1574,666,1,Content Illustration
Rome_1574,666,2,Content Illustration
Rome_1574,667,1,Content Illustration
Rome_1574,667,2,Content Illustration
Rome_1574,668,1,Content Illustration
Rome_1574,669,1,Content Illustration
Rome_1574,669,2,Content Illustration
Rome_1574,670,1,Content Illustration
Rome_1574,670,2,Content Illustration
Rome_1574,671,1,Content Illustration
Rome_1574,671,2,Content Illustration
Rome_1574,672,1,Content Illustration
Rome_1574,672,2,Content Illustration
Rome_1574,673,1,Content Illustration
Rome_1574,674,1,Content Illustration
Rome_1574,675,1,Content Illustration
Rome_1574,675,2,Content Illustration
Rome_1574,676,1,Content Illustration
Rome_1574,677,1,Content Illustration
Rome_1574,678,1,Content Illustration
Rome_1574,678,2,Content Illustration
Rome_1574,679,1,Content Illustration
Rome_1574,679,2,Content Illustration
Rome_1574,679,3,Content Illustration
Rome_1574,680,1,Content Illustration
Rome_1574,681,1,Content Illustration
Rome_1574,682,1,Content Illustration
Rome_1574,682,2,Content Illustration
Rome_1574,683,1,Content Illustration
Rome_1574,684,1,Content Illustration
Rome_1574,684,2,Content Illustration
Rome_1574,685,1,Content Illustration
Rome_1574,686,1,Content Illustration
Rome_1574,687,1,Content Illustration
Rome_1574,687,2,Content Illustration
Rome_1574,690,1,Content Illustration
Rome_1574,690,2,Content Illustration
Rome_1574,691,1,Content Illustration
Rome_1574,692,1,Content Illustration
Rome_1574,692,2,Content Illustration
Rome_1574,695,1,Content Illustration
Rome_1574,696,1,Content Illustration
Rome_1574,696,2,Content Illustration
Rome_1574,697,1,Content Illustration
Rome_1574,698,1,Content Illustration
Rome_1574,698,2,Content Illustration
Rome_1574,699,1,Content Illustration
Rome_1574,699,2,Content Illustration
Rome_1574,700,1,Content Illustration
Rome_1574,700,2,Content Illustration
Rome_1574,701,1,Content Illustration
Rome_1574,702,1,Content Illustration
Rome_1574,703,1,Content Illustration
Rome_1574,703,2,Content Illustration
Rome_1574,704,1,Content Illustration
Rome_1574,705,1,Content Illustration
Rome_1574,706,1,Content Illustration
Rome_1574,707,1,Content Illustration
Rome_1574,708,1,Content Illustration
Rome_1574,709,1,Content Illustration
Rome_1574,710,1,Content Illustration
Rome_1574,710,2,Content Illustration
Rome_1574,711,1,Content Illustration
Rome_1574,711,2,Content Illustration
Rome_1574,712,1,Content Illustration
Rome_1574,713,1,Content Illustration
Rome_1574,81,1,Content Illustration
Rome_1574,82,1,Content Illustration
Rome_1574,83,1,Content Illustration
Rome_1574,84,1,Content Illustration
Rome_1574,84,2,Content Illustration
Rome_1574,84,3,Content Illustration
Rome_1574,85,1,Content Illustration
Rome_1574,85,2,Content Illustration
Rome_1574,87,1,Content Illustration
Rome_1574,87,2,Content Illustration
Rome_1574,89,1,Content Illustration
Rome_1574,89,2,Content Illustration
Rome_1574,89,3,Content Illustration
Rome_1574,90,1,Content Illustration
Rome_1574,90,2,Content Illustration
Rome_1574,91,1,Content Illustration
Rome_1574,91,2,Content Illustration
Rome_1574,91,3,Content Illustration
Rome_1574,91,4,Content Illustration
Rome_1574,92,1,Content Illustration
Rome_1574,92,2,Content Illustration
Rome_1574,93,1,Content Illustration
Rome_1574,93,2,Content Illustration
Rome_1574,94,1,Content Illustration
Rome_1574,94,2,Content Illustration
Rome_1574,96,1,Content Illustration
Rome_1574,97,1,Content Illustration
Rome_1574,97,2,Content Illustration
Rome_1574,97,3,Content Illustration
Rome_1574,98,1,Content Illustration
Urbino_1575,100,1,Content Illustration
Urbino_1575,101,1,Content Illustration
Urbino_1575,101,2,Content Illustration
Urbino_1575,101,3,Content Illustration
Urbino_1575,102,1,Content Illustration
Urbino_1575,103,1,Content Illustration
Urbino_1575,103,2,Content Illustration
Urbino_1575,104,1,Content Illustration
Urbino_1575,105,1,Content Illustration
Urbino_1575,105,2,Content Illustration
Urbino_1575,106,1,Content Illustration
Urbino_1575,106,2,Content Illustration
Urbino_1575,106,3,Content Illustration
Urbino_1575,107,1,Content Illustration
Urbino_1575,107,2,Content Illustration
Urbino_1575,108,1,Content Illustration
Urbino_1575,109,1,Content Illustration
Urbino_1575,109,2,Content Illustration
Urbino_1575,110,1,Content Illustration
Urbino_1575,110,2,Content Illustration
Urbino_1575,111,1,Content Illustration
Urbino_1575,111,2,Content Illustration
Urbino_1575,112,1,Content Illustration
Urbino_1575,112,2,Content Illustration
Urbino_1575,112,3,Content Illustration
Urbino_1575,112,4,Content Illustration
Urbino_1575,113,1,Content Illustration
Urbino_1575,113,2,Content Illustration
Urbino_1575,113,3,Content Illustration
Urbino_1575,114,1,Content Illustration
Urbino_1575,114,2,Content Illustration
Urbino_1575,114,3,Content Illustration
Urbino_1575,114,4,Content Illustration
Urbino_1575,115,1,Content Illustration
Urbino_1575,115,2,Content Illustration
Urbino_1575,116,1,Content Illustration
Urbino_1575,117,1,Content Illustration
Urbino_1575,117,2,Content Illustration
Urbino_1575,118,1,Content Illustration
Urbino_1575,118,2,Content Illustration
Urbino_1575,119,1,Content Illustration
Urbino_1575,119,2,Content Illustration
Urbino_1575,121,1,Content Illustration
Urbino_1575,121,2,Content Illustration
Urbino_1575,122,1,Content Illustration
Urbino_1575,123,1,Content Illustration
Urbino_1575,124,1,Content Illustration
Urbino_1575,125,1,Content Illustration
Urbino_1575,126,1,Content Illustration
Urbino_1575,126,2,Content Illustration
Urbino_1575,126,3,Content Illustration
Urbino_1575,127,1,Content Illustration
Urbino_1575,127,2,Content Illustration
Urbino_1575,127,3,Content Illustration
Urbino_1575,128,1,Content Illustration
Urbino_1575,129,1,Content Illustration
Urbino_1575,129,2,Content Illustration
Urbino_1575,129,3,Content Illustration
Urbino_1575,130,1,Content Illustration
Urbino_1575,130,2,Content Illustration
Urbino_1575,131,1,Content Illustration
Urbino_1575,132,1,Content Illustration
Urbino_1575,132,2,Content Illustration
Urbino_1575,133,1,Content Illustration
Urbino_1575,133,2,Content Illustration
Urbino_1575,134,1,Content Illustration
Urbino_1575,134,2,Content Illustration
Urbino_1575,135,1,Content Illustration
Urbino_1575,136,1,Content Illustration
Urbino_1575,136,2,Content Illustration
Urbino_1575,137,1,Content Illustration
Urbino_1575,138,1,Content Illustration
Urbino_1575,138,2,Content Illustration
Urbino_1575,142,1,Content Illustration
Urbino_1575,142,2,Content Illustration
Urbino_1575,144,1,Content Illustration
Urbino_1575,145,1,Content Illustration
Urbino_1575,146,1,Content Illustration
Urbino_1575,146,2,Content Illustration
Urbino_1575,148,1,Content Illustration
Urbino_1575,149,1,Content Illustration
Urbino_1575,151,1,Content Illustration
Urbino_1575,152,1,Content Illustration
Urbino_1575,153,1,Content Illustration
Urbino_1575,153,2,Content Illustration
Urbino_1575,155,1,Content Illustration
Urbino_1575,157,1,Content Illustration
Urbino_1575,157,2,Content Illustration
Urbino_1575,159,1,Content Illustration
Urbino_1575,161,1,Content Illustration
Urbino_1575,162,1,Content Illustration
Urbino_1575,163,1,Content Illustration
Urbino_1575,163,2,Content Illustration
Urbino_1575,164,1,Content Illustration
Urbino_1575,167,1,Content Illustration
Urbino_1575,167,2,Content Illustration
Urbino_1575,168,1,Content Illustration
Urbino_1575,168,2,Content Illustration
Urbino_1575,168,3,Content Illustration
Urbino_1575,168,4,Content Illustration
Urbino_1575,169,1,Content Illustration
Urbino_1575,169,2,Content Illustration
Urbino_1575,169,3,Content Illustration
Urbino_1575,169,4,Content Illustration
Urbino_1575,170,1,Content Illustration
Urbino_1575,171,1,Content Illustration
Urbino_1575,171,2,Content Illustration
Urbino_1575,171,3,Content Illustration
Urbino_1575,172,1,Content Illustration
Urbino_1575,172,2,Content Illustration
Urbino_1575,172,3,Content Illustration
Urbino_1575,173,1,Content Illustration
Urbino_1575,174,1,Content Illustration
Urbino_1575,175,1,Content Illustration
Urbino_1575,176,1,Content Illustration
Urbino_1575,177,1,Content Illustration
Urbino_1575,177,2,Content Illustration
Urbino_1575,178,1,Content Illustration
Urbino_1575,178,2,Content Illustration
Urbino_1575,179,1,Content Illustration
Urbino_1575,180,1,Content Illustration
Urbino_1575,181,1,Content Illustration
Urbino_1575,181,2,Content Illustration
Urbino_1575,181,3,Content Illustration
Urbino_1575,182,1,Content Illustration
Urbino_1575,182,2,Content Illustration
Urbino_1575,183,1,Content Illustration
Urbino_1575,183,2,Content Illustration
Urbino_1575,183,3,Content Illustration
Urbino_1575,184,1,Content Illustration
Urbino_1575,184,2,Content Illustration
Urbino_1575,184,3,Content Illustration
Urbino_1575,185,1,Content Illustration
Urbino_1575,186,1,Content Illustration
Urbino_1575,187,1,Content Illustration
Urbino_1575,188,1,Content Illustration
Urbino_1575,189,1,Content Illustration
Urbino_1575,191,1,Content Illustration
Urbino_1575,191,2,Content Illustration
Urbino_1575,192,1,Content Illustration
Urbino_1575,192,2,Content Illustration
Urbino_1575,193,1,Content Illustration
Urbino_1575,193,2,Content Illustration
Urbino_1575,194,1,Content Illustration
Urbino_1575,194,2,Content Illustration
Urbino_1575,195,1,Content Illustration
Urbino_1575,195,2,Content Illustration
Urbino_1575,195,3,Content Illustration
Urbino_1575,196,1,Content Illustration
Urbino_1575,197,1,Content Illustration
Urbino_1575,197,2,Content Illustration
Urbino_1575,197,3,Content Illustration
Urbino_1575,198,1,Content Illustration
Urbino_1575,198,2,Content Illustration
Urbino_1575,199,1,Content Illustration
Urbino_1575,199,2,Content Illustration
Urbino_1575,19,1,Content Illustration
Urbino_1575,19,2,Content Illustration
Urbino_1575,200,1,Content Illustration
Urbino_1575,201,1,Content Illustration
Urbino_1575,201,2,Content Illustration
Urbino_1575,201,3,Content Illustration
Urbino_1575,202,1,Content Illustration
Urbino_1575,203,1,Content Illustration
Urbino_1575,204,1,Content Illustration
Urbino_1575,204,2,Content Illustration
Urbino_1575,205,1,Content Illustration
Urbino_1575,205,2,Content Illustration
Urbino_1575,20,1,Content Illustration
Urbino_1575,20,2,Content Illustration
Urbino_1575,20,3,Content Illustration
Urbino_1575,21,1,Content Illustration
Urbino_1575,220,1,Content Illustration
Urbino_1575,221,1,Content Illustration
Urbino_1575,221,2,Content Illustration
Urbino_1575,221,3,Content Illustration
Urbino_1575,225,1,Content Illustration
Urbino_1575,227,1,Content Illustration
Urbino_1575,229,1,Content Illustration
Urbino_1575,22,1,Content Illustration
Urbino_1575,230,1,Content Illustration
Urbino_1575,231,1,Content Illustration
Urbino_1575,235,1,Content Illustration
Urbino_1575,235,2,Content Illustration
Urbino_1575,23,1,Content Illustration
Urbino_1575,23,2,Content Illustration
Urbino_1575,244,1,Content Illustration
Urbino_1575,24,1,Content Illustration
Urbino_1575,257,1,Content Illustration
Urbino_1575,258,1,Content Illustration
Urbino_1575,25,1,Content Illustration
Urbino_1575,25,2,Content Illustration
Urbino_1575,260,1,Content Illustration
Urbino_1575,261,1,Content Illustration
Urbino_1575,262,1,Content Illustration
Urbino_1575,263,1,Content Illustration
Urbino_1575,265,1,Content Illustration
Urbino_1575,265,2,Content Illustration
Urbino_1575,267,1,Content Illustration
Urbino_1575,26,1,Content Illustration
Urbino_1575,26,2,Content Illustration
Urbino_1575,26,3,Content Illustration
Urbino_1575,26,4,Content Illustration
Urbino_1575,26,5,Content Illustration
Urbino_1575,270,1,Content Illustration
Urbino_1575,271,1,Content Illustration
Urbino_1575,271,2,Content Illustration
Urbino_1575,272,1,Content Illustration
Urbino_1575,272,2,Content Illustration
Urbino_1575,27,1,Content Illustration
Urbino_1575,27,2,Content Illustration
Urbino_1575,281,1,Content Illustration
Urbino_1575,284,1,Content Illustration
Urbino_1575,284,2,Content Illustration
Urbino_1575,286,1,Content Illustration
Urbino_1575,287,1,Content Illustration
Urbino_1575,288,1,Content Illustration
Urbino_1575,288,2,Content Illustration
Urbino_1575,290,1,Content Illustration
Urbino_1575,293,1,Content Illustration
Urbino_1575,296,1,Content Illustration
Urbino_1575,298,1,Content Illustration
Urbino_1575,29,1,Content Illustration
Urbino_1575,29,2,Content Illustration
Urbino_1575,302,1,Content Illustration
Urbino_1575,302,2,Content Illustration
Urbino_1575,303,1,Content Illustration
Urbino_1575,304,1,Content Illustration
Urbino_1575,304,2,Content Illustration
Urbino_1575,305,1,Content Illustration
Urbino_1575,305,2,Content Illustration
Urbino_1575,306,1,Content Illustration
Urbino_1575,307,1,Content Illustration
Urbino_1575,308,1,Content Illustration
Urbino_1575,309,1,Content Illustration
Urbino_1575,311,1,Content Illustration
Urbino_1575,311,2,Content Illustration
Urbino_1575,312,1,Content Illustration
Urbino_1575,314,1,Content Illustration
Urbino_1575,315,1,Content Illustration
Urbino_1575,316,1,Content Illustration
Urbino_1575,317,1,Content Illustration
Urbino_1575,317,2,Content Illustration
Urbino_1575,318,1,Content Illustration
Urbino_1575,319,1,Content Illustration
Urbino_1575,320,1,Content Illustration
Urbino_1575,321,1,Content Illustration
Urbino_1575,321,2,Content Illustration
Urbino_1575,321,3,Content Illustration
Urbino_1575,322,1,Content Illustration
Urbino_1575,323,1,Content Illustration
Urbino_1575,323,2,Content Illustration
Urbino_1575,324,1,Content Illustration
Urbino_1575,325,1,Content Illustration
Urbino_1575,327,1,Content Illustration
Urbino_1575,327,2,Content Illustration
Urbino_1575,331,1,Content Illustration
Urbino_1575,332,1,Content Illustration
Urbino_1575,332,2,Content Illustration
Urbino_1575,334,1,Content Illustration
Urbino_1575,336,1,Content Illustration
Urbino_1575,336,2,Content Illustration
Urbino_1575,337,1,Content Illustration
Urbino_1575,337,2,Content Illustration
Urbino_1575,338,1,Content Illustration
Urbino_1575,338,2,Content Illustration
Urbino_1575,339,1,Content Illustration
Urbino_1575,339,2,Content Illustration
Urbino_1575,339,3,Content Illustration
Urbino_1575,33,1,Content Illustration
Urbino_1575,340,1,Content Illustration
Urbino_1575,340,2,Content Illustration
Urbino_1575,341,1,Content Illustration
Urbino_1575,342,1,Content Illustration
Urbino_1575,343,1,Content Illustration
Urbino_1575,345,1,Content Illustration
Urbino_1575,346,1,Content Illustration
Urbino_1575,347,1,Content Illustration
Urbino_1575,347,2,Content Illustration
Urbino_1575,348,1,Content Illustration
Urbino_1575,349,1,Content Illustration
Urbino_1575,34,1,Content Illustration
Urbino_1575,350,1,Content Illustration
Urbino_1575,350,2,Content Illustration
Urbino_1575,350,3,Content Illustration
Urbino_1575,351,1,Content Illustration
Urbino_1575,352,1,Content Illustration
Urbino_1575,352,2,Content Illustration
Urbino_1575,353,1,Content Illustration
Urbino_1575,354,1,Content Illustration
Urbino_1575,354,2,Content Illustration
Urbino_1575,355,1,Content Illustration
Urbino_1575,35,1,Content Illustration
Urbino_1575,35,2,Content Illustration
Urbino_1575,35,3,Content Illustration
Urbino_1575,362,1,Content Illustration
Urbino_1575,363,1,Content Illustration
Urbino_1575,364,1,Content Illustration
Urbino_1575,365,1,Content Illustration
Urbino_1575,365,2,Content Illustration
Urbino_1575,366,1,Content Illustration
Urbino_1575,367,1,Content Illustration
Urbino_1575,367,2,Content Illustration
Urbino_1575,368,1,Content Illustration
Urbino_1575,369,1,Content Illustration
Urbino_1575,369,2,Content Illustration
Urbino_1575,36,1,Content Illustration
Urbino_1575,36,2,Content Illustration
Urbino_1575,36,3,Content Illustration
Urbino_1575,370,1,Content Illustration
Urbino_1575,371,1,Content Illustration
Urbino_1575,372,1,Content Illustration
Urbino_1575,373,1,Content Illustration
Urbino_1575,374,1,Content Illustration
Urbino_1575,375,1,Content Illustration
Urbino_1575,375,2,Content Illustration
Urbino_1575,376,1,Content Illustration
Urbino_1575,377,1,Content Illustration
Urbino_1575,378,1,Content Illustration
Urbino_1575,378,2,Content Illustration
Urbino_1575,379,1,Content Illustration
Urbino_1575,379,2,Content Illustration
Urbino_1575,37,1,Content Illustration
Urbino_1575,380,1,Content Illustration
Urbino_1575,381,1,Content Illustration
Urbino_1575,382,1,Content Illustration
Urbino_1575,382,2,Content Illustration
Urbino_1575,383,1,Content Illustration
Urbino_1575,384,1,Content Illustration
Urbino_1575,385,1,Content Illustration
Urbino_1575,386,1,Content Illustration
Urbino_1575,387,1,Content Illustration
Urbino_1575,389,1,Content Illustration
Urbino_1575,38,1,Content Illustration
Urbino_1575,390,1,Content Illustration
Urbino_1575,390,2,Content Illustration
Urbino_1575,391,1,Content Illustration
Urbino_1575,393,1,Content Illustration
Urbino_1575,398,1,Content Illustration
Urbino_1575,398,2,Content Illustration
Urbino_1575,399,1,Content Illustration
Urbino_1575,399,2,Content Illustration
Urbino_1575,399,3,Content Illustration
Urbino_1575,39,1,Content Illustration
Urbino_1575,400,1,Content Illustration
Urbino_1575,400,2,Content Illustration
Urbino_1575,401,1,Content Illustration
Urbino_1575,403,1,Content Illustration
Urbino_1575,403,2,Content Illustration
Urbino_1575,404,1,Content Illustration
Urbino_1575,404,2,Content Illustration
Urbino_1575,405,1,Content Illustration
Urbino_1575,405,2,Content Illustration
Urbino_1575,406,1,Content Illustration
Urbino_1575,407,1,Content Illustration
Urbino_1575,407,2,Content Illustration
Urbino_1575,409,1,Content Illustration
Urbino_1575,40,1,Content Illustration
Urbino_1575,410,1,Content Illustration
Urbino_1575,411,1,Content Illustration
Urbino_1575,412,1,Content Illustration
Urbino_1575,413,1,Content Illustration
Urbino_1575,414,1,Content Illustration
Urbino_1575,414,2,Content Illustration
Urbino_1575,415,1,Content Illustration
Urbino_1575,415,2,Content Illustration
Urbino_1575,416,1,Content Illustration
Urbino_1575,416,2,Content Illustration
Urbino_1575,416,3,Content Illustration
Urbino_1575,417,1,Content Illustration
Urbino_1575,417,2,Content Illustration
Urbino_1575,418,1,Content Illustration
Urbino_1575,418,2,Content Illustration
Urbino_1575,419,1,Content Illustration
Urbino_1575,41,1,Content Illustration
Urbino_1575,41,2,Content Illustration
Urbino_1575,41,3,Content Illustration
Urbino_1575,420,1,Content Illustration
Urbino_1575,422,1,Content Illustration
Urbino_1575,424,1,Content Illustration
Urbino_1575,425,1,Content Illustration
Urbino_1575,425,2,Content Illustration
Urbino_1575,427,1,Content Illustration
Urbino_1575,429,1,Content Illustration
Urbino_1575,429,2,Content Illustration
Urbino_1575,429,3,Content Illustration
Urbino_1575,42,1,Content Illustration
Urbino_1575,42,2,Content Illustration
Urbino_1575,430,1,Content Illustration
Urbino_1575,430,2,Content Illustration
Urbino_1575,432,1,Content Illustration
Urbino_1575,433,1,Content Illustration
Urbino_1575,434,1,Content Illustration
Urbino_1575,435,1,Content Illustration
Urbino_1575,436,1,Content Illustration
Urbino_1575,436,2,Content Illustration
Urbino_1575,437,1,Content Illustration
Urbino_1575,437,2,Content Illustration
Urbino_1575,438,1,Content Illustration
Urbino_1575,439,1,Content Illustration
Urbino_1575,439,2,Content Illustration
Urbino_1575,43,1,Content Illustration
Urbino_1575,43,2,Content Illustration
Urbino_1575,440,1,Content Illustration
Urbino_1575,440,2,Content Illustration
Urbino_1575,441,1,Content Illustration
Urbino_1575,441,2,Content Illustration
Urbino_1575,442,1,Content Illustration
Urbino_1575,442,2,Content Illustration
Urbino_1575,443,1,Content Illustration
Urbino_1575,443,2,Content Illustration
Urbino_1575,444,1,Content Illustration
Urbino_1575,444,2,Content Illustration
Urbino_1575,445,1,Content Illustration
Urbino_1575,445,2,Content Illustration
Urbino_1575,446,1,Content Illustration
Urbino_1575,446,2,Content Illustration
Urbino_1575,447,1,Content Illustration
Urbino_1575,448,1,Content Illustration
Urbino_1575,448,2,Content Illustration
Urbino_1575,449,1,Content Illustration
Urbino_1575,449,2,Content Illustration
Urbino_1575,44,1,Content Illustration
Urbino_1575,44,2,Content Illustration
Urbino_1575,44,3,Content Illustration
Urbino_1575,450,1,Content Illustration
Urbino_1575,450,2,Content Illustration
Urbino_1575,451,1,Content Illustration
Urbino_1575,452,1,Content Illustration
Urbino_1575,452,2,Content Illustration
Urbino_1575,452,3,Content Illustration
Urbino_1575,452,4,Content Illustration
Urbino_1575,453,1,Content Illustration
Urbino_1575,453,2,Content Illustration
Urbino_1575,453,3,Content Illustration
Urbino_1575,454,1,Content Illustration
Urbino_1575,454,2,Content Illustration
Urbino_1575,455,1,Content Illustration
Urbino_1575,455,2,Content Illustration
Urbino_1575,456,1,Content Illustration
Urbino_1575,456,2,Content Illustration
Urbino_1575,457,1,Content Illustration
Urbino_1575,457,2,Content Illustration
Urbino_1575,457,3,Content Illustration
Urbino_1575,457,4,Content Illustration
Urbino_1575,458,1,Content Illustration
Urbino_1575,459,1,Content Illustration
Urbino_1575,459,2,Content Illustration
Urbino_1575,459,3,Content Illustration
Urbino_1575,45,1,Content Illustration
Urbino_1575,460,1,Content Illustration
Urbino_1575,460,2,Content Illustration
Urbino_1575,461,1,Content Illustration
Urbino_1575,462,1,Content Illustration
Urbino_1575,462,2,Content Illustration
Urbino_1575,463,1,Content Illustration
Urbino_1575,463,2,Content Illustration
Urbino_1575,464,1,Content Illustration
Urbino_1575,465,1,Content Illustration
Urbino_1575,466,1,Content Illustration
Urbino_1575,466,2,Content Illustration
Urbino_1575,467,1,Content Illustration
Urbino_1575,467,2,Content Illustration
Urbino_1575,469,1,Content Illustration
Urbino_1575,469,2,Content Illustration
Urbino_1575,469,3,Content Illustration
Urbino_1575,469,4,Content Illustration
Urbino_1575,46,1,Content Illustration
Urbino_1575,46,2,Content Illustration
Urbino_1575,471,1,Content Illustration
Urbino_1575,472,1,Content Illustration
Urbino_1575,472,2,Content Illustration
Urbino_1575,472,3,Content Illustration
Urbino_1575,473,1,Content Illustration
Urbino_1575,473,2,Content Illustration
Urbino_1575,474,1,Content Illustration
Urbino_1575,474,2,Content Illustration
Urbino_1575,475,1,Content Illustration
Urbino_1575,476,1,Content Illustration
Urbino_1575,476,2,Content Illustration
Urbino_1575,477,1,Content Illustration
Urbino_1575,477,2,Content Illustration
Urbino_1575,478,1,Content Illustration
Urbino_1575,479,1,Content Illustration
Urbino_1575,47,1,Content Illustration
Urbino_1575,481,1,Content Illustration
Urbino_1575,483,1,Content Illustration
Urbino_1575,483,2,Content Illustration
Urbino_1575,484,1,Content Illustration
Urbino_1575,485,1,Content Illustration
Urbino_1575,486,1,Content Illustration
Urbino_1575,487,1,Content Illustration
Urbino_1575,488,1,Content Illustration
Urbino_1575,489,1,Content Illustration
Urbino_1575,48,1,Content Illustration
Urbino_1575,48,2,Content Illustration
Urbino_1575,490,1,Content Illustration
Urbino_1575,491,1,Content Illustration
Urbino_1575,491,2,Content Illustration
Urbino_1575,491,3,Content Illustration
Urbino_1575,492,1,Content Illustration
Urbino_1575,492,2,Content Illustration
Urbino_1575,493,1,Content Illustration
Urbino_1575,494,1,Content Illustration
Urbino_1575,495,1,Content Illustration
Urbino_1575,495,2,Content Illustration
Urbino_1575,495,3,Content Illustration
Urbino_1575,497,1,Content Illustration
Urbino_1575,497,2,Content Illustration
Urbino_1575,499,1,Content Illustration
Urbino_1575,499,2,Content Illustration
Urbino_1575,49,1,Content Illustration
Urbino_1575,49,2,Content Illustration
Urbino_1575,49,3,Content Illustration
Urbino_1575,501,1,Content Illustration
Urbino_1575,501,2,Content Illustration
Urbino_1575,502,1,Content Illustration
Urbino_1575,503,1,Content Illustration
Urbino_1575,503,2,Content Illustration
Urbino_1575,504,1,Content Illustration
Urbino_1575,505,1,Content Illustration
Urbino_1575,505,2,Content Illustration
Urbino_1575,505,3,Content Illustration
Urbino_1575,507,1,Content Illustration
Urbino_1575,507,2,Content Illustration
Urbino_1575,509,1,Content Illustration
Urbino_1575,509,2,Content Illustration
Urbino_1575,50,1,Content Illustration
Urbino_1575,510,1,Content Illustration
Urbino_1575,510,2,Content Illustration
Urbino_1575,511,1,Content Illustration
Urbino_1575,512,1,Content Illustration
Urbino_1575,513,1,Content Illustration
Urbino_1575,514,1,Content Illustration
Urbino_1575,514,2,Content Illustration
Urbino_1575,515,1,Content Illustration
Urbino_1575,516,1,Content Illustration
Urbino_1575,516,2,Content Illustration
Urbino_1575,517,1,Content Illustration
Urbino_1575,518,1,Content Illustration
Urbino_1575,518,2,Content Illustration
Urbino_1575,519,1,Content Illustration
Urbino_1575,51,1,Content Illustration
Urbino_1575,51,2,Content Illustration
Urbino_1575,520,1,Content Illustration
Urbino_1575,520,2,Content Illustration
Urbino_1575,521,1,Content Illustration
Urbino_1575,521,2,Content Illustration
Urbino_1575,522,1,Content Illustration
Urbino_1575,522,2,Content Illustration
Urbino_1575,523,1,Content Illustration
Urbino_1575,523,2,Content Illustration
Urbino_1575,524,1,Content Illustration
Urbino_1575,525,1,Content Illustration
Urbino_1575,526,1,Content Illustration
Urbino_1575,527,1,Content Illustration
Urbino_1575,527,2,Content Illustration
Urbino_1575,528,1,Content Illustration
Urbino_1575,529,1,Content Illustration
Urbino_1575,52,1,Content Illustration
Urbino_1575,531,1,Content Illustration
Urbino_1575,531,2,Content Illustration
Urbino_1575,532,1,Content Illustration
Urbino_1575,532,2,Content Illustration
Urbino_1575,532,3,Content Illustration
Urbino_1575,533,1,Content Illustration
Urbino_1575,534,1,Content Illustration
Urbino_1575,534,2,Content Illustration
Urbino_1575,534,3,Content Illustration
Urbino_1575,535,1,Content Illustration
Urbino_1575,535,2,Content Illustration
Urbino_1575,536,1,Content Illustration
Urbino_1575,536,2,Content Illustration
Urbino_1575,537,1,Content Illustration
Urbino_1575,537,2,Content Illustration
Urbino_1575,53,1,Content Illustration
Urbino_1575,53,2,Content Illustration
Urbino_1575,53,3,Content Illustration
Urbino_1575,53,4,Content Illustration
Urbino_1575,540,1,Content Illustration
Urbino_1575,541,1,Content Illustration
Urbino_1575,543,1,Content Illustration
Urbino_1575,544,1,Content Illustration
Urbino_1575,545,1,Content Illustration
Urbino_1575,547,1,Content Illustration
Urbino_1575,548,1,Content Illustration
Urbino_1575,548,2,Content Illustration
Urbino_1575,549,1,Content Illustration
Urbino_1575,549,2,Content Illustration
Urbino_1575,54,1,Content Illustration
Urbino_1575,54,2,Content Illustration
Urbino_1575,550,1,Content Illustration
Urbino_1575,550,2,Content Illustration
Urbino_1575,552,1,Content Illustration
Urbino_1575,552,2,Content Illustration
Urbino_1575,553,1,Content Illustration
Urbino_1575,554,1,Content Illustration
Urbino_1575,555,1,Content Illustration
Urbino_1575,555,2,Content Illustration
Urbino_1575,556,1,Content Illustration
Urbino_1575,558,1,Content Illustration
Urbino_1575,558,2,Content Illustration
Urbino_1575,559,1,Content Illustration
Urbino_1575,559,2,Content Illustration
Urbino_1575,55,1,Content Illustration
Urbino_1575,560,1,Content Illustration
Urbino_1575,561,1,Content Illustration
Urbino_1575,561,2,Content Illustration
Urbino_1575,562,1,Content Illustration
Urbino_1575,562,2,Content Illustration
Urbino_1575,563,1,Content Illustration
Urbino_1575,563,2,Content Illustration
Urbino_1575,564,1,Content Illustration
Urbino_1575,564,2,Content Illustration
Urbino_1575,567,1,Content Illustration
Urbino_1575,568,1,Content Illustration
Urbino_1575,568,2,Content Illustration
Urbino_1575,568,3,Content Illustration
Urbino_1575,569,1,Content Illustration
Urbino_1575,569,2,Content Illustration
Urbino_1575,569,3,Content Illustration
Urbino_1575,569,4,Content Illustration
Urbino_1575,56,1,Content Illustration
Urbino_1575,571,1,Content Illustration
Urbino_1575,571,2,Content Illustration
Urbino_1575,574,1,Content Illustration
Urbino_1575,57,1,Content Illustration
Urbino_1575,58,1,Content Illustration
Urbino_1575,58,2,Content Illustration
Urbino_1575,59,1,Content Illustration
Urbino_1575,59,2,Content Illustration
Urbino_1575,60,1,Content Illustration
Urbino_1575,60,2,Content Illustration
Urbino_1575,61,1,Content Illustration
Urbino_1575,61,2,Content Illustration
Urbino_1575,62,1,Content Illustration
Urbino_1575,62,2,Content Illustration
Urbino_1575,63,1,Content Illustration
Urbino_1575,64,1,Content Illustration
Urbino_1575,64,2,Content Illustration
Urbino_1575,65,1,Content Illustration
Urbino_1575,65,2,Content Illustration
Urbino_1575,65,3,Content Illustration
Urbino_1575,66,1,Content Illustration
Urbino_1575,66,2,Content Illustration
Urbino_1575,66,3,Content Illustration
Urbino_1575,67,1,Content Illustration
Urbino_1575,67,2,Content Illustration
Urbino_1575,68,1,Content Illustration
Urbino_1575,69,1,Content Illustration
Urbino_1575,69,2,Content Illustration
Urbino_1575,69,3,Content Illustration
Urbino_1575,69,4,Content Illustration
Urbino_1575,70,1,Content Illustration
Urbino_1575,70,2,Content Illustration
Urbino_1575,71,1,Content Illustration
Urbino_1575,71,2,Content Illustration
Urbino_1575,72,1,Content Illustration
Urbino_1575,72,2,Content Illustration
Urbino_1575,72,3,Content Illustration
Urbino_1575,73,1,Content Illustration
Urbino_1575,74,1,Content Illustration
Urbino_1575,74,2,Content Illustration
Urbino_1575,75,1,Content Illustration
Urbino_1575,75,2,Content Illustration
Urbino_1575,75,3,Content Illustration
Urbino_1575,75,4,Content Illustration
Urbino_1575,75,5,Content Illustration
Urbino_1575,76,1,Content Illustration
Urbino_1575,76,2,Content Illustration
Urbino_1575,77,1,Content Illustration
Urbino_1575,78,1,Content Illustration
Urbino_1575,78,2,Content Illustration
Urbino_1575,79,1,Content Illustration
Urbino_1575,79,2,Content Illustration
Urbino_1575,80,1,Content Illustration
Urbino_1575,80,2,Content Illustration
Urbino_1575,81,1,Content Illustration
Urbino_1575,81,2,Content Illustration
Urbino_1575,82,1,Content Illustration
Urbino_1575,82,2,Content Illustration
Urbino_1575,82,3,Content Illustration
Urbino_1575,84,1,Content Illustration
Urbino_1575,84,2,Content Illustration
Urbino_1575,85,1,Content Illustration
Urbino_1575,86,1,Content Illustration
Urbino_1575,86,2,Content Illustration
Urbino_1575,87,1,Content Illustration
Urbino_1575,88,1,Content Illustration
Urbino_1575,88,2,Content Illustration
Urbino_1575,89,1,Content Illustration
Urbino_1575,90,1,Content Illustration
Urbino_1575,91,1,Content Illustration
Urbino_1575,92,1,Content Illustration
Urbino_1575,92,2,Content Illustration
Urbino_1575,93,1,Content Illustration
Urbino_1575,94,1,Content Illustration
Urbino_1575,94,2,Content Illustration
Urbino_1575,95,1,Content Illustration
Urbino_1575,95,2,Content Illustration
Urbino_1575,95,3,Content Illustration
Urbino_1575,96,1,Content Illustration
Urbino_1575,96,2,Content Illustration
Urbino_1575,96,3,Content Illustration
Urbino_1575,96,4,Content Illustration
Urbino_1575,96,5,Content Illustration
Urbino_1575,97,1,Content Illustration
Urbino_1575,97,2,Content Illustration
Urbino_1575,97,3,Content Illustration
Urbino_1575,98,1,Content Illustration
Urbino_1575,99,1,Content Illustration
Urbino_1575,99,2,Content Illustration
Pesaro_1619,27,1,Content Illustration
Pesaro_1619,27,2,Content Illustration
Pesaro_1619,28,1,Content Illustration
Pesaro_1619,28,2,Content Illustration
Pesaro_1619,28,3,Content Illustration
Pesaro_1619,29,1,Content Illustration
Pesaro_1619,29,2,Content Illustration
Pesaro_1619,30,1,Content Illustration
Pesaro_1619,31,1,Content Illustration
Pesaro_1619,31,2,Content Illustration
Pesaro_1619,32,1,Content Illustration
Pesaro_1619,33,1,Content Illustration
Pesaro_1619,33,2,Content Illustration
Pesaro_1619,33,3,Content Illustration
Pesaro_1619,33,4,Content Illustration
Pesaro_1619,33,5,Content Illustration
Pesaro_1619,34,1,Content Illustration
Pesaro_1619,34,2,Content Illustration
Pesaro_1619,34,3,Content Illustration
Pesaro_1619,34,4,Content Illustration
Pesaro_1619,34,5,Content Illustration
Pesaro_1619,35,1,Content Illustration
Pesaro_1619,36,1,Content Illustration
Pesaro_1619,37,1,Content Illustration
Pesaro_1619,39,1,Content Illustration
Pesaro_1619,40,1,Content Illustration
Pesaro_1619,41,1,Content Illustration
Pesaro_1619,41,2,Content Illustration
Pesaro_1619,42,1,Content Illustration
Pesaro_1619,42,2,Content Illustration
Pesaro_1619,42,3,Content Illustration
Pesaro_1619,42,4,Content Illustration
Pesaro_1619,43,1,Content Illustration
Pesaro_1619,44,1,Content Illustration
Pesaro_1619,45,1,Content Illustration
Pesaro_1619,46,1,Content Illustration
Pesaro_1619,47,1,Content Illustration
Pesaro_1619,47,2,Content Illustration
Pesaro_1619,47,3,Content Illustration
Pesaro_1619,47,4,Content Illustration
Pesaro_1619,48,1,Content Illustration
Pesaro_1619,49,1,Content Illustration
Pesaro_1619,49,2,Content Illustration
Pesaro_1619,49,3,Content Illustration
Pesaro_1619,50,1,Content Illustration
Pesaro_1619,50,2,Content Illustration
Pesaro_1619,50,3,Content Illustration
Pesaro_1619,51,1,Content Illustration
Pesaro_1619,52,1,Content Illustration
Pesaro_1619,52,2,Content Illustration
Pesaro_1619,53,1,Content Illustration
Pesaro_1619,54,1,Content Illustration
Pesaro_1619,54,2,Content Illustration
Pesaro_1619,54,3,Content Illustration
Pesaro_1619,55,1,Content Illustration
Pesaro_1619,55,2,Content Illustration
Pesaro_1619,56,1,Content Illustration
Pesaro_1619,56,2,Content Illustration
Pesaro_1619,57,1,Content Illustration
Pesaro_1619,58,1,Content Illustration
Pesaro_1619,58,2,Content Illustration
Pesaro_1619,58,3,Content Illustration
Pesaro_1619,59,1,Content Illustration
Pesaro_1619,59,2,Content Illustration
Pesaro_1619,59,3,Content Illustration
Pesaro_1619,61,1,Content Illustration
Pesaro_1619,61,2,Content Illustration
Pesaro_1619,62,1,Content Illustration
Pesaro_1619,63,1,Content Illustration
Pesaro_1619,63,2,Content Illustration
Pesaro_1619,64,1,Content Illustration
Pesaro_1619,64,2,Content Illustration
Pesaro_1619,64,3,Content Illustration
Pesaro_1619,65,1,Content Illustration
Pesaro_1619,66,1,Content Illustration
Pesaro_1619,66,2,Content Illustration
Pesaro_1619,66,3,Content Illustration
Pesaro_1619,67,1,Content Illustration
Pesaro_1619,68,1,Content Illustration
Pesaro_1619,68,2,Content Illustration
Pesaro_1619,69,1,Content Illustration
Pesaro_1619,69,2,Content Illustration
Pesaro_1619,70,1,Content Illustration
Pesaro_1619,70,2,Content Illustration
Pesaro_1619,70,3,Content Illustration
Pesaro_1619,70,4,Content Illustration
Pesaro_1619,71,1,Content Illustration
Pesaro_1619,71,2,Content Illustration
Pesaro_1619,72,1,Content Illustration
Pesaro_1619,72,2,Content Illustration
Pesaro_1619,72,3,Content Illustration
Pesaro_1619,73,1,Content Illustration
Pesaro_1619,73,2,Content Illustration
Pesaro_1619,74,1,Content Illustration
Pesaro_1619,75,1,Content Illustration
Pesaro_1619,75,2,Content Illustration
Pesaro_1619,75,3,Content Illustration
Pesaro_1619,75,4,Content Illustration
Pesaro_1619,76,1,Content Illustration
Pesaro_1619,77,1,Content Illustration
Pesaro_1619,77,2,Content Illustration
Pesaro_1619,78,1,Content Illustration
Pesaro_1619,78,2,Content Illustration
Pesaro_1619,78,3,Content Illustration
Pesaro_1619,78,4,Content Illustration
Pesaro_1619,78,5,Content Illustration
Pesaro_1619,79,1,Content Illustration
Pesaro_1619,79,2,Content Illustration
Pesaro_1619,80,1,Content Illustration
Pesaro_1619,81,1,Content Illustration
Pesaro_1619,81,2,Content Illustration
Pesaro_1619,82,1,Content Illustration
Pesaro_1619,82,2,Content Illustration
Pesaro_1619,82,3,Content Illustration
Pesaro_1619,83,1,Content Illustration
Pesaro_1619,83,2,Content Illustration
Pesaro_1619,84,1,Content Illustration
Pesaro_1619,84,2,Content Illustration
Pesaro_1619,84,3,Content Illustration
Pesaro_1619,85,1,Content Illustration
Pesaro_1619,86,1,Content Illustration
Pesaro_1619,87,1,Content Illustration
Pesaro_1619,87,2,Content Illustration
Pesaro_1619,88,1,Content Illustration
Pesaro_1619,88,2,Content Illustration
Pesaro_1619,89,1,Content Illustration
Pesaro_1619,90,1,Content Illustration
Pesaro_1619,91,1,Content Illustration
Pesaro_1619,91,2,Content Illustration
Pesaro_1619,92,1,Content Illustration
Pesaro_1619,93,1,Content Illustration
Pesaro_1619,93,2,Content Illustration
Pesaro_1619,94,1,Content Illustration
Pesaro_1619,94,2,Content Illustration
Pesaro_1619,95,1,Content Illustration
Pesaro_1619,95,2,Content Illustration
Pesaro_1619,95,3,Content Illustration
Pesaro_1619,97,1,Content Illustration
Pesaro_1619,97,2,Content Illustration
Pesaro_1619,97,3,Content Illustration
Pesaro_1619,98,1,Content Illustration
Pesaro_1619,98,2,Content Illustration
Pesaro_1619,98,3,Content Illustration
Pesaro_1619,98,4,Content Illustration
Pesaro_1619,98,5,Content Illustration
Pesaro_1619,98,6,Content Illustration
Pesaro_1619,99,1,Content Illustration
Pesaro_1619,99,2,Content Illustration
Pesaro_1619,100,1,Content Illustration
Pesaro_1619,100,2,Content Illustration
Pesaro_1619,101,1,Content Illustration
Pesaro_1619,101,2,Content Illustration
Pesaro_1619,102,1,Content Illustration
Pesaro_1619,102,2,Content Illustration
Pesaro_1619,102,3,Content Illustration
Pesaro_1619,103,1,Content Illustration
Pesaro_1619,104,1,Content Illustration
Pesaro_1619,104,2,Content Illustration
Pesaro_1619,105,1,Content Illustration
Pesaro_1619,105,2,Content Illustration
Pesaro_1619,106,1,Content Illustration
Pesaro_1619,106,2,Content Illustration
Pesaro_1619,107,1,Content Illustration
Pesaro_1619,107,2,Content Illustration
Pesaro_1619,107,3,Content Illustration
Pesaro_1619,108,1,Content Illustration
Pesaro_1619,108,2,Content Illustration
Pesaro_1619,109,1,Content Illustration
Pesaro_1619,109,2,Content Illustration
Pesaro_1619,110,1,Content Illustration
Pesaro_1619,110,2,Content Illustration
Pesaro_1619,111,1,Content Illustration
Pesaro_1619,111,2,Content Illustration
Pesaro_1619,112,1,Content Illustration
Pesaro_1619,112,2,Content Illustration
Pesaro_1619,112,3,Content Illustration
Pesaro_1619,112,4,Content Illustration
Pesaro_1619,113,1,Content Illustration
Pesaro_1619,113,2,Content Illustration
Pesaro_1619,113,3,Content Illustration
Pesaro_1619,113,4,Content Illustration
Pesaro_1619,114,1,Content Illustration
Pesaro_1619,114,2,Content Illustration
Pesaro_1619,114,3,Content Illustration
Pesaro_1619,114,4,Content Illustration
Pesaro_1619,114,5,Content Illustration
Pesaro_1619,115,1,Content Illustration
Pesaro_1619,115,2,Content Illustration
Pesaro_1619,116,1,Content Illustration
Pesaro_1619,117,1,Content Illustration
Pesaro_1619,117,2,Content Illustration
Pesaro_1619,118,1,Content Illustration
Pesaro_1619,118,2,Content Illustration
Pesaro_1619,118,3,Content Illustration
Pesaro_1619,119,1,Content Illustration
Pesaro_1619,119,2,Content Illustration
Pesaro_1619,120,1,Content Illustration
Pesaro_1619,121,1,Content Illustration
Pesaro_1619,122,1,Content Illustration
Pesaro_1619,122,2,Content Illustration
Pesaro_1619,123,1,Content Illustration
Pesaro_1619,123,2,Content Illustration
Pesaro_1619,124,1,Content Illustration
Pesaro_1619,125,1,Content Illustration
Pesaro_1619,125,2,Content Illustration
Pesaro_1619,126,1,Content Illustration
Pesaro_1619,126,2,Content Illustration
Pesaro_1619,126,3,Content Illustration
Pesaro_1619,126,4,Content Illustration
Pesaro_1619,127,1,Content Illustration
Pesaro_1619,127,2,Content Illustration
Pesaro_1619,128,1,Content Illustration
Pesaro_1619,128,2,Content Illustration
Pesaro_1619,129,1,Content Illustration
Pesaro_1619,129,2,Content Illustration
Pesaro_1619,129,3,Content Illustration
Pesaro_1619,130,1,Content Illustration
Pesaro_1619,130,2,Content Illustration
Pesaro_1619,130,3,Content Illustration
Pesaro_1619,131,1,Content Illustration
Pesaro_1619,131,2,Content Illustration
Pesaro_1619,131,3,Content Illustration
Pesaro_1619,132,1,Content Illustration
Pesaro_1619,133,1,Content Illustration
Pesaro_1619,134,1,Content Illustration
Pesaro_1619,134,2,Content Illustration
Pesaro_1619,135,1,Content Illustration
Pesaro_1619,140,1,Content Illustration
Pesaro_1619,140,2,Content Illustration
Pesaro_1619,140,3,Content Illustration
Pesaro_1619,141,1,Content Illustration
Pesaro_1619,142,1,Content Illustration
Pesaro_1619,142,2,Content Illustration
Pesaro_1619,143,1,Content Illustration
Pesaro_1619,144,1,Content Illustration
Pesaro_1619,144,2,Content Illustration
Pesaro_1619,144,3,Content Illustration
Pesaro_1619,145,1,Content Illustration
Pesaro_1619,145,2,Content Illustration
Pesaro_1619,146,1,Content Illustration
Pesaro_1619,146,2,Content Illustration
Pesaro_1619,147,1,Content Illustration
Pesaro_1619,147,2,Content Illustration
Pesaro_1619,149,1,Content Illustration
Pesaro_1619,149,2,Content Illustration
Pesaro_1619,150,1,Content Illustration
Pesaro_1619,150,2,Content Illustration
Pesaro_1619,150,3,Content Illustration
Pesaro_1619,151,1,Content Illustration
Pesaro_1619,155,1,Content Illustration
Pesaro_1619,158,1,Content Illustration
Pesaro_1619,159,1,Content Illustration
Pesaro_1619,159,2,Content Illustration
Pesaro_1619,159,3,Content Illustration
Pesaro_1619,159,4,Content Illustration
Pesaro_1619,159,5,Content Illustration
Pesaro_1619,160,1,Content Illustration
Pesaro_1619,160,2,Content Illustration
Pesaro_1619,160,3,Content Illustration
Pesaro_1619,160,4,Content Illustration
Pesaro_1619,161,1,Content Illustration
Pesaro_1619,162,1,Content Illustration
Pesaro_1619,162,2,Content Illustration
Pesaro_1619,162,3,Content Illustration
Pesaro_1619,162,4,Content Illustration
Pesaro_1619,163,1,Content Illustration
Pesaro_1619,163,2,Content Illustration
Pesaro_1619,163,3,Content Illustration
Pesaro_1619,163,4,Content Illustration
Pesaro_1619,163,5,Content Illustration
Pesaro_1619,164,1,Content Illustration
Pesaro_1619,164,2,Content Illustration
Pesaro_1619,165,1,Content Illustration
Pesaro_1619,166,1,Content Illustration
Pesaro_1619,166,2,Content Illustration
Pesaro_1619,167,1,Content Illustration
Pesaro_1619,168,1,Content Illustration
Pesaro_1619,168,2,Content Illustration
Pesaro_1619,169,1,Content Illustration
Pesaro_1619,169,2,Content Illustration
Pesaro_1619,169,3,Content Illustration
Pesaro_1619,170,1,Content Illustration
Pesaro_1619,171,1,Content Illustration
Pesaro_1619,171,2,Content Illustration
Pesaro_1619,172,1,Content Illustration
Pesaro_1619,172,2,Content Illustration
Pesaro_1619,172,3,Content Illustration
Pesaro_1619,173,1,Content Illustration
Pesaro_1619,173,2,Content Illustration
Pesaro_1619,173,3,Content Illustration
Pesaro_1619,173,4,Content Illustration
Pesaro_1619,174,1,Content Illustration
Pesaro_1619,174,2,Content Illustration
Pesaro_1619,175,1,Content Illustration
Pesaro_1619,176,1,Content Illustration
Pesaro_1619,177,1,Content Illustration
Pesaro_1619,177,2,Content Illustration
Pesaro_1619,178,1,Content Illustration
Pesaro_1619,178,2,Content Illustration
Pesaro_1619,179,1,Content Illustration
Pesaro_1619,180,1,Content Illustration
Pesaro_1619,180,2,Content Illustration
Pesaro_1619,181,1,Content Illustration
Pesaro_1619,181,2,Content Illustration
Pesaro_1619,182,1,Content Illustration
Pesaro_1619,182,2,Content Illustration
Pesaro_1619,182,3,Content Illustration
Pesaro_1619,183,1,Content Illustration
Pesaro_1619,183,2,Content Illustration
Pesaro_1619,183,3,Content Illustration
Pesaro_1619,184,1,Content Illustration
Pesaro_1619,184,2,Content Illustration
Pesaro_1619,185,1,Content Illustration
Pesaro_1619,185,2,Content Illustration
Pesaro_1619,186,1,Content Illustration
Pesaro_1619,186,2,Content Illustration
Pesaro_1619,186,3,Content Illustration
Pesaro_1619,187,1,Content Illustration
Pesaro_1619,187,2,Content Illustration
Pesaro_1619,188,1,Content Illustration
Pesaro_1619,188,2,Content Illustration
Pesaro_1619,189,1,Content Illustration
Pesaro_1619,189,2,Content Illustration
Pesaro_1619,189,3,Content Illustration
Pesaro_1619,190,1,Content Illustration
Pesaro_1619,190,2,Content Illustration
Pesaro_1619,191,1,Content Illustration
Pesaro_1619,192,1,Content Illustration
Pesaro_1619,192,2,Content Illustration
Pesaro_1619,193,1,Content Illustration
Pesaro_1619,193,2,Content Illustration
Pesaro_1619,194,1,Content Illustration
Pesaro_1619,212,1,Content Illustration
Pesaro_1619,213,1,Content Illustration
Pesaro_1619,216,1,Content Illustration
Pesaro_1619,217,1,Content Illustration
Pesaro_1619,220,1,Content Illustration
Pesaro_1619,221,1,Content Illustration
Pesaro_1619,229,1,Content Illustration
Pesaro_1619,241,1,Content Illustration
Pesaro_1619,243,1,Content Illustration
Pesaro_1619,244,1,Content Illustration
Pesaro_1619,245,1,Content Illustration
Pesaro_1619,245,2,Content Illustration
Pesaro_1619,246,1,Content Illustration
Pesaro_1619,247,1,Content Illustration
Pesaro_1619,247,2,Content Illustration
Pesaro_1619,249,1,Content Illustration
Pesaro_1619,249,2,Content Illustration
Pesaro_1619,251,1,Content Illustration
Pesaro_1619,254,1,Content Illustration
Pesaro_1619,254,2,Content Illustration
Pesaro_1619,255,1,Content Illustration
Pesaro_1619,255,2,Content Illustration
Pesaro_1619,256,1,Content Illustration
Pesaro_1619,256,2,Content Illustration
Pesaro_1619,257,1,Content Illustration
Pesaro_1619,258,1,Content Illustration
Pesaro_1619,260,1,Content Illustration
Pesaro_1619,260,2,Content Illustration
Pesaro_1619,260,3,Content Illustration
Pesaro_1619,264,1,Content Illustration
Pesaro_1619,267,1,Content Illustration
Pesaro_1619,267,2,Content Illustration
Pesaro_1619,268,1,Content Illustration
Pesaro_1619,268,2,Content Illustration
Pesaro_1619,270,1,Content Illustration
Pesaro_1619,271,1,Content Illustration
Pesaro_1619,273,1,Content Illustration
Pesaro_1619,276,1,Content Illustration
Pesaro_1619,276,2,Content Illustration
Pesaro_1619,278,1,Content Illustration
Pesaro_1619,280,1,Content Illustration
Pesaro_1619,282,1,Content Illustration
Pesaro_1619,284,1,Content Illustration
Pesaro_1619,284,2,Content Illustration
Pesaro_1619,284,3,Content Illustration
Pesaro_1619,284,4,Content Illustration
Pesaro_1619,285,1,Content Illustration
Pesaro_1619,285,2,Content Illustration
Pesaro_1619,286,1,Content Illustration
Pesaro_1619,286,2,Content Illustration
Pesaro_1619,287,1,Content Illustration
Pesaro_1619,287,2,Content Illustration
Pesaro_1619,287,3,Content Illustration
Pesaro_1619,288,1,Content Illustration
Pesaro_1619,288,2,Content Illustration
Pesaro_1619,289,1,Content Illustration
Pesaro_1619,290,1,Content Illustration
Pesaro_1619,292,1,Content Illustration
Pesaro_1619,292,2,Content Illustration
Pesaro_1619,292,3,Content Illustration
Pesaro_1619,295,1,Content Illustration
Pesaro_1619,296,1,Content Illustration
Pesaro_1619,297,1,Content Illustration
Pesaro_1619,297,2,Content Illustration
Pesaro_1619,298,1,Content Illustration
Pesaro_1619,298,2,Content Illustration
Pesaro_1619,298,3,Content Illustration
Pesaro_1619,299,1,Content Illustration
Pesaro_1619,299,2,Content Illustration
Pesaro_1619,300,1,Content Illustration
Pesaro_1619,301,1,Content Illustration
Pesaro_1619,301,2,Content Illustration
Pesaro_1619,301,3,Content Illustration
Pesaro_1619,302,1,Content Illustration
Pesaro_1619,303,1,Content Illustration
Pesaro_1619,303,2,Content Illustration
Pesaro_1619,304,1,Content Illustration
Pesaro_1619,305,1,Content Illustration
Pesaro_1619,305,2,Content Illustration
Pesaro_1619,305,3,Content Illustration
Pesaro_1619,307,1,Content Illustration
Pesaro_1619,307,2,Content Illustration
Pesaro_1619,307,3,Content Illustration
Pesaro_1619,309,1,Content Illustration
Pesaro_1619,309,2,Content Illustration
Pesaro_1619,311,1,Content Illustration
Pesaro_1619,311,2,Content Illustration
Pesaro_1619,312,1,Content Illustration
Pesaro_1619,313,1,Content Illustration
Pesaro_1619,315,1,Content Illustration
Pesaro_1619,315,2,Content Illustration
Pesaro_1619,316,1,Content Illustration
Pesaro_1619,316,2,Content Illustration
Pesaro_1619,317,1,Content Illustration
Pesaro_1619,317,2,Content Illustration
Pesaro_1619,318,1,Content Illustration
Pesaro_1619,318,2,Content Illustration
Pesaro_1619,319,1,Content Illustration
Pesaro_1619,319,2,Content Illustration
Pesaro_1619,320,1,Content Illustration
Pesaro_1619,321,1,Content Illustration
Pesaro_1619,321,2,Content Illustration
Pesaro_1619,323,1,Content Illustration
Pesaro_1619,324,1,Content Illustration
Pesaro_1619,325,1,Content Illustration
Pesaro_1619,325,2,Content Illustration
Pesaro_1619,326,1,Content Illustration
Pesaro_1619,327,1,Content Illustration
Pesaro_1619,328,1,Content Illustration
Pesaro_1619,328,2,Content Illustration
Pesaro_1619,328,3,Content Illustration
Pesaro_1619,329,1,Content Illustration
Pesaro_1619,329,2,Content Illustration
Pesaro_1619,330,1,Content Illustration
Pesaro_1619,331,1,Content Illustration
Pesaro_1619,331,2,Content Illustration
Pesaro_1619,332,1,Content Illustration
Pesaro_1619,332,2,Content Illustration
Pesaro_1619,338,1,Content Illustration
Pesaro_1619,339,1,Content Illustration
Pesaro_1619,339,2,Content Illustration
Pesaro_1619,341,1,Content Illustration
Pesaro_1619,341,2,Content Illustration
Pesaro_1619,342,1,Content Illustration
Pesaro_1619,342,2,Content Illustration
Pesaro_1619,342,3,Content Illustration
Pesaro_1619,343,1,Content Illustration
Pesaro_1619,343,2,Content Illustration
Pesaro_1619,343,3,Content Illustration
Pesaro_1619,344,1,Content Illustration
Pesaro_1619,344,2,Content Illustration
Pesaro_1619,345,1,Content Illustration
Pesaro_1619,346,1,Content Illustration
Pesaro_1619,347,1,Content Illustration
Pesaro_1619,347,2,Content Illustration
Pesaro_1619,348,1,Content Illustration
Pesaro_1619,348,2,Content Illustration
Pesaro_1619,349,1,Content Illustration
Pesaro_1619,350,1,Content Illustration
Pesaro_1619,351,1,Content Illustration
Pesaro_1619,351,2,Content Illustration
Pesaro_1619,352,1,Content Illustration
Pesaro_1619,353,1,Content Illustration
Pesaro_1619,353,2,Content Illustration
Pesaro_1619,354,1,Content Illustration
Pesaro_1619,354,2,Content Illustration
Pesaro_1619,355,1,Content Illustration
Pesaro_1619,355,2,Content Illustration
Pesaro_1619,356,1,Content Illustration
Pesaro_1619,357,1,Content Illustration
Pesaro_1619,357,2,Content Illustration
Pesaro_1619,358,1,Content Illustration
Pesaro_1619,359,1,Content Illustration
Pesaro_1619,360,1,Content Illustration
Pesaro_1619,360,2,Content Illustration
Pesaro_1619,361,1,Content Illustration
Pesaro_1619,362,1,Content Illustration
Pesaro_1619,362,2,Content Illustration
Pesaro_1619,363,1,Content Illustration
Pesaro_1619,363,2,Content Illustration
Pesaro_1619,364,1,Content Illustration
Pesaro_1619,364,2,Content Illustration
Pesaro_1619,365,1,Content Illustration
Pesaro_1619,366,1,Content Illustration
Pesaro_1619,366,2,Content Illustration
Pesaro_1619,367,1,Content Illustration
Pesaro_1619,369,1,Content Illustration
Pesaro_1619,370,1,Content Illustration
Pesaro_1619,371,1,Content Illustration
Pesaro_1619,371,2,Content Illustration
Pesaro_1619,372,1,Content Illustration
Pesaro_1619,372,2,Content Illustration
Pesaro_1619,373,1,Content Illustration
Pesaro_1619,373,2,Content Illustration
Pesaro_1619,374,1,Content Illustration
Pesaro_1619,374,2,Content Illustration
Pesaro_1619,375,1,Content Illustration
Pesaro_1619,375,2,Content Illustration
Pesaro_1619,377,1,Content Illustration
Pesaro_1619,377,2,Content Illustration
Pesaro_1619,378,1,Content Illustration
Pesaro_1619,379,1,Content Illustration
Pesaro_1619,380,1,Content Illustration
Pesaro_1619,381,1,Content Illustration
Pesaro_1619,381,2,Content Illustration
Pesaro_1619,382,1,Content Illustration
Pesaro_1619,383,1,Content Illustration
Pesaro_1619,384,1,Content Illustration
Pesaro_1619,385,1,Content Illustration
Pesaro_1619,385,2,Content Illustration
Pesaro_1619,385,3,Content Illustration
Pesaro_1619,386,1,Content Illustration
Pesaro_1619,386,2,Content Illustration
Pesaro_1619,386,3,Content Illustration
Pesaro_1619,387,1,Content Illustration
Pesaro_1619,387,2,Content Illustration
Pesaro_1619,387,3,Content Illustration
Pesaro_1619,388,1,Content Illustration
Pesaro_1619,389,1,Content Illustration
Pesaro_1619,389,2,Content Illustration
Pesaro_1619,394,1,Content Illustration
Pesaro_1619,395,1,Content Illustration
Pesaro_1619,395,2,Content Illustration
Pesaro_1619,395,3,Content Illustration
Pesaro_1619,398,1,Content Illustration
Pesaro_1619,399,1,Content Illustration
Pesaro_1619,399,2,Content Illustration
Pesaro_1619,399,3,Content Illustration
Pesaro_1619,400,1,Content Illustration
Pesaro_1619,402,1,Content Illustration
Pesaro_1619,403,1,Content Illustration
Pesaro_1619,404,1,Content Illustration
Pesaro_1619,405,1,Content Illustration
Pesaro_1619,405,2,Content Illustration
Pesaro_1619,406,1,Content Illustration
Pesaro_1619,406,2,Content Illustration
Pesaro_1619,407,1,Content Illustration
Pesaro_1619,407,2,Content Illustration
Pesaro_1619,408,1,Content Illustration
Pesaro_1619,409,1,Content Illustration
Pesaro_1619,409,2,Content Illustration
Pesaro_1619,410,1,Content Illustration
Pesaro_1619,410,2,Content Illustration
Pesaro_1619,411,1,Content Illustration
Pesaro_1619,411,2,Content Illustration
Pesaro_1619,411,3,Content Illustration
Pesaro_1619,412,1,Content Illustration
Pesaro_1619,412,2,Content Illustration
Pesaro_1619,413,1,Content Illustration
Pesaro_1619,413,2,Content Illustration
Pesaro_1619,414,1,Content Illustration
Pesaro_1619,414,2,Content Illustration
Pesaro_1619,415,1,Content Illustration
Pesaro_1619,415,2,Content Illustration
Pesaro_1619,416,1,Content Illustration
Pesaro_1619,417,1,Content Illustration
Pesaro_1619,417,2,Content Illustration
Pesaro_1619,417,3,Content Illustration
Pesaro_1619,417,4,Content Illustration
Pesaro_1619,417,5,Content Illustration
Pesaro_1619,418,1,Content Illustration
Pesaro_1619,418,2,Content Illustration
Pesaro_1619,418,3,Content Illustration
Pesaro_1619,418,4,Content Illustration
Pesaro_1619,418,5,Content Illustration
Pesaro_1619,419,1,Content Illustration
Pesaro_1619,419,2,Content Illustration
Pesaro_1619,419,3,Content Illustration
Pesaro_1619,419,4,Content Illustration
Pesaro_1619,419,5,Content Illustration
Pesaro_1619,419,6,Content Illustration
Pesaro_1619,420,1,Content Illustration
Pesaro_1619,420,2,Content Illustration
Pesaro_1619,420,3,Content Illustration
Pesaro_1619,420,4,Content Illustration
Pesaro_1619,420,5,Content Illustration
Pesaro_1619,420,6,Content Illustration
Pesaro_1619,420,7,Content Illustration
Pesaro_1619,421,1,Content Illustration
Pesaro_1619,421,2,Content Illustration
Pesaro_1619,421,3,Content Illustration
Pesaro_1619,421,4,Content Illustration
Pesaro_1619,422,1,Content Illustration
Pesaro_1619,422,2,Content Illustration
Pesaro_1619,422,3,Content Illustration
Pesaro_1619,422,4,Content Illustration
Pesaro_1619,422,5,Content Illustration
Pesaro_1619,422,6,Content Illustration
Pesaro_1619,422,7,Content Illustration
Pesaro_1619,423,1,Content Illustration
Pesaro_1619,423,2,Content Illustration
Pesaro_1619,424,1,Content Illustration
Pesaro_1619,424,2,Content Illustration
Pesaro_1619,424,3,Content Illustration
Pesaro_1619,424,4,Content Illustration
Pesaro_1619,424,5,Content Illustration
Pesaro_1619,424,6,Content Illustration
Pesaro_1619,425,1,Content Illustration
Pesaro_1619,425,2,Content Illustration
Pesaro_1619,426,1,Content Illustration
Pesaro_1619,426,2,Content Illustration
Pesaro_1619,427,1,Content Illustration
Pesaro_1619,427,2,Content Illustration
Pesaro_1619,427,3,Content Illustration
Pesaro_1619,427,4,Content Illustration
Pesaro_1619,428,1,Content Illustration
Pesaro_1619,428,2,Content Illustration
Pesaro_1619,429,1,Content Illustration
Pesaro_1619,429,2,Content Illustration
Pesaro_1619,429,3,Content Illustration
Pesaro_1619,430,1,Content Illustration
Pesaro_1619,430,2,Content Illustration
Pesaro_1619,430,3,Content Illustration
Pesaro_1619,431,1,Content Illustration
Pesaro_1619,432,1,Content Illustration
Pesaro_1619,433,1,Content Illustration
Pesaro_1619,434,1,Content Illustration
Pesaro_1619,434,2,Content Illustration
Pesaro_1619,434,3,Content Illustration
Pesaro_1619,435,1,Content Illustration
Pesaro_1619,435,2,Content Illustration
Pesaro_1619,435,3,Content Illustration
Pesaro_1619,436,1,Content Illustration
Pesaro_1619,437,1,Content Illustration
Pesaro_1619,437,2,Content Illustration
Pesaro_1619,437,3,Content Illustration
Pesaro_1619,438,1,Content Illustration
Pesaro_1619,438,2,Content Illustration
Pesaro_1619,438,3,Content Illustration
Pesaro_1619,438,4,Content Illustration
Pesaro_1619,439,1,Content Illustration
Pesaro_1619,439,2,Content Illustration
Pesaro_1619,439,3,Content Illustration
Pesaro_1619,439,4,Content Illustration
Pesaro_1619,440,1,Content Illustration
Pesaro_1619,440,2,Content Illustration
Pesaro_1619,441,1,Content Illustration
Pesaro_1619,441,2,Content Illustration
Pesaro_1619,441,3,Content Illustration
Pesaro_1619,442,1,Content Illustration
Pesaro_1619,442,2,Content Illustration
Pesaro_1619,443,1,Content Illustration
Pesaro_1619,443,2,Content Illustration
Pesaro_1619,443,3,Content Illustration
Pesaro_1619,444,1,Content Illustration
Pesaro_1619,444,2,Content Illustration
Pesaro_1619,445,1,Content Illustration
Pesaro_1619,445,2,Content Illustration
Pesaro_1619,447,1,Content Illustration
Pesaro_1619,449,1,Content Illustration
Pesaro_1619,449,2,Content Illustration
Pesaro_1619,449,3,Content Illustration
Pesaro_1619,450,1,Content Illustration
Pesaro_1619,450,2,Content Illustration
Pesaro_1619,450,3,Content Illustration
Pesaro_1619,450,4,Content Illustration
Pesaro_1619,450,5,Content Illustration
Pesaro_1619,451,1,Content Illustration
Pesaro_1619,452,1,Content Illustration
Pesaro_1619,452,2,Content Illustration
Pesaro_1619,453,1,Content Illustration
Pesaro_1619,454,1,Content Illustration
Pesaro_1619,455,1,Content Illustration
Pesaro_1619,456,1,Content Illustration
Pesaro_1619,456,2,Content Illustration
Pesaro_1619,457,1,Content Illustration
Pesaro_1619,457,2,Content Illustration
Pesaro_1619,457,3,Content Illustration
Pesaro_1619,457,4,Content Illustration
Pesaro_1619,457,5,Content Illustration
Pesaro_1619,458,1,Content Illustration
Pesaro_1619,459,1,Content Illustration
Pesaro_1619,459,2,Content Illustration
Pesaro_1619,460,1,Content Illustration
Pesaro_1619,460,2,Content Illustration
Pesaro_1619,460,3,Content Illustration
Pesaro_1619,460,4,Content Illustration
Pesaro_1619,461,1,Content Illustration
Pesaro_1619,461,2,Content Illustration
Pesaro_1619,461,3,Content Illustration
Pesaro_1619,461,4,Content Illustration
Pesaro_1619,462,1,Content Illustration
Pesaro_1619,462,2,Content Illustration
Pesaro_1619,463,1,Content Illustration
Pesaro_1619,463,2,Content Illustration
Pesaro_1619,463,3,Content Illustration
Pesaro_1619,465,1,Content Illustration
Pesaro_1619,465,2,Content Illustration
Pesaro_1619,465,3,Content Illustration
Pesaro_1619,466,1,Content Illustration
Pesaro_1619,467,1,Content Illustration
Pesaro_1619,467,2,Content Illustration
Pesaro_1619,468,1,Content Illustration
Pesaro_1619,469,1,Content Illustration
Pesaro_1619,469,2,Content Illustration
Pesaro_1619,470,1,Content Illustration
Pesaro_1619,470,2,Content Illustration
Pesaro_1619,470,3,Content Illustration
Pesaro_1619,471,1,Content Illustration
Pesaro_1619,471,2,Content Illustration
Pesaro_1619,473,1,Content Illustration
Pesaro_1619,474,1,Content Illustration
Pesaro_1619,474,2,Content Illustration
Pesaro_1619,475,1,Content Illustration
Pesaro_1619,475,2,Content Illustration
Pesaro_1619,477,1,Content Illustration
Pesaro_1619,478,1,Content Illustration
Pesaro_1619,479,1,Content Illustration
Pesaro_1619,479,2,Content Illustration
Pesaro_1619,479,3,Content Illustration
Pesaro_1619,480,1,Content Illustration
Pesaro_1619,481,1,Content Illustration
Pesaro_1619,481,2,Content Illustration
Pesaro_1619,482,1,Content Illustration
Pesaro_1619,483,1,Content Illustration
Pesaro_1619,483,2,Content Illustration
Pesaro_1619,484,1,Content Illustration
Pesaro_1619,484,2,Content Illustration
Pesaro_1619,485,1,Content Illustration
Pesaro_1619,485,2,Content Illustration
Pesaro_1619,485,3,Content Illustration
Pesaro_1619,486,1,Content Illustration
Pesaro_1619,487,1,Content Illustration
Pesaro_1619,487,2,Content Illustration
Pesaro_1619,488,1,Content Illustration
Pesaro_1619,489,1,Content Illustration
Pesaro_1619,489,2,Content Illustration
Pesaro_1619,490,1,Content Illustration
Pesaro_1619,490,2,Content Illustration
Pesaro_1619,491,1,Content Illustration
Pesaro_1619,491,2,Content Illustration
Pesaro_1619,493,1,Content Illustration
Pesaro_1619,494,1,Content Illustration
Pesaro_1619,494,2,Content Illustration
Pesaro_1619,494,3,Content Illustration
Pesaro_1619,494,4,Content Illustration
Pesaro_1619,495,1,Content Illustration
Pesaro_1619,495,2,Content Illustration
Pesaro_1619,495,3,Content Illustration
Pesaro_1619,495,4,Content Illustration
Pesaro_1619,496,1,Content Illustration
Pesaro_1619,496,2,Content Illustration
Pesaro_1619,496,3,Content Illustration
Pesaro_1619,497,1,Content Illustration
Pesaro_1619,497,2,Content Illustration
Pesaro_1619,497,3,Content Illustration
Pesaro_1619,497,4,Content Illustration
Pesaro_1619,498,1,Content Illustration
Pesaro_1619,498,2,Content Illustration
Pesaro_1619,498,3,Content Illustration
Pesaro_1619,499,1,Content Illustration
Pesaro_1619,499,2,Content Illustration
Pesaro_1619,501,1,Content Illustration
Pesaro_1619,501,2,Content Illustration
Pesaro_1619,502,1,Content Illustration
Pesaro_1619,503,1,Content Illustration
Pesaro_1619,504,1,Content Illustration
Pesaro_1619,505,1,Content Illustration
Pesaro_1619,506,1,Content Illustration
Pesaro_1619,508,1,Content Illustration
Pesaro_1619,509,1,Content Illustration
Pesaro_1619,509,2,Content Illustration
Pesaro_1619,509,3,Content Illustration
Pesaro_1619,510,1,Content Illustration
Pesaro_1619,511,1,Content Illustration
Pesaro_1619,511,2,Content Illustration
Pesaro_1619,512,1,Content Illustration
Pesaro_1619,512,2,Content Illustration
Pesaro_1619,513,1,Content Illustration
Pesaro_1619,514,1,Content Illustration
Pesaro_1619,514,2,Content Illustration
Pesaro_1619,516,1,Content Illustration
Pesaro_1619,518,1,Content Illustration
Pesaro_1619,518,2,Content Illustration
Pesaro_1619,519,1,Content Illustration
Pesaro_1619,519,2,Content Illustration
Pesaro_1619,520,1,Content Illustration
Pesaro_1619,520,2,Content Illustration
Pesaro_1619,521,1,Content Illustration
Pesaro_1619,521,2,Content Illustration
Pesaro_1619,521,3,Content Illustration
Pesaro_1619,522,1,Content Illustration
Pesaro_1619,523,1,Content Illustration
Pesaro_1619,523,2,Content Illustration
Pesaro_1619,524,1,Content Illustration
Pesaro_1619,526,1,Content Illustration
Pesaro_1619,527,1,Content Illustration
Pesaro_1619,527,2,Content Illustration
Pesaro_1619,527,3,Content Illustration
Pesaro_1619,528,1,Content Illustration
Pesaro_1619,528,2,Content Illustration
Pesaro_1619,528,3,Content Illustration
Pesaro_1619,528,4,Content Illustration
Pesaro_1619,529,1,Content Illustration
Pesaro_1619,530,1,Content Illustration
Pesaro_1619,530,2,Content Illustration
Pesaro_1619,531,1,Content Illustration
Pesaro_1619a,7,1,Content Illustration
Pesaro_1619a,24,1,Content Illustration
Pesaro_1619a,24,2,Content Illustration
Pesaro_1619a,25,1,Content Illustration
Pesaro_1619a,25,2,Content Illustration
Pesaro_1619a,25,3,Content Illustration
Pesaro_1619a,26,1,Content Illustration
Pesaro_1619a,27,1,Content Illustration
Pesaro_1619a,28,1,Content Illustration
Pesaro_1619a,28,2,Content Illustration
Pesaro_1619a,29,1,Content Illustration
Pesaro_1619a,30,1,Content Illustration
Pesaro_1619a,30,2,Content Illustration
Pesaro_1619a,31,1,Content Illustration
Pesaro_1619a,31,2,Content Illustration
Pesaro_1619a,31,3,Content Illustration
Pesaro_1619a,31,4,Content Illustration
Pesaro_1619a,32,1,Content Illustration
Pesaro_1619a,32,2,Content Illustration
Pesaro_1619a,33,1,Content Illustration
Pesaro_1619a,34,1,Content Illustration
Pesaro_1619a,34,2,Content Illustration
Pesaro_1619a,38,1,Content Illustration
Pesaro_1619a,39,1,Content Illustration
Pesaro_1619a,40,1,Content Illustration
Pesaro_1619a,40,2,Content Illustration
Pesaro_1619a,40,3,Content Illustration
Pesaro_1619a,41,1,Content Illustration
Pesaro_1619a,41,2,Content Illustration
Pesaro_1619a,41,3,Content Illustration
Pesaro_1619a,42,1,Content Illustration
Pesaro_1619a,43,1,Content Illustration
Pesaro_1619a,44,1,Content Illustration
Pesaro_1619a,45,1,Content Illustration
Pesaro_1619a,46,1,Content Illustration
Pesaro_1619a,46,2,Content Illustration
Pesaro_1619a,46,3,Content Illustration
Pesaro_1619a,47,1,Content Illustration
Pesaro_1619a,47,2,Content Illustration
Pesaro_1619a,48,1,Content Illustration
Pesaro_1619a,48,2,Content Illustration
Pesaro_1619a,49,1,Content Illustration
Pesaro_1619a,49,2,Content Illustration
Pesaro_1619a,49,3,Content Illustration
Pesaro_1619a,50,1,Content Illustration
Pesaro_1619a,51,1,Content Illustration
Pesaro_1619a,51,2,Content Illustration
Pesaro_1619a,52,1,Content Illustration
Pesaro_1619a,53,1,Content Illustration
Pesaro_1619a,53,2,Content Illustration
Pesaro_1619a,54,1,Content Illustration
Pesaro_1619a,54,2,Content Illustration
Pesaro_1619a,54,3,Content Illustration
Pesaro_1619a,55,1,Content Illustration
Pesaro_1619a,56,1,Content Illustration
Pesaro_1619a,56,2,Content Illustration
Pesaro_1619a,57,1,Content Illustration
Pesaro_1619a,58,1,Content Illustration
Pesaro_1619a,58,2,Content Illustration
Pesaro_1619a,58,3,Content Illustration
Pesaro_1619a,59,1,Content Illustration
Pesaro_1619a,59,2,Content Illustration
Pesaro_1619a,60,1,Content Illustration
Pesaro_1619a,61,1,Content Illustration
Pesaro_1619a,62,1,Content Illustration
Pesaro_1619a,63,1,Content Illustration
Pesaro_1619a,63,2,Content Illustration
Pesaro_1619a,64,1,Content Illustration
Pesaro_1619a,64,2,Content Illustration
Pesaro_1619a,65,1,Content Illustration
Pesaro_1619a,65,2,Content Illustration
Pesaro_1619a,66,1,Content Illustration
Pesaro_1619a,66,2,Content Illustration
Pesaro_1619a,67,1,Content Illustration
Pesaro_1619a,67,2,Content Illustration
Pesaro_1619a,68,1,Content Illustration
Pesaro_1619a,69,1,Content Illustration
Pesaro_1619a,69,2,Content Illustration
Pesaro_1619a,70,1,Content Illustration
Pesaro_1619a,70,2,Content Illustration
Pesaro_1619a,70,3,Content Illustration
Pesaro_1619a,71,1,Content Illustration
Pesaro_1619a,71,2,Content Illustration
Pesaro_1619a,71,3,Content Illustration
Pesaro_1619a,72,1,Content Illustration
Pesaro_1619a,72,2,Content Illustration
Pesaro_1619a,73,1,Content Illustration
Pesaro_1619a,74,1,Content Illustration
Pesaro_1619a,74,2,Content Illustration
Pesaro_1619a,74,3,Content Illustration
Pesaro_1619a,75,1,Content Illustration
Pesaro_1619a,75,2,Content Illustration
Pesaro_1619a,76,1,Content Illustration
Pesaro_1619a,76,2,Content Illustration
Pesaro_1619a,77,1,Content Illustration
Pesaro_1619a,77,2,Content Illustration
Pesaro_1619a,77,3,Content Illustration
Pesaro_1619a,77,4,Content Illustration
Pesaro_1619a,78,1,Content Illustration
Pesaro_1619a,79,1,Content Illustration
Pesaro_1619a,79,2,Content Illustration
Pesaro_1619a,80,1,Content Illustration
Pesaro_1619a,80,2,Content Illustration
Pesaro_1619a,80,3,Content Illustration
Pesaro_1619a,80,4,Content Illustration
Pesaro_1619a,81,1,Content Illustration
Pesaro_1619a,81,2,Content Illustration
Pesaro_1619a,82,1,Content Illustration
Pesaro_1619a,83,1,Content Illustration
Pesaro_1619a,83,2,Content Illustration
Pesaro_1619a,84,1,Content Illustration
Pesaro_1619a,84,2,Content Illustration
Pesaro_1619a,85,1,Content Illustration
Pesaro_1619a,85,2,Content Illustration
Pesaro_1619a,86,1,Content Illustration
Pesaro_1619a,86,2,Content Illustration
Pesaro_1619a,87,1,Content Illustration
Pesaro_1619a,87,2,Content Illustration
Pesaro_1619a,87,3,Content Illustration
Pesaro_1619a,89,1,Content Illustration
Pesaro_1619a,89,2,Content Illustration
Pesaro_1619a,90,1,Content Illustration
Pesaro_1619a,91,1,Content Illustration
Pesaro_1619a,91,2,Content Illustration
Pesaro_1619a,92,1,Content Illustration
Pesaro_1619a,93,1,Content Illustration
Pesaro_1619a,93,2,Content Illustration
Pesaro_1619a,94,1,Content Illustration
Pesaro_1619a,95,1,Content Illustration
Pesaro_1619a,96,1,Content Illustration
Pesaro_1619a,96,2,Content Illustration
Pesaro_1619a,97,1,Content Illustration
Pesaro_1619a,97,2,Content Illustration
Pesaro_1619a,98,1,Content Illustration
Pesaro_1619a,99,1,Content Illustration
Pesaro_1619a,99,2,Content Illustration
Pesaro_1619a,100,1,Content Illustration
Pesaro_1619a,100,2,Content Illustration
Pesaro_1619a,100,3,Content Illustration
Pesaro_1619a,101,1,Content Illustration
Pesaro_1619a,101,2,Content Illustration
Pesaro_1619a,101,3,Content Illustration
Pesaro_1619a,101,4,Content Illustration
Pesaro_1619a,101,5,Content Illustration
Pesaro_1619a,101,6,Content Illustration
Pesaro_1619a,101,7,Content Illustration
Pesaro_1619a,102,1,Content Illustration
Pesaro_1619a,102,2,Content Illustration
Pesaro_1619a,102,3,Content Illustration
Pesaro_1619a,102,4,Content Illustration
Pesaro_1619a,102,5,Content Illustration
Pesaro_1619a,103,1,Content Illustration
Pesaro_1619a,104,1,Content Illustration
Pesaro_1619a,104,2,Content Illustration
Pesaro_1619a,105,1,Content Illustration
Pesaro_1619a,106,1,Content Illustration
Pesaro_1619a,106,2,Content Illustration
Pesaro_1619a,106,3,Content Illustration
Pesaro_1619a,107,1,Content Illustration
Pesaro_1619a,108,1,Content Illustration
Pesaro_1619a,108,2,Content Illustration
Pesaro_1619a,109,1,Content Illustration
Pesaro_1619a,110,1,Content Illustration
Pesaro_1619a,110,2,Content Illustration
Pesaro_1619a,111,1,Content Illustration
Pesaro_1619a,111,2,Content Illustration
Pesaro_1619a,111,3,Content Illustration
Pesaro_1619a,112,1,Content Illustration
Pesaro_1619a,112,2,Content Illustration
Pesaro_1619a,113,1,Content Illustration
Pesaro_1619a,114,1,Content Illustration
Pesaro_1619a,114,2,Content Illustration
Pesaro_1619a,115,1,Content Illustration
Pesaro_1619a,115,2,Content Illustration
Pesaro_1619a,116,1,Content Illustration
Pesaro_1619a,116,2,Content Illustration
Pesaro_1619a,117,1,Content Illustration
Pesaro_1619a,117,2,Content Illustration
Pesaro_1619a,117,3,Content Illustration
Pesaro_1619a,117,4,Content Illustration
Pesaro_1619a,118,1,Content Illustration
Pesaro_1619a,118,2,Content Illustration
Pesaro_1619a,118,3,Content Illustration
Pesaro_1619a,119,1,Content Illustration
Pesaro_1619a,119,2,Content Illustration
Pesaro_1619a,119,3,Content Illustration
Pesaro_1619a,119,4,Content Illustration
Pesaro_1619a,119,5,Content Illustration
Pesaro_1619a,120,1,Content Illustration
Pesaro_1619a,120,2,Content Illustration
Pesaro_1619a,121,1,Content Illustration
Pesaro_1619a,122,1,Content Illustration
Pesaro_1619a,122,2,Content Illustration
Pesaro_1619a,123,1,Content Illustration
Pesaro_1619a,123,2,Content Illustration
Pesaro_1619a,124,1,Content Illustration
Pesaro_1619a,124,2,Content Illustration
Pesaro_1619a,126,1,Content Illustration
Pesaro_1619a,126,2,Content Illustration
Pesaro_1619a,127,1,Content Illustration
Pesaro_1619a,128,1,Content Illustration
Pesaro_1619a,129,1,Content Illustration
Pesaro_1619a,130,1,Content Illustration
Pesaro_1619a,131,1,Content Illustration
Pesaro_1619a,131,2,Content Illustration
Pesaro_1619a,131,3,Content Illustration
Pesaro_1619a,132,1,Content Illustration
Pesaro_1619a,132,2,Content Illustration
Pesaro_1619a,132,3,Content Illustration
Pesaro_1619a,132,4,Content Illustration
Pesaro_1619a,133,1,Content Illustration
Pesaro_1619a,134,1,Content Illustration
Pesaro_1619a,134,2,Content Illustration
Pesaro_1619a,134,3,Content Illustration
Pesaro_1619a,135,1,Content Illustration
Pesaro_1619a,135,2,Content Illustration
Pesaro_1619a,136,1,Content Illustration
Pesaro_1619a,137,1,Content Illustration
Pesaro_1619a,137,2,Content Illustration
Pesaro_1619a,138,1,Content Illustration
Pesaro_1619a,138,2,Content Illustration
Pesaro_1619a,139,1,Content Illustration
Pesaro_1619a,139,2,Content Illustration
Pesaro_1619a,140,1,Content Illustration
Pesaro_1619a,141,1,Content Illustration
Pesaro_1619a,141,2,Content Illustration
Pesaro_1619a,142,1,Content Illustration
Pesaro_1619a,143,1,Content Illustration
Pesaro_1619a,143,2,Content Illustration
Pesaro_1619a,147,1,Content Illustration
Pesaro_1619a,147,2,Content Illustration
Pesaro_1619a,149,1,Content Illustration
Pesaro_1619a,149,2,Content Illustration
Pesaro_1619a,149,3,Content Illustration
Pesaro_1619a,150,1,Content Illustration
Pesaro_1619a,151,1,Content Illustration
Pesaro_1619a,151,2,Content Illustration
Pesaro_1619a,151,3,Content Illustration
Pesaro_1619a,152,1,Content Illustration
Pesaro_1619a,153,1,Content Illustration
Pesaro_1619a,153,2,Content Illustration
Pesaro_1619a,154,1,Content Illustration
Pesaro_1619a,156,1,Content Illustration
Pesaro_1619a,158,1,Content Illustration
Pesaro_1619a,158,2,Content Illustration
Pesaro_1619a,161,1,Content Illustration
Pesaro_1619a,163,1,Content Illustration
Pesaro_1619a,164,1,Content Illustration
Pesaro_1619a,165,1,Content Illustration
Pesaro_1619a,167,1,Content Illustration
Pesaro_1619a,168,1,Content Illustration
Pesaro_1619a,169,1,Content Illustration
Pesaro_1619a,169,2,Content Illustration
Pesaro_1619a,170,1,Content Illustration
Pesaro_1619a,172,1,Content Illustration
Pesaro_1619a,172,2,Content Illustration
Pesaro_1619a,173,1,Content Illustration
Pesaro_1619a,173,2,Content Illustration
Pesaro_1619a,173,3,Content Illustration
Pesaro_1619a,173,4,Content Illustration
Pesaro_1619a,173,5,Content Illustration
Pesaro_1619a,174,1,Content Illustration
Pesaro_1619a,174,2,Content Illustration
Pesaro_1619a,174,3,Content Illustration
Pesaro_1619a,174,4,Content Illustration
Pesaro_1619a,175,1,Content Illustration
Pesaro_1619a,176,1,Content Illustration
Pesaro_1619a,176,2,Content Illustration
Pesaro_1619a,176,3,Content Illustration
Pesaro_1619a,177,1,Content Illustration
Pesaro_1619a,177,2,Content Illustration
Pesaro_1619a,177,3,Content Illustration
Pesaro_1619a,178,1,Content Illustration
Pesaro_1619a,178,2,Content Illustration
Pesaro_1619a,179,1,Content Illustration
Pesaro_1619a,180,1,Content Illustration
Pesaro_1619a,181,1,Content Illustration
Pesaro_1619a,182,1,Content Illustration
Pesaro_1619a,182,2,Content Illustration
Pesaro_1619a,183,1,Content Illustration
Pesaro_1619a,183,2,Content Illustration
Pesaro_1619a,184,1,Content Illustration
Pesaro_1619a,185,1,Content Illustration
Pesaro_1619a,186,1,Content Illustration
Pesaro_1619a,186,2,Content Illustration
Pesaro_1619a,186,3,Content Illustration
Pesaro_1619a,187,1,Content Illustration
Pesaro_1619a,187,2,Content Illustration
Pesaro_1619a,188,1,Content Illustration
Pesaro_1619a,188,2,Content Illustration
Pesaro_1619a,188,3,Content Illustration
Pesaro_1619a,189,1,Content Illustration
Pesaro_1619a,189,2,Content Illustration
Pesaro_1619a,189,3,Content Illustration
Pesaro_1619a,190,1,Content Illustration
Pesaro_1619a,191,1,Content Illustration
Pesaro_1619a,192,1,Content Illustration
Pesaro_1619a,193,1,Content Illustration
Pesaro_1619a,194,1,Content Illustration
Pesaro_1619a,196,1,Content Illustration
Pesaro_1619a,196,2,Content Illustration
Pesaro_1619a,197,1,Content Illustration
Pesaro_1619a,197,2,Content Illustration
Pesaro_1619a,198,1,Content Illustration
Pesaro_1619a,198,2,Content Illustration
Pesaro_1619a,199,1,Content Illustration
Pesaro_1619a,199,2,Content Illustration
Pesaro_1619a,200,1,Content Illustration
Pesaro_1619a,200,2,Content Illustration
Pesaro_1619a,200,3,Content Illustration
Pesaro_1619a,201,1,Content Illustration
Pesaro_1619a,202,1,Content Illustration
Pesaro_1619a,202,2,Content Illustration
Pesaro_1619a,202,3,Content Illustration
Pesaro_1619a,203,1,Content Illustration
Pesaro_1619a,203,2,Content Illustration
Pesaro_1619a,204,1,Content Illustration
Pesaro_1619a,204,2,Content Illustration
Pesaro_1619a,205,1,Content Illustration
Pesaro_1619a,206,1,Content Illustration
Pesaro_1619a,206,2,Content Illustration
Pesaro_1619a,206,3,Content Illustration
Pesaro_1619a,207,1,Content Illustration
Pesaro_1619a,208,1,Content Illustration
Pesaro_1619a,209,1,Content Illustration
Pesaro_1619a,209,2,Content Illustration
Pesaro_1619a,210,1,Content Illustration
Pesaro_1619a,210,2,Content Illustration
Pesaro_1619a,218,1,Content Illustration
Pesaro_1619a,225,1,Content Illustration
Pesaro_1619a,226,1,Content Illustration
Pesaro_1619a,227,1,Content Illustration
Pesaro_1619a,227,2,Content Illustration
Pesaro_1619a,232,1,Content Illustration
Pesaro_1619a,234,1,Content Illustration
Pesaro_1619a,235,1,Content Illustration
Pesaro_1619a,236,1,Content Illustration
Pesaro_1619a,240,1,Content Illustration
Pesaro_1619a,249,1,Content Illustration
Pesaro_1619a,262,1,Content Illustration
Pesaro_1619a,263,1,Content Illustration
Pesaro_1619a,264,1,Content Illustration
Pesaro_1619a,265,1,Content Illustration
Pesaro_1619a,266,1,Content Illustration
Pesaro_1619a,267,1,Content Illustration
Pesaro_1619a,268,1,Content Illustration
Pesaro_1619a,270,1,Content Illustration
Pesaro_1619a,270,2,Content Illustration
Pesaro_1619a,272,1,Content Illustration
Pesaro_1619a,275,1,Content Illustration
Pesaro_1619a,276,1,Content Illustration
Pesaro_1619a,277,1,Content Illustration
Pesaro_1619a,277,2,Content Illustration
Pesaro_1619a,284,1,Content Illustration
Pesaro_1619a,286,1,Content Illustration
Pesaro_1619a,289,1,Content Illustration
Pesaro_1619a,289,2,Content Illustration
Pesaro_1619a,290,1,Content Illustration
Pesaro_1619a,291,1,Content Illustration
Pesaro_1619a,292,1,Content Illustration
Pesaro_1619a,293,1,Content Illustration
Pesaro_1619a,293,2,Content Illustration
Pesaro_1619a,295,1,Content Illustration
Pesaro_1619a,297,1,Content Illustration
Pesaro_1619a,298,1,Content Illustration
Pesaro_1619a,300,1,Content Illustration
Pesaro_1619a,301,1,Content Illustration
Pesaro_1619a,307,1,Content Illustration
Pesaro_1619a,307,2,Content Illustration
Pesaro_1619a,308,1,Content Illustration
Pesaro_1619a,309,1,Content Illustration
Pesaro_1619a,309,2,Content Illustration
Pesaro_1619a,310,1,Content Illustration
Pesaro_1619a,310,2,Content Illustration
Pesaro_1619a,310,3,Content Illustration
Pesaro_1619a,311,1,Content Illustration
Pesaro_1619a,312,1,Content Illustration
Pesaro_1619a,313,1,Content Illustration
Pesaro_1619a,314,1,Content Illustration
Pesaro_1619a,316,1,Content Illustration
Pesaro_1619a,316,2,Content Illustration
Pesaro_1619a,317,1,Content Illustration
Pesaro_1619a,319,1,Content Illustration
Pesaro_1619a,319,2,Content Illustration
Pesaro_1619a,320,1,Content Illustration
Pesaro_1619a,321,1,Content Illustration
Pesaro_1619a,322,1,Content Illustration
Pesaro_1619a,323,1,Content Illustration
Pesaro_1619a,324,1,Content Illustration
Pesaro_1619a,325,1,Content Illustration
Pesaro_1619a,326,1,Content Illustration
Pesaro_1619a,326,2,Content Illustration
Pesaro_1619a,327,1,Content Illustration
Pesaro_1619a,328,1,Content Illustration
Pesaro_1619a,329,1,Content Illustration
Pesaro_1619a,330,1,Content Illustration
Pesaro_1619a,332,1,Content Illustration
Pesaro_1619a,332,2,Content Illustration
Pesaro_1619a,332,3,Content Illustration
Pesaro_1619a,334,1,Content Illustration
Pesaro_1619a,335,1,Content Illustration
Pesaro_1619a,335,2,Content Illustration
Pesaro_1619a,336,1,Content Illustration
Pesaro_1619a,337,1,Content Illustration
Pesaro_1619a,337,2,Content Illustration
Pesaro_1619a,338,1,Content Illustration
Pesaro_1619a,339,1,Content Illustration
Pesaro_1619a,341,1,Content Illustration
Pesaro_1619a,341,2,Content Illustration
Pesaro_1619a,342,1,Content Illustration
Pesaro_1619a,342,2,Content Illustration
Pesaro_1619a,343,1,Content Illustration
Pesaro_1619a,343,2,Content Illustration
Pesaro_1619a,344,1,Content Illustration
Pesaro_1619a,344,2,Content Illustration
Pesaro_1619a,344,3,Content Illustration
Pesaro_1619a,345,1,Content Illustration
Pesaro_1619a,345,2,Content Illustration
Pesaro_1619a,346,1,Content Illustration
Pesaro_1619a,347,1,Content Illustration
Pesaro_1619a,348,1,Content Illustration
Pesaro_1619a,350,1,Content Illustration
Pesaro_1619a,351,1,Content Illustration
Pesaro_1619a,352,1,Content Illustration
Pesaro_1619a,352,2,Content Illustration
Pesaro_1619a,353,1,Content Illustration
Pesaro_1619a,354,1,Content Illustration
Pesaro_1619a,355,1,Content Illustration
Pesaro_1619a,355,2,Content Illustration
Pesaro_1619a,355,3,Content Illustration
Pesaro_1619a,356,1,Content Illustration
Pesaro_1619a,357,1,Content Illustration
Pesaro_1619a,357,2,Content Illustration
Pesaro_1619a,358,1,Content Illustration
Pesaro_1619a,359,1,Content Illustration
Pesaro_1619a,359,2,Content Illustration
Pesaro_1619a,360,1,Content Illustration
Pesaro_1619a,367,1,Content Illustration
Pesaro_1619a,368,1,Content Illustration
Pesaro_1619a,368,2,Content Illustration
Pesaro_1619a,369,1,Content Illustration
Pesaro_1619a,370,1,Content Illustration
Pesaro_1619a,370,2,Content Illustration
Pesaro_1619a,371,1,Content Illustration
Pesaro_1619a,372,1,Content Illustration
Pesaro_1619a,372,2,Content Illustration
Pesaro_1619a,373,1,Content Illustration
Pesaro_1619a,374,1,Content Illustration
Pesaro_1619a,374,2,Content Illustration
Pesaro_1619a,375,1,Content Illustration
Pesaro_1619a,376,1,Content Illustration
Pesaro_1619a,377,1,Content Illustration
Pesaro_1619a,378,1,Content Illustration
Pesaro_1619a,379,1,Content Illustration
Pesaro_1619a,380,1,Content Illustration
Pesaro_1619a,380,2,Content Illustration
Pesaro_1619a,381,1,Content Illustration
Pesaro_1619a,382,1,Content Illustration
Pesaro_1619a,383,1,Content Illustration
Pesaro_1619a,383,2,Content Illustration
Pesaro_1619a,384,1,Content Illustration
Pesaro_1619a,384,2,Content Illustration
Pesaro_1619a,384,3,Content Illustration
Pesaro_1619a,385,1,Content Illustration
Pesaro_1619a,386,1,Content Illustration
Pesaro_1619a,387,1,Content Illustration
Pesaro_1619a,387,2,Content Illustration
Pesaro_1619a,388,1,Content Illustration
Pesaro_1619a,389,1,Content Illustration
Pesaro_1619a,390,1,Content Illustration
Pesaro_1619a,391,1,Content Illustration
Pesaro_1619a,392,1,Content Illustration
Pesaro_1619a,393,1,Content Illustration
Pesaro_1619a,394,1,Content Illustration
Pesaro_1619a,395,1,Content Illustration
Pesaro_1619a,395,2,Content Illustration
Pesaro_1619a,396,1,Content Illustration
Pesaro_1619a,398,1,Content Illustration
Pesaro_1619a,399,1,Content Illustration
Pesaro_1619a,401,1,Content Illustration
Pesaro_1619a,401,2,Content Illustration
Pesaro_1619a,402,1,Content Illustration
Pesaro_1619a,403,1,Content Illustration
Pesaro_1619a,404,1,Content Illustration
Pesaro_1619a,404,2,Content Illustration
Pesaro_1619a,405,1,Content Illustration
Pesaro_1619a,405,2,Content Illustration
Pesaro_1619a,406,1,Content Illustration
Pesaro_1619a,408,1,Content Illustration
Pesaro_1619a,408,2,Content Illustration
Pesaro_1619a,409,1,Content Illustration
Pesaro_1619a,409,2,Content Illustration
Pesaro_1619a,410,1,Content Illustration
Pesaro_1619a,411,1,Content Illustration
Pesaro_1619a,412,1,Content Illustration
Pesaro_1619a,412,2,Content Illustration
Pesaro_1619a,414,1,Content Illustration
Pesaro_1619a,415,1,Content Illustration
Pesaro_1619a,416,1,Content Illustration
Pesaro_1619a,417,1,Content Illustration
Pesaro_1619a,418,1,Content Illustration
Pesaro_1619a,419,1,Content Illustration
Pesaro_1619a,419,2,Content Illustration
Pesaro_1619a,420,1,Content Illustration
Pesaro_1619a,420,2,Content Illustration
Pesaro_1619a,421,1,Content Illustration
Pesaro_1619a,421,2,Content Illustration
Pesaro_1619a,421,3,Content Illustration
Pesaro_1619a,422,1,Content Illustration
Pesaro_1619a,422,2,Content Illustration
Pesaro_1619a,423,1,Content Illustration
Pesaro_1619a,423,2,Content Illustration
Pesaro_1619a,424,1,Content Illustration
Pesaro_1619a,425,1,Content Illustration
Pesaro_1619a,429,1,Content Illustration
Pesaro_1619a,430,1,Content Illustration
Pesaro_1619a,430,2,Content Illustration
Pesaro_1619a,431,1,Content Illustration
Pesaro_1619a,434,1,Content Illustration
Pesaro_1619a,434,2,Content Illustration
Pesaro_1619a,434,3,Content Illustration
Pesaro_1619a,435,1,Content Illustration
Pesaro_1619a,435,2,Content Illustration
Pesaro_1619a,437,1,Content Illustration
Pesaro_1619a,438,1,Content Illustration
Pesaro_1619a,439,1,Content Illustration
Pesaro_1619a,440,1,Content Illustration
Pesaro_1619a,441,1,Content Illustration
Pesaro_1619a,441,2,Content Illustration
Pesaro_1619a,442,1,Content Illustration
Pesaro_1619a,442,2,Content Illustration
Pesaro_1619a,443,1,Content Illustration
Pesaro_1619a,444,1,Content Illustration
Pesaro_1619a,444,2,Content Illustration
Pesaro_1619a,445,1,Content Illustration
Pesaro_1619a,445,2,Content Illustration
Pesaro_1619a,446,1,Content Illustration
Pesaro_1619a,446,2,Content Illustration
Pesaro_1619a,447,1,Content Illustration
Pesaro_1619a,447,2,Content Illustration
Pesaro_1619a,448,1,Content Illustration
Pesaro_1619a,448,2,Content Illustration
Pesaro_1619a,449,1,Content Illustration
Pesaro_1619a,449,2,Content Illustration
Pesaro_1619a,450,1,Content Illustration
Pesaro_1619a,450,2,Content Illustration
Pesaro_1619a,451,1,Content Illustration
Pesaro_1619a,451,2,Content Illustration
Pesaro_1619a,452,1,Content Illustration
Pesaro_1619a,453,1,Content Illustration
Pesaro_1619a,453,2,Content Illustration
Pesaro_1619a,454,1,Content Illustration
Pesaro_1619a,454,2,Content Illustration
Pesaro_1619a,454,3,Content Illustration
Pesaro_1619a,455,1,Content Illustration
Pesaro_1619a,455,2,Content Illustration
Pesaro_1619a,456,1,Content Illustration
Pesaro_1619a,457,1,Content Illustration
Pesaro_1619a,457,2,Content Illustration
Pesaro_1619a,457,3,Content Illustration
Pesaro_1619a,458,1,Content Illustration
Pesaro_1619a,458,2,Content Illustration
Pesaro_1619a,458,3,Content Illustration
Pesaro_1619a,459,1,Content Illustration
Pesaro_1619a,459,2,Content Illustration
Pesaro_1619a,460,1,Content Illustration
Pesaro_1619a,460,2,Content Illustration
Pesaro_1619a,461,1,Content Illustration
Pesaro_1619a,462,1,Content Illustration
Pesaro_1619a,462,2,Content Illustration
Pesaro_1619a,462,3,Content Illustration
Pesaro_1619a,463,1,Content Illustration
Pesaro_1619a,464,1,Content Illustration
Pesaro_1619a,464,2,Content Illustration
Pesaro_1619a,464,3,Content Illustration
Pesaro_1619a,465,1,Content Illustration
Pesaro_1619a,465,2,Content Illustration
Pesaro_1619a,466,1,Content Illustration
Pesaro_1619a,467,1,Content Illustration
Pesaro_1619a,467,2,Content Illustration
Pesaro_1619a,467,3,Content Illustration
Pesaro_1619a,468,1,Content Illustration
Pesaro_1619a,468,2,Content Illustration
Pesaro_1619a,469,1,Content Illustration
Pesaro_1619a,470,1,Content Illustration
Pesaro_1619a,471,1,Content Illustration
Pesaro_1619a,471,2,Content Illustration
Pesaro_1619a,472,1,Content Illustration
Pesaro_1619a,472,2,Content Illustration
Pesaro_1619a,474,1,Content Illustration
Pesaro_1619a,474,2,Content Illustration
Pesaro_1619a,474,3,Content Illustration
Pesaro_1619a,476,1,Content Illustration
Pesaro_1619a,477,1,Content Illustration
Pesaro_1619a,477,2,Content Illustration
Pesaro_1619a,477,3,Content Illustration
Pesaro_1619a,478,1,Content Illustration
Pesaro_1619a,478,2,Content Illustration
Pesaro_1619a,479,1,Content Illustration
Pesaro_1619a,480,1,Content Illustration
Pesaro_1619a,481,1,Content Illustration
Pesaro_1619a,481,2,Content Illustration
Pesaro_1619a,482,1,Content Illustration
Pesaro_1619a,482,2,Content Illustration
Pesaro_1619a,483,1,Content Illustration
Pesaro_1619a,484,1,Content Illustration
Pesaro_1619a,486,1,Content Illustration
Pesaro_1619a,488,1,Content Illustration
Pesaro_1619a,488,2,Content Illustration
Pesaro_1619a,488,3,Content Illustration
Pesaro_1619a,488,4,Content Illustration
Pesaro_1619a,489,1,Content Illustration
Pesaro_1619a,490,1,Content Illustration
Pesaro_1619a,491,1,Content Illustration
Pesaro_1619a,492,1,Content Illustration
Pesaro_1619a,493,1,Content Illustration
Pesaro_1619a,494,1,Content Illustration
Pesaro_1619a,495,1,Content Illustration
Pesaro_1619a,496,1,Content Illustration
Pesaro_1619a,497,1,Content Illustration
Pesaro_1619a,497,2,Content Illustration
Pesaro_1619a,498,1,Content Illustration
Pesaro_1619a,499,1,Content Illustration
Pesaro_1619a,500,1,Content Illustration
Pesaro_1619a,500,2,Content Illustration
Pesaro_1619a,500,3,Content Illustration
Pesaro_1619a,502,1,Content Illustration
Pesaro_1619a,502,2,Content Illustration
Pesaro_1619a,502,3,Content Illustration
Pesaro_1619a,504,1,Content Illustration
Pesaro_1619a,504,2,Content Illustration
Pesaro_1619a,506,1,Content Illustration
Pesaro_1619a,506,2,Content Illustration
Pesaro_1619a,507,1,Content Illustration
Pesaro_1619a,508,1,Content Illustration
Pesaro_1619a,508,2,Content Illustration
Pesaro_1619a,509,1,Content Illustration
Pesaro_1619a,510,1,Content Illustration
Pesaro_1619a,510,2,Content Illustration
Pesaro_1619a,510,3,Content Illustration
Pesaro_1619a,512,1,Content Illustration
Pesaro_1619a,512,2,Content Illustration
Pesaro_1619a,514,1,Content Illustration
Pesaro_1619a,514,2,Content Illustration
Pesaro_1619a,515,1,Content Illustration
Pesaro_1619a,515,2,Content Illustration
Pesaro_1619a,516,1,Content Illustration
Pesaro_1619a,517,1,Content Illustration
Pesaro_1619a,518,1,Content Illustration
Pesaro_1619a,519,1,Content Illustration
Pesaro_1619a,519,2,Content Illustration
Pesaro_1619a,521,1,Content Illustration
Pesaro_1619a,521,2,Content Illustration
Pesaro_1619a,522,1,Content Illustration
Pesaro_1619a,523,1,Content Illustration
Pesaro_1619a,523,2,Content Illustration
Pesaro_1619a,524,1,Content Illustration
Pesaro_1619a,525,1,Content Illustration
Pesaro_1619a,525,2,Content Illustration
Pesaro_1619a,526,1,Content Illustration
Pesaro_1619a,526,2,Content Illustration
Pesaro_1619a,527,1,Content Illustration
Pesaro_1619a,527,2,Content Illustration
Pesaro_1619a,528,1,Content Illustration
Pesaro_1619a,528,2,Content Illustration
Pesaro_1619a,529,1,Content Illustration
Pesaro_1619a,530,1,Content Illustration
Pesaro_1619a,531,1,Content Illustration
Pesaro_1619a,532,1,Content Illustration
Pesaro_1619a,532,2,Content Illustration
Pesaro_1619a,533,1,Content Illustration
Pesaro_1619a,534,1,Content Illustration
Pesaro_1619a,536,1,Content Illustration
Pesaro_1619a,536,2,Content Illustration
Pesaro_1619a,537,1,Content Illustration
Pesaro_1619a,537,2,Content Illustration
Pesaro_1619a,537,3,Content Illustration
Pesaro_1619a,538,1,Content Illustration
Pesaro_1619a,539,1,Content Illustration
Pesaro_1619a,539,2,Content Illustration
Pesaro_1619a,539,3,Content Illustration
Pesaro_1619a,540,1,Content Illustration
Pesaro_1619a,540,2,Content Illustration
Pesaro_1619a,541,1,Content Illustration
Pesaro_1619a,541,2,Content Illustration
Pesaro_1619a,542,1,Content Illustration
Pesaro_1619a,542,2,Content Illustration
Pesaro_1619a,544,1,Content Illustration
Pesaro_1619a,545,1,Content Illustration
Pesaro_1619a,546,1,Content Illustration
Pesaro_1619a,548,1,Content Illustration
Pesaro_1619a,549,1,Content Illustration
Pesaro_1619a,550,1,Content Illustration
Pesaro_1619a,552,1,Content Illustration
Pesaro_1619a,553,1,Content Illustration
Pesaro_1619a,553,2,Content Illustration
Pesaro_1619a,554,1,Content Illustration
Pesaro_1619a,555,1,Content Illustration
Pesaro_1619a,555,2,Content Illustration
Pesaro_1619a,557,1,Content Illustration
Pesaro_1619a,557,2,Content Illustration
Pesaro_1619a,558,1,Content Illustration
Pesaro_1619a,559,1,Content Illustration
Pesaro_1619a,560,1,Content Illustration
Pesaro_1619a,560,2,Content Illustration
Pesaro_1619a,561,1,Content Illustration
Pesaro_1619a,563,1,Content Illustration
Pesaro_1619a,563,2,Content Illustration
Pesaro_1619a,564,1,Content Illustration
Pesaro_1619a,564,2,Content Illustration
Pesaro_1619a,565,1,Content Illustration
Pesaro_1619a,566,1,Content Illustration
Pesaro_1619a,566,2,Content Illustration
Pesaro_1619a,567,1,Content Illustration
Pesaro_1619a,567,2,Content Illustration
Pesaro_1619a,568,1,Content Illustration
Pesaro_1619a,568,2,Content Illustration
Pesaro_1619a,569,1,Content Illustration
Pesaro_1619a,569,2,Content Illustration
Pesaro_1619a,572,1,Content Illustration
Pesaro_1619a,573,1,Content Illustration
Pesaro_1619a,573,2,Content Illustration
Pesaro_1619a,573,3,Content Illustration
Pesaro_1619a,574,1,Content Illustration
Pesaro_1619a,574,2,Content Illustration
Pesaro_1619a,574,3,Content Illustration
Pesaro_1619a,574,4,Content Illustration
Pesaro_1619a,574,5,Content Illustration
Pesaro_1619a,576,1,Content Illustration
Pesaro_1619a,576,2,Content Illustration
Venice_1575,42,1,Content Illustration
Venice_1575,42,2,Content Illustration
Venice_1575,72,1,Content Illustration
Venice_1575,72,2,Content Illustration
Venice_1575,74,1,Content Illustration
Venice_1575,75,1,Content Illustration
Venice_1575,76,1,Content Illustration
Venice_1575,76,2,Content Illustration
Venice_1575,76,3,Content Illustration
Venice_1575,77,1,Content Illustration
Venice_1575,79,1,Content Illustration
Venice_1575,79,2,Content Illustration
Venice_1575,84,1,Content Illustration
Venice_1575,84,2,Content Illustration
Venice_1575,85,1,Content Illustration
Venice_1575,86,1,Content Illustration
Venice_1575,87,1,Content Illustration
Venice_1575,88,1,Content Illustration
Venice_1575,90,1,Content Illustration
Venice_1575,91,1,Content Illustration
Venice_1575,93,1,Content Illustration
Venice_1575,95,1,Content Illustration
Venice_1575,98,1,Content Illustration
Venice_1575,108,1,Content Illustration
Venice_1575,108,2,Content Illustration
Venice_1575,110,1,Content Illustration
Venice_1575,110,2,Content Illustration
Venice_1575,111,1,Content Illustration
Venice_1575,113,1,Content Illustration
Venice_1575,116,1,Content Illustration
Venice_1575,117,1,Content Illustration
Venice_1575,129,1,Content Illustration
Venice_1575,130,1,Content Illustration
Venice_1575,130,2,Content Illustration
Venice_1575,131,1,Content Illustration
Venice_1575,131,2,Content Illustration
Venice_1575,131,3,Content Illustration
Venice_1575,131,4,Content Illustration
Venice_1575,132,1,Content Illustration
Venice_1575,132,2,Content Illustration
Venice_1575,133,1,Content Illustration
Venice_1575,133,2,Content Illustration
Venice_1575,134,1,Content Illustration
Venice_1575,134,2,Content Illustration
Venice_1575,134,3,Content Illustration
Venice_1575,135,1,Content Illustration
Venice_1575,136,1,Content Illustration
Venice_1575,136,2,Content Illustration
Venice_1575,136,3,Content Illustration
Venice_1575,136,4,Content Illustration
Venice_1575,137,1,Content Illustration
Venice_1575,137,2,Content Illustration
Venice_1575,137,3,Content Illustration
Venice_1575,137,4,Content Illustration
Venice_1575,138,1,Content Illustration
Venice_1575,139,1,Content Illustration
Venice_1575,140,1,Content Illustration
Venice_1575,140,2,Content Illustration
Venice_1575,141,1,Content Illustration
Venice_1575,142,1,Content Illustration
Venice_1575,144,1,Content Illustration
Venice_1575,146,1,Content Illustration
Venice_1575,147,1,Content Illustration
Venice_1575,147,2,Content Illustration
Venice_1575,148,1,Content Illustration
Venice_1575,149,1,Content Illustration
Venice_1575,149,2,Content Illustration
Venice_1575,152,1,Content Illustration
Venice_1575,152,2,Content Illustration
Venice_1575,153,1,Content Illustration
Venice_1575,155,1,Content Illustration
Venice_1575,156,1,Content Illustration
Venice_1575,157,1,Content Illustration
Venice_1575,157,2,Content Illustration
Venice_1575,157,3,Content Illustration
Venice_1575,158,1,Content Illustration
Venice_1575,159,1,Content Illustration
Venice_1575,159,2,Content Illustration
Venice_1575,159,3,Content Illustration
Venice_1575,160,1,Content Illustration
Venice_1575,161,1,Content Illustration
Venice_1575,162,1,Content Illustration
Venice_1575,181,1,Content Illustration
Venice_1575,186,1,Content Illustration
Venice_1575,188,1,Content Illustration
Venice_1575,188,2,Content Illustration
Venice_1575,196,1,Content Illustration
Venice_1575,197,1,Content Illustration
Venice_1575,197,2,Content Illustration
Venice_1575,197,3,Content Illustration
Venice_1575,199,1,Content Illustration
Venice_1575,200,1,Content Illustration
Venice_1575,201,1,Content Illustration
Venice_1575,201,2,Content Illustration
Venice_1575,202,1,Content Illustration
Venice_1575,204,1,Content Illustration
Venice_1575,205,1,Content Illustration
Venice_1575,205,2,Content Illustration
Venice_1575,207,1,Content Illustration
Venice_1575,209,1,Content Illustration
Venice_1575,210,1,Content Illustration
Venice_1575,210,2,Content Illustration
Venice_1575,210,3,Content Illustration
Venice_1575,211,1,Content Illustration
Venice_1575,212,1,Content Illustration
Venice_1575,214,1,Content Illustration
Venice_1575,215,1,Content Illustration
Venice_1575,216,1,Content Illustration
Venice_1575,217,1,Content Illustration
Venice_1575,218,1,Content Illustration
Venice_1575,224,1,Content Illustration
Venice_1575,226,1,Content Illustration
Venice_1575,233,1,Content Illustration
Venice_1575,235,1,Content Illustration
Venice_1575,236,1,Content Illustration
Venice_1575,237,1,Content Illustration
Venice_1575,238,1,Content Illustration
Venice_1575,239,1,Content Illustration
Venice_1575,240,1,Content Illustration
Venice_1575,240,2,Content Illustration
Venice_1575,241,1,Content Illustration
Venice_1575,241,2,Content Illustration
Venice_1575,242,1,Content Illustration
Venice_1575,244,1,Content Illustration
Venice_1575,246,1,Content Illustration
Venice_1575,251,1,Content Illustration
Venice_1575,251,2,Content Illustration
Venice_1575,251,3,Content Illustration
Venice_1575,252,1,Content Illustration
Venice_1575,252,2,Content Illustration
Venice_1575,254,1,Content Illustration
Venice_1575,255,1,Content Illustration
Venice_1575,256,1,Content Illustration
Venice_1575,256,2,Content Illustration
Venice_1575,257,1,Content Illustration
Venice_1575,259,1,Content Illustration
Venice_1575,260,1,Content Illustration
Venice_1575,261,1,Content Illustration
Venice_1575,262,1,Content Illustration
Venice_1575,263,1,Content Illustration
Venice_1575,263,2,Content Illustration
Venice_1575,263,3,Content Illustration
Venice_1575,264,1,Content Illustration
Venice_1575,265,1,Content Illustration
Venice_1575,266,1,Content Illustration
Venice_1575,267,1,Content Illustration
Venice_1575,267,2,Content Illustration
Venice_1575,268,1,Content Illustration
Venice_1575,268,2,Content Illustration
Venice_1575,270,1,Content Illustration
Venice_1575,270,2,Content Illustration
Venice_1575,272,1,Content Illustration
Venice_1575,275,1,Content Illustration
Venice_1575,278,1,Content Illustration
Venice_1575,279,1,Content Illustration
Venice_1575,281,1,Content Illustration
Venice_1575,282,1,Content Illustration
Venice_1575,284,1,Content Illustration
Venice_1575,285,1,Content Illustration
Venice_1575,285,2,Content Illustration
Venice_1575,285,3,Content Illustration
Venice_1575,286,1,Content Illustration
Venice_1575,287,1,Content Illustration
Venice_1575,287,2,Content Illustration
Venice_1575,287,3,Content Illustration
Venice_1575,288,1,Content Illustration
Venice_1575,289,1,Content Illustration
Venice_1575,290,1,Content Illustration
Venice_1575,291,1,Content Illustration
Venice_1575,291,2,Content Illustration
Venice_1575,292,1,Content Illustration
Venice_1575,292,2,Content Illustration
Venice_1575,293,1,Content Illustration
Venice_1575,293,2,Content Illustration
Venice_1575,293,3,Content Illustration
Venice_1575,295,1,Content Illustration
Venice_1575,296,1,Content Illustration
Venice_1575,296,2,Content Illustration
Venice_1575,297,1,Content Illustration
Venice_1575,297,2,Content Illustration
Venice_1575,298,1,Content Illustration
Venice_1575,299,1,Content Illustration
Venice_1575,299,2,Content Illustration
Venice_1575,300,1,Content Illustration
Venice_1575,300,2,Content Illustration
Venice_1575,301,1,Content Illustration
Venice_1575,302,1,Content Illustration
Venice_1575,302,2,Content Illustration
Venice_1575,302,3,Content Illustration
Venice_1575,304,1,Content Illustration
Venice_1575,305,1,Content Illustration
Venice_1575,305,2,Content Illustration
Venice_1575,306,1,Content Illustration
Seville_1576,100,1,Content Illustration
Seville_1576,101,1,Content Illustration
Seville_1576,102,1,Content Illustration
Seville_1576,102,2,Content Illustration
Seville_1576,103,1,Content Illustration
Seville_1576,105,1,Content Illustration
Seville_1576,107,1,Content Illustration
Seville_1576,108,1,Content Illustration
Seville_1576,109,1,Content Illustration
Seville_1576,109,2,Content Illustration
Seville_1576,110,1,Content Illustration
Seville_1576,111,1,Content Illustration
Seville_1576,112,1,Content Illustration
Seville_1576,113,1,Content Illustration
Seville_1576,115,1,Content Illustration
Seville_1576,116,1,Content Illustration
Seville_1576,118,1,Content Illustration
Seville_1576,119,1,Content Illustration
Seville_1576,119,2,Content Illustration
Seville_1576,120,1,Content Illustration
Seville_1576,121,1,Content Illustration
Seville_1576,122,1,Content Illustration
Seville_1576,123,1,Content Illustration
Seville_1576,123,2,Content Illustration
Seville_1576,123,3,Content Illustration
Seville_1576,124,1,Content Illustration
Seville_1576,124,2,Content Illustration
Seville_1576,124,3,Content Illustration
Seville_1576,125,1,Content Illustration
Seville_1576,126,1,Content Illustration
Seville_1576,127,1,Content Illustration
Seville_1576,128,1,Content Illustration
Seville_1576,129,1,Content Illustration
Seville_1576,130,1,Content Illustration
Seville_1576,132,1,Content Illustration
Seville_1576,133,1,Content Illustration
Seville_1576,134,1,Content Illustration
Seville_1576,134,2,Content Illustration
Seville_1576,135,1,Content Illustration
Seville_1576,136,1,Content Illustration
Seville_1576,138,1,Content Illustration
Seville_1576,138,2,Content Illustration
Seville_1576,140,1,Content Illustration
Seville_1576,142,1,Content Illustration
Seville_1576,143,1,Content Illustration
Seville_1576,144,1,Content Illustration
Seville_1576,145,1,Content Illustration
Seville_1576,146,1,Content Illustration
Seville_1576,147,1,Content Illustration
Seville_1576,148,1,Content Illustration
Seville_1576,148,2,Content Illustration
Seville_1576,149,1,Content Illustration
Seville_1576,150,1,Content Illustration
Seville_1576,151,1,Content Illustration
Seville_1576,152,1,Content Illustration
Seville_1576,153,1,Content Illustration
Seville_1576,155,1,Content Illustration
Seville_1576,155,2,Content Illustration
Seville_1576,156,1,Content Illustration
Seville_1576,158,1,Content Illustration
Seville_1576,160,1,Content Illustration
Seville_1576,161,1,Content Illustration
Seville_1576,162,1,Content Illustration
Seville_1576,163,1,Content Illustration
Seville_1576,169,1,Content Illustration
Seville_1576,170,1,Content Illustration
Seville_1576,171,1,Content Illustration
Seville_1576,172,1,Content Illustration
Seville_1576,174,1,Content Illustration
Seville_1576,175,1,Content Illustration
Seville_1576,176,1,Content Illustration
Seville_1576,177,1,Content Illustration
Seville_1576,180,1,Content Illustration
Seville_1576,182,1,Content Illustration
Seville_1576,183,1,Content Illustration
Seville_1576,184,1,Content Illustration
Seville_1576,185,1,Content Illustration
Seville_1576,186,1,Content Illustration
Seville_1576,187,1,Content Illustration
Seville_1576,189,1,Content Illustration
Seville_1576,190,1,Content Illustration
Seville_1576,192,1,Content Illustration
Seville_1576,193,1,Content Illustration
Seville_1576,194,1,Content Illustration
Seville_1576,195,1,Content Illustration
Seville_1576,196,1,Content Illustration
Seville_1576,198,1,Content Illustration
Seville_1576,198,2,Content Illustration
Seville_1576,200,1,Content Illustration
Seville_1576,201,1,Content Illustration
Seville_1576,203,1,Content Illustration
Seville_1576,204,1,Content Illustration
Seville_1576,206,1,Content Illustration
Seville_1576,207,1,Content Illustration
Seville_1576,209,1,Content Illustration
Seville_1576,210,1,Content Illustration
Seville_1576,210,2,Content Illustration
Seville_1576,212,1,Content Illustration
Seville_1576,213,1,Content Illustration
Seville_1576,214,1,Content Illustration
Seville_1576,214,2,Content Illustration
Seville_1576,215,1,Content Illustration
Seville_1576,216,1,Content Illustration
Seville_1576,217,1,Content Illustration
Seville_1576,218,1,Content Illustration
Seville_1576,220,1,Content Illustration
Seville_1576,221,1,Content Illustration
Seville_1576,221,2,Content Illustration
Seville_1576,222,1,Content Illustration
Seville_1576,225,1,Content Illustration
Seville_1576,225,2,Content Illustration
Seville_1576,227,1,Content Illustration
Seville_1576,227,2,Content Illustration
Seville_1576,228,1,Content Illustration
Seville_1576,228,2,Content Illustration
Seville_1576,228,3,Content Illustration
Seville_1576,229,1,Content Illustration
Seville_1576,229,2,Content Illustration
Seville_1576,229,3,Content Illustration
Seville_1576,22,1,Content Illustration
Seville_1576,22,2,Content Illustration
Seville_1576,231,1,Content Illustration
Seville_1576,232,1,Content Illustration
Seville_1576,234,1,Content Illustration
Seville_1576,234,2,Content Illustration
Seville_1576,235,1,Content Illustration
Seville_1576,236,1,Content Illustration
Seville_1576,237,1,Content Illustration
Seville_1576,238,1,Content Illustration
Seville_1576,238,2,Content Illustration
Seville_1576,23,1,Content Illustration
Seville_1576,23,2,Content Illustration
Seville_1576,23,3,Content Illustration
Seville_1576,240,1,Content Illustration
Seville_1576,240,2,Content Illustration
Seville_1576,240,3,Content Illustration
Seville_1576,240,4,Content Illustration
Seville_1576,241,1,Content Illustration
Seville_1576,242,1,Content Illustration
Seville_1576,244,1,Content Illustration
Seville_1576,245,1,Content Illustration
Seville_1576,246,1,Content Illustration
Seville_1576,24,1,Content Illustration
Seville_1576,24,2,Content Illustration
Seville_1576,24,3,Content Illustration
Seville_1576,24,4,Content Illustration
Seville_1576,25,1,Content Illustration
Seville_1576,25,2,Content Illustration
Seville_1576,25,3,Content Illustration
Seville_1576,25,4,Content Illustration
Seville_1576,25,5,Content Illustration
Seville_1576,25,6,Content Illustration
Seville_1576,25,7,Content Illustration
Seville_1576,25,8,Content Illustration
Seville_1576,25,9,Content Illustration
Seville_1576,26,1,Content Illustration
Seville_1576,26,2,Content Illustration
Seville_1576,26,3,Content Illustration
Seville_1576,26,4,Content Illustration
Seville_1576,26,5,Content Illustration
Seville_1576,26,6,Content Illustration
Seville_1576,26,7,Content Illustration
Seville_1576,27,1,Content Illustration
Seville_1576,27,2,Content Illustration
Seville_1576,27,3,Content Illustration
Seville_1576,28,1,Content Illustration
Seville_1576,28,2,Content Illustration
Seville_1576,28,3,Content Illustration
Seville_1576,28,4,Content Illustration
Seville_1576,29,1,Content Illustration
Seville_1576,30,1,Content Illustration
Seville_1576,31,1,Content Illustration
Seville_1576,32,1,Content Illustration
Seville_1576,33,1,Content Illustration
Seville_1576,33,2,Content Illustration
Seville_1576,34,1,Content Illustration
Seville_1576,36,1,Content Illustration
Seville_1576,37,1,Content Illustration
Seville_1576,37,2,Content Illustration
Seville_1576,38,1,Content Illustration
Seville_1576,39,1,Content Illustration
Seville_1576,40,1,Content Illustration
Seville_1576,41,1,Content Illustration
Seville_1576,41,2,Content Illustration
Seville_1576,42,1,Content Illustration
Seville_1576,43,1,Content Illustration
Seville_1576,44,1,Content Illustration
Seville_1576,45,1,Content Illustration
Seville_1576,45,2,Content Illustration
Seville_1576,46,1,Content Illustration
Seville_1576,47,1,Content Illustration
Seville_1576,48,1,Content Illustration
Seville_1576,49,1,Content Illustration
Seville_1576,4,1,Content Illustration
Seville_1576,50,1,Content Illustration
Seville_1576,51,1,Content Illustration
Seville_1576,52,1,Content Illustration
Seville_1576,53,1,Content Illustration
Seville_1576,54,1,Content Illustration
Seville_1576,55,1,Content Illustration
Seville_1576,57,1,Content Illustration
Seville_1576,57,2,Content Illustration
Seville_1576,58,1,Content Illustration
Seville_1576,58,2,Content Illustration
Seville_1576,59,1,Content Illustration
Seville_1576,60,1,Content Illustration
Seville_1576,61,1,Content Illustration
Seville_1576,62,1,Content Illustration
Seville_1576,63,1,Content Illustration
Seville_1576,64,1,Content Illustration
Seville_1576,65,1,Content Illustration
Seville_1576,65,2,Content Illustration
Seville_1576,66,1,Content Illustration
Seville_1576,67,1,Content Illustration
Seville_1576,68,1,Content Illustration
Seville_1576,69,1,Content Illustration
Seville_1576,69,2,Content Illustration
Seville_1576,70,1,Content Illustration
Seville_1576,70,2,Content Illustration
Seville_1576,71,1,Content Illustration
Seville_1576,72,1,Content Illustration
Seville_1576,73,1,Content Illustration
Seville_1576,76,1,Content Illustration
Seville_1576,77,1,Content Illustration
Seville_1576,78,1,Content Illustration
Seville_1576,78,2,Content Illustration
Seville_1576,7,1,Content Illustration
Seville_1576,81,1,Content Illustration
Seville_1576,82,1,Content Illustration
Seville_1576,84,1,Content Illustration
Seville_1576,85,1,Content Illustration
Seville_1576,86,1,Content Illustration
Seville_1576,88,1,Content Illustration
Seville_1576,8,1,Content Illustration
Seville_1576,90,1,Content Illustration
Seville_1576,92,1,Content Illustration
Seville_1576,93,1,Content Illustration
Seville_1576,94,1,Content Illustration
Seville_1576,95,1,Content Illustration
Seville_1576,95,2,Content Illustration
Seville_1576,95,3,Content Illustration
Seville_1576,96,1,Content Illustration
Seville_1576,96,2,Content Illustration
Seville_1576,96,3,Content Illustration
Seville_1576,96,4,Content Illustration
Seville_1576,97,1,Content Illustration
Seville_1576,97,2,Content Illustration
Seville_1576,98,1,Content Illustration
Seville_1576,99,1,Content Illustration
Rome_1589,100,1,Content Illustration
Rome_1589,101,1,Content Illustration
Rome_1589,102,1,Content Illustration
Rome_1589,104,1,Content Illustration
Rome_1589,104,2,Content Illustration
Rome_1589,104,3,Content Illustration
Rome_1589,105,1,Content Illustration
Rome_1589,106,1,Content Illustration
Rome_1589,107,1,Content Illustration
Rome_1589,107,2,Content Illustration
Rome_1589,108,1,Content Illustration
Rome_1589,110,1,Content Illustration
Rome_1589,110,2,Content Illustration
Rome_1589,112,1,Content Illustration
Rome_1589,112,2,Content Illustration
Rome_1589,112,3,Content Illustration
Rome_1589,112,4,Content Illustration
Rome_1589,113,1,Content Illustration
Rome_1589,113,2,Content Illustration
Rome_1589,114,1,Content Illustration
Rome_1589,114,2,Content Illustration
Rome_1589,116,1,Content Illustration
Rome_1589,117,1,Content Illustration
Rome_1589,117,2,Content Illustration
Rome_1589,117,3,Content Illustration
Rome_1589,118,1,Content Illustration
Rome_1589,118,2,Content Illustration
Rome_1589,119,1,Content Illustration
Rome_1589,119,2,Content Illustration
Rome_1589,120,1,Content Illustration
Rome_1589,121,1,Content Illustration
Rome_1589,121,2,Content Illustration
Rome_1589,122,1,Content Illustration
Rome_1589,123,1,Content Illustration
Rome_1589,123,2,Content Illustration
Rome_1589,123,3,Content Illustration
Rome_1589,124,1,Content Illustration
Rome_1589,124,2,Content Illustration
Rome_1589,124,3,Content Illustration
Rome_1589,125,1,Content Illustration
Rome_1589,126,1,Content Illustration
Rome_1589,126,2,Content Illustration
Rome_1589,126,3,Content Illustration
Rome_1589,126,4,Content Illustration
Rome_1589,127,1,Content Illustration
Rome_1589,127,2,Content Illustration
Rome_1589,127,3,Content Illustration
Rome_1589,128,1,Content Illustration
Rome_1589,129,1,Content Illustration
Rome_1589,130,1,Content Illustration
Rome_1589,130,2,Content Illustration
Rome_1589,131,1,Content Illustration
Rome_1589,133,1,Content Illustration
Rome_1589,133,2,Content Illustration
Rome_1589,134,1,Content Illustration
Rome_1589,135,1,Content Illustration
Rome_1589,136,1,Content Illustration
Rome_1589,136,2,Content Illustration
Rome_1589,137,1,Content Illustration
Rome_1589,137,2,Content Illustration
Rome_1589,138,1,Content Illustration
Rome_1589,139,1,Content Illustration
Rome_1589,140,1,Content Illustration
Rome_1589,140,2,Content Illustration
Rome_1589,141,1,Content Illustration
Rome_1589,142,1,Content Illustration
Rome_1589,142,2,Content Illustration
Rome_1589,143,1,Content Illustration
Rome_1589,144,1,Content Illustration
Rome_1589,144,2,Content Illustration
Rome_1589,145,1,Content Illustration
Rome_1589,146,1,Content Illustration
Rome_1589,146,2,Content Illustration
Rome_1589,147,1,Content Illustration
Rome_1589,148,1,Content Illustration
Rome_1589,148,2,Content Illustration
Rome_1589,149,1,Content Illustration
Rome_1589,149,2,Content Illustration
Rome_1589,150,1,Content Illustration
Rome_1589,150,2,Content Illustration
Rome_1589,150,3,Content Illustration
Rome_1589,151,1,Content Illustration
Rome_1589,152,1,Content Illustration
Rome_1589,153,1,Content Illustration
Rome_1589,153,2,Content Illustration
Rome_1589,153,3,Content Illustration
Rome_1589,154,1,Content Illustration
Rome_1589,155,1,Content Illustration
Rome_1589,155,2,Content Illustration
Rome_1589,155,3,Content Illustration
Rome_1589,156,1,Content Illustration
Rome_1589,156,2,Content Illustration
Rome_1589,157,1,Content Illustration
Rome_1589,158,1,Content Illustration
Rome_1589,159,1,Content Illustration
Rome_1589,160,1,Content Illustration
Rome_1589,160,2,Content Illustration
Rome_1589,162,1,Content Illustration
Rome_1589,163,1,Content Illustration
Rome_1589,163,2,Content Illustration
Rome_1589,164,1,Content Illustration
Rome_1589,165,1,Content Illustration
Rome_1589,165,2,Content Illustration
Rome_1589,166,1,Content Illustration
Rome_1589,168,1,Content Illustration
Rome_1589,169,1,Content Illustration
Rome_1589,170,1,Content Illustration
Rome_1589,171,1,Content Illustration
Rome_1589,172,1,Content Illustration
Rome_1589,173,1,Content Illustration
Rome_1589,174,1,Content Illustration
Rome_1589,175,1,Content Illustration
Rome_1589,176,1,Content Illustration
Rome_1589,179,1,Content Illustration
Rome_1589,180,1,Content Illustration
Rome_1589,180,2,Content Illustration
Rome_1589,182,1,Content Illustration
Rome_1589,183,1,Content Illustration
Rome_1589,184,1,Content Illustration
Rome_1589,184,2,Content Illustration
Rome_1589,185,1,Content Illustration
Rome_1589,185,2,Content Illustration
Rome_1589,186,1,Content Illustration
Rome_1589,187,1,Content Illustration
Rome_1589,187,2,Content Illustration
Rome_1589,187,3,Content Illustration
Rome_1589,188,1,Content Illustration
Rome_1589,188,2,Content Illustration
Rome_1589,189,1,Content Illustration
Rome_1589,190,1,Content Illustration
Rome_1589,191,1,Content Illustration
Rome_1589,192,1,Content Illustration
Rome_1589,193,1,Content Illustration
Rome_1589,193,2,Content Illustration
Rome_1589,194,1,Content Illustration
Rome_1589,196,1,Content Illustration
Rome_1589,196,2,Content Illustration
Rome_1589,197,1,Content Illustration
Rome_1589,198,1,Content Illustration
Rome_1589,199,1,Content Illustration
Rome_1589,199,2,Content Illustration
Rome_1589,200,1,Content Illustration
Rome_1589,200,2,Content Illustration
Rome_1589,201,1,Content Illustration
Rome_1589,201,2,Content Illustration
Rome_1589,201,3,Content Illustration
Rome_1589,202,1,Content Illustration
Rome_1589,203,1,Content Illustration
Rome_1589,204,1,Content Illustration
Rome_1589,205,1,Content Illustration
Rome_1589,206,1,Content Illustration
Rome_1589,207,1,Content Illustration
Rome_1589,208,1,Content Illustration
Rome_1589,208,2,Content Illustration
Rome_1589,209,1,Content Illustration
Rome_1589,210,1,Content Illustration
Rome_1589,210,2,Content Illustration
Rome_1589,211,1,Content Illustration
Rome_1589,212,1,Content Illustration
Rome_1589,213,1,Content Illustration
Rome_1589,213,2,Content Illustration
Rome_1589,213,3,Content Illustration
Rome_1589,214,1,Content Illustration
Rome_1589,214,2,Content Illustration
Rome_1589,215,1,Content Illustration
Rome_1589,216,1,Content Illustration
Rome_1589,216,2,Content Illustration
Rome_1589,217,1,Content Illustration
Rome_1589,218,1,Content Illustration
Rome_1589,218,2,Content Illustration
Rome_1589,219,1,Content Illustration
Rome_1589,219,2,Content Illustration
Rome_1589,219,3,Content Illustration
Rome_1589,220,1,Content Illustration
Rome_1589,220,2,Content Illustration
Rome_1589,221,1,Content Illustration
Rome_1589,221,2,Content Illustration
Rome_1589,222,1,Content Illustration
Rome_1589,222,2,Content Illustration
Rome_1589,223,1,Content Illustration
Rome_1589,223,2,Content Illustration
Rome_1589,224,1,Content Illustration
Rome_1589,225,1,Content Illustration
Rome_1589,226,1,Content Illustration
Rome_1589,227,1,Content Illustration
Rome_1589,228,1,Content Illustration
Rome_1589,229,1,Content Illustration
Rome_1589,230,1,Content Illustration
Rome_1589,231,1,Content Illustration
Rome_1589,231,2,Content Illustration
Rome_1589,232,1,Content Illustration
Rome_1589,233,1,Content Illustration
Rome_1589,233,2,Content Illustration
Rome_1589,234,1,Content Illustration
Rome_1589,234,2,Content Illustration
Rome_1589,235,1,Content Illustration
Rome_1589,236,1,Content Illustration
Rome_1589,236,2,Content Illustration
Rome_1589,236,3,Content Illustration
Rome_1589,237,1,Content Illustration
Rome_1589,237,2,Content Illustration
Rome_1589,238,1,Content Illustration
Rome_1589,238,2,Content Illustration
Rome_1589,239,1,Content Illustration
Rome_1589,240,1,Content Illustration
Rome_1589,241,1,Content Illustration
Rome_1589,241,2,Content Illustration
Rome_1589,242,1,Content Illustration
Rome_1589,242,2,Content Illustration
Rome_1589,243,1,Content Illustration
Rome_1589,243,2,Content Illustration
Rome_1589,244,1,Content Illustration
Rome_1589,244,2,Content Illustration
Rome_1589,245,1,Content Illustration
Rome_1589,246,1,Content Illustration
Rome_1589,248,1,Content Illustration
Rome_1589,249,1,Content Illustration
Rome_1589,249,2,Content Illustration
Rome_1589,249,3,Content Illustration
Rome_1589,250,1,Content Illustration
Rome_1589,251,1,Content Illustration
Rome_1589,252,1,Content Illustration
Rome_1589,253,1,Content Illustration
Rome_1589,254,1,Content Illustration
Rome_1589,257,1,Content Illustration
Rome_1589,257,2,Content Illustration
Rome_1589,258,1,Content Illustration
Rome_1589,258,2,Content Illustration
Rome_1589,259,1,Content Illustration
Rome_1589,260,1,Content Illustration
Rome_1589,260,2,Content Illustration
Rome_1589,261,1,Content Illustration
Rome_1589,262,1,Content Illustration
Rome_1589,263,1,Content Illustration
Rome_1589,264,1,Content Illustration
Rome_1589,265,1,Content Illustration
Rome_1589,267,1,Content Illustration
Rome_1589,268,1,Content Illustration
Rome_1589,269,1,Content Illustration
Rome_1589,269,2,Content Illustration
Rome_1589,270,1,Content Illustration
Rome_1589,272,1,Content Illustration
Rome_1589,273,1,Content Illustration
Rome_1589,273,2,Content Illustration
Rome_1589,274,1,Content Illustration
Rome_1589,275,1,Content Illustration
Rome_1589,276,1,Content Illustration
Rome_1589,279,1,Content Illustration
Rome_1589,280,1,Content Illustration
Rome_1589,280,2,Content Illustration
Rome_1589,280,3,Content Illustration
Rome_1589,280,4,Content Illustration
Rome_1589,281,1,Content Illustration
Rome_1589,282,1,Content Illustration
Rome_1589,282,2,Content Illustration
Rome_1589,283,1,Content Illustration
Rome_1589,284,1,Content Illustration
Rome_1589,284,2,Content Illustration
Rome_1589,285,1,Content Illustration
Rome_1589,286,1,Content Illustration
Rome_1589,288,1,Content Illustration
Rome_1589,289,1,Content Illustration
Rome_1589,290,1,Content Illustration
Rome_1589,291,1,Content Illustration
Rome_1589,292,1,Content Illustration
Rome_1589,292,2,Content Illustration
Rome_1589,295,1,Content Illustration
Rome_1589,296,1,Content Illustration
Rome_1589,297,1,Content Illustration
Rome_1589,299,1,Content Illustration
Rome_1589,300,1,Content Illustration
Rome_1589,301,1,Content Illustration
Rome_1589,302,1,Content Illustration
Rome_1589,303,1,Content Illustration
Rome_1589,304,1,Content Illustration
Rome_1589,305,1,Content Illustration
Rome_1589,306,1,Content Illustration
Rome_1589,306,2,Content Illustration
Rome_1589,307,1,Content Illustration
Rome_1589,307,2,Content Illustration
Rome_1589,308,1,Content Illustration
Rome_1589,309,1,Content Illustration
Rome_1589,310,1,Content Illustration
Rome_1589,311,1,Content Illustration
Rome_1589,311,2,Content Illustration
Rome_1589,311,3,Content Illustration
Rome_1589,312,1,Content Illustration
Rome_1589,313,1,Content Illustration
Rome_1589,314,1,Content Illustration
Rome_1589,315,1,Content Illustration
Rome_1589,316,1,Content Illustration
Rome_1589,317,1,Content Illustration
Rome_1589,317,2,Content Illustration
Rome_1589,319,1,Content Illustration
Rome_1589,320,1,Content Illustration
Rome_1589,321,1,Content Illustration
Rome_1589,321,2,Content Illustration
Rome_1589,322,1,Content Illustration
Rome_1589,323,1,Content Illustration
Rome_1589,324,1,Content Illustration
Rome_1589,325,1,Content Illustration
Rome_1589,326,1,Content Illustration
Rome_1589,326,2,Content Illustration
Rome_1589,327,1,Content Illustration
Rome_1589,328,1,Content Illustration
Rome_1589,328,2,Content Illustration
Rome_1589,329,1,Content Illustration
Rome_1589,329,2,Content Illustration
Rome_1589,330,1,Content Illustration
Rome_1589,331,1,Content Illustration
Rome_1589,332,1,Content Illustration
Rome_1589,333,1,Content Illustration
Rome_1589,334,1,Content Illustration
Rome_1589,335,1,Content Illustration
Rome_1589,336,1,Content Illustration
Rome_1589,337,1,Content Illustration
Rome_1589,338,1,Content Illustration
Rome_1589,339,1,Content Illustration
Rome_1589,340,1,Content Illustration
Rome_1589,341,1,Content Illustration
Rome_1589,342,1,Content Illustration
Rome_1589,342,2,Content Illustration
Rome_1589,342,3,Content Illustration
Rome_1589,343,1,Content Illustration
Rome_1589,344,1,Content Illustration
Rome_1589,344,2,Content Illustration
Rome_1589,345,1,Content Illustration
Rome_1589,345,2,Content Illustration
Rome_1589,346,1,Content Illustration
Rome_1589,346,2,Content Illustration
Rome_1589,347,1,Content Illustration
Rome_1589,347,2,Content Illustration
Rome_1589,348,1,Content Illustration
Rome_1589,348,2,Content Illustration
Rome_1589,349,1,Content Illustration
Rome_1589,350,1,Content Illustration
Rome_1589,351,1,Content Illustration
Rome_1589,352,1,Content Illustration
Rome_1589,353,1,Content Illustration
Rome_1589,354,1,Content Illustration
Rome_1589,354,2,Content Illustration
Rome_1589,355,1,Content Illustration
Rome_1589,355,2,Content Illustration
Rome_1589,357,1,Content Illustration
Rome_1589,358,1,Content Illustration
Rome_1589,358,2,Content Illustration
Rome_1589,360,1,Content Illustration
Rome_1589,362,1,Content Illustration
Rome_1589,363,1,Content Illustration
Rome_1589,363,2,Content Illustration
Rome_1589,364,1,Content Illustration
Rome_1589,364,2,Content Illustration
Rome_1589,365,1,Content Illustration
Rome_1589,366,1,Content Illustration
Rome_1589,367,1,Content Illustration
Rome_1589,368,1,Content Illustration
Rome_1589,369,1,Content Illustration
Rome_1589,369,2,Content Illustration
Rome_1589,370,1,Content Illustration
Rome_1589,370,2,Content Illustration
Rome_1589,372,1,Content Illustration
Rome_1589,372,2,Content Illustration
Rome_1589,374,1,Content Illustration
Rome_1589,375,1,Content Illustration
Rome_1589,376,1,Content Illustration
Rome_1589,377,1,Content Illustration
Rome_1589,378,1,Content Illustration
Rome_1589,378,2,Content Illustration
Rome_1589,379,1,Content Illustration
Rome_1589,380,1,Content Illustration
Rome_1589,381,1,Content Illustration
Rome_1589,382,1,Content Illustration
Rome_1589,383,1,Content Illustration
Rome_1589,383,2,Content Illustration
Rome_1589,409,1,Content Illustration
Rome_1589,410,1,Content Illustration
Rome_1589,410,2,Content Illustration
Rome_1589,411,1,Content Illustration
Rome_1589,412,1,Content Illustration
Rome_1589,413,1,Content Illustration
Rome_1589,413,2,Content Illustration
Rome_1589,414,1,Content Illustration
Rome_1589,415,1,Content Illustration
Rome_1589,416,1,Content Illustration
Rome_1589,416,2,Content Illustration
Rome_1589,417,1,Content Illustration
Rome_1589,418,1,Content Illustration
Rome_1589,418,2,Content Illustration
Rome_1589,418,3,Content Illustration
Rome_1589,419,1,Content Illustration
Rome_1589,420,1,Content Illustration
Rome_1589,420,2,Content Illustration
Rome_1589,421,1,Content Illustration
Rome_1589,421,2,Content Illustration
Rome_1589,421,3,Content Illustration
Rome_1589,422,1,Content Illustration
Rome_1589,422,2,Content Illustration
Rome_1589,422,3,Content Illustration
Rome_1589,423,1,Content Illustration
Rome_1589,424,1,Content Illustration
Rome_1589,425,1,Content Illustration
Rome_1589,425,2,Content Illustration
Rome_1589,426,1,Content Illustration
Rome_1589,427,1,Content Illustration
Rome_1589,428,1,Content Illustration
Rome_1589,428,2,Content Illustration
Rome_1589,429,1,Content Illustration
Rome_1589,430,1,Content Illustration
Rome_1589,430,2,Content Illustration
Rome_1589,430,3,Content Illustration
Rome_1589,431,1,Content Illustration
Rome_1589,432,1,Content Illustration
Rome_1589,432,2,Content Illustration
Rome_1589,433,1,Content Illustration
Rome_1589,434,1,Content Illustration
Rome_1589,434,2,Content Illustration
Rome_1589,435,1,Content Illustration
Rome_1589,436,1,Content Illustration
Rome_1589,436,2,Content Illustration
Rome_1589,437,1,Content Illustration
Rome_1589,438,1,Content Illustration
Rome_1589,438,2,Content Illustration
Rome_1589,439,1,Content Illustration
Rome_1589,439,2,Content Illustration
Rome_1589,440,1,Content Illustration
Rome_1589,440,2,Content Illustration
Rome_1589,441,1,Content Illustration
Rome_1589,442,1,Content Illustration
Rome_1589,442,2,Content Illustration
Rome_1589,443,1,Content Illustration
Rome_1589,444,1,Content Illustration
Rome_1589,446,1,Content Illustration
Rome_1589,448,1,Content Illustration
Rome_1589,449,1,Content Illustration
Rome_1589,450,1,Content Illustration
Rome_1589,450,2,Content Illustration
Rome_1589,451,1,Content Illustration
Rome_1589,451,2,Content Illustration
Rome_1589,451,3,Content Illustration
Rome_1589,452,1,Content Illustration
Rome_1589,454,1,Content Illustration
Rome_1589,454,2,Content Illustration
Rome_1589,455,1,Content Illustration
Rome_1589,455,2,Content Illustration
Rome_1589,456,1,Content Illustration
Rome_1589,458,1,Content Illustration
Rome_1589,458,2,Content Illustration
Rome_1589,459,1,Content Illustration
Rome_1589,460,1,Content Illustration
Rome_1589,460,2,Content Illustration
Rome_1589,460,3,Content Illustration
Rome_1589,461,1,Content Illustration
Rome_1589,462,1,Content Illustration
Rome_1589,463,1,Content Illustration
Rome_1589,463,2,Content Illustration
Rome_1589,464,1,Content Illustration
Rome_1589,464,2,Content Illustration
Rome_1589,465,1,Content Illustration
Rome_1589,466,1,Content Illustration
Rome_1589,467,1,Content Illustration
Rome_1589,468,1,Content Illustration
Rome_1589,468,2,Content Illustration
Rome_1589,469,1,Content Illustration
Rome_1589,470,1,Content Illustration
Rome_1589,471,1,Content Illustration
Rome_1589,472,1,Content Illustration
Rome_1589,472,2,Content Illustration
Rome_1589,473,1,Content Illustration
Rome_1589,474,1,Content Illustration
Rome_1589,475,1,Content Illustration
Rome_1589,477,1,Content Illustration
Rome_1589,477,2,Content Illustration
Rome_1589,478,1,Content Illustration
Rome_1589,478,2,Content Illustration
Rome_1589,479,1,Content Illustration
Rome_1589,480,1,Content Illustration
Rome_1589,481,1,Content Illustration
Rome_1589,482,1,Content Illustration
Rome_1589,482,2,Content Illustration
Rome_1589,483,1,Content Illustration
Rome_1589,484,1,Content Illustration
Rome_1589,485,1,Content Illustration
Rome_1589,486,1,Content Illustration
Rome_1589,487,1,Content Illustration
Rome_1589,487,2,Content Illustration
Rome_1589,488,1,Content Illustration
Rome_1589,488,2,Content Illustration
Rome_1589,489,1,Content Illustration
Rome_1589,490,1,Content Illustration
Rome_1589,491,1,Content Illustration
Rome_1589,493,1,Content Illustration
Rome_1589,494,1,Content Illustration
Rome_1589,494,2,Content Illustration
Rome_1589,495,1,Content Illustration
Rome_1589,496,1,Content Illustration
Rome_1589,497,1,Content Illustration
Rome_1589,498,1,Content Illustration
Rome_1589,499,1,Content Illustration
Rome_1589,49,1,Content Illustration
Rome_1589,500,1,Content Illustration
Rome_1589,501,1,Content Illustration
Rome_1589,502,1,Content Illustration
Rome_1589,504,1,Content Illustration
Rome_1589,505,1,Content Illustration
Rome_1589,506,1,Content Illustration
Rome_1589,508,1,Content Illustration
Rome_1589,50,1,Content Illustration
Rome_1589,510,1,Content Illustration
Rome_1589,511,1,Content Illustration
Rome_1589,513,1,Content Illustration
Rome_1589,516,1,Content Illustration
Rome_1589,518,1,Content Illustration
Rome_1589,519,1,Content Illustration
Rome_1589,520,1,Content Illustration
Rome_1589,526,1,Content Illustration
Rome_1589,52,1,Content Illustration
Rome_1589,53,1,Content Illustration
Rome_1589,54,1,Content Illustration
Rome_1589,55,1,Content Illustration
Rome_1589,55,2,Content Illustration
Rome_1589,56,1,Content Illustration
Rome_1589,57,1,Content Illustration
Rome_1589,58,1,Content Illustration
Rome_1589,59,1,Content Illustration
Rome_1589,609,1,Content Illustration
Rome_1589,60,1,Content Illustration
Rome_1589,60,2,Content Illustration
Rome_1589,612,1,Content Illustration
Rome_1589,61,1,Content Illustration
Rome_1589,63,1,Content Illustration
Rome_1589,64,1,Content Illustration
Rome_1589,658,1,Content Illustration
Rome_1589,65,1,Content Illustration
Rome_1589,662,1,Content Illustration
Rome_1589,664,1,Content Illustration
Rome_1589,664,2,Content Illustration
Rome_1589,666,1,Content Illustration
Rome_1589,667,1,Content Illustration
Rome_1589,66,1,Content Illustration
Rome_1589,680,1,Content Illustration
Rome_1589,684,1,Content Illustration
Rome_1589,685,1,Content Illustration
Rome_1589,68,1,Content Illustration
Rome_1589,691,1,Content Illustration
Rome_1589,693,1,Content Illustration
Rome_1589,693,2,Content Illustration
Rome_1589,697,1,Content Illustration
Rome_1589,698,1,Content Illustration
Rome_1589,69,1,Content Illustration
Rome_1589,69,2,Content Illustration
Rome_1589,701,1,Content Illustration
Rome_1589,704,1,Content Illustration
Rome_1589,707,1,Content Illustration
Rome_1589,70,1,Content Illustration
Rome_1589,70,2,Content Illustration
Rome_1589,711,1,Content Illustration
Rome_1589,711,2,Content Illustration
Rome_1589,713,1,Content Illustration
Rome_1589,716,1,Content Illustration
Rome_1589,716,2,Content Illustration
Rome_1589,722,1,Content Illustration
Rome_1589,724,1,Content Illustration
Rome_1589,726,1,Content Illustration
Rome_1589,729,1,Content Illustration
Rome_1589,72,1,Content Illustration
Rome_1589,72,2,Content Illustration
Rome_1589,732,1,Content Illustration
Rome_1589,734,1,Content Illustration
Rome_1589,734,2,Content Illustration
Rome_1589,735,1,Content Illustration
Rome_1589,736,1,Content Illustration
Rome_1589,736,2,Content Illustration
Rome_1589,736,3,Content Illustration
Rome_1589,737,1,Content Illustration
Rome_1589,738,1,Content Illustration
Rome_1589,73,1,Content Illustration
Rome_1589,73,2,Content Illustration
Rome_1589,740,1,Content Illustration
Rome_1589,742,1,Content Illustration
Rome_1589,744,1,Content Illustration
Rome_1589,745,1,Content Illustration
Rome_1589,745,2,Content Illustration
Rome_1589,746,1,Content Illustration
Rome_1589,747,1,Content Illustration
Rome_1589,748,1,Content Illustration
Rome_1589,749,1,Content Illustration
Rome_1589,749,2,Content Illustration
Rome_1589,74,1,Content Illustration
Rome_1589,750,1,Content Illustration
Rome_1589,752,1,Content Illustration
Rome_1589,756,1,Content Illustration
Rome_1589,757,1,Content Illustration
Rome_1589,758,1,Content Illustration
Rome_1589,759,1,Content Illustration
Rome_1589,75,1,Content Illustration
Rome_1589,760,1,Content Illustration
Rome_1589,760,2,Content Illustration
Rome_1589,760,3,Content Illustration
Rome_1589,762,1,Content Illustration
Rome_1589,764,1,Content Illustration
Rome_1589,766,1,Content Illustration
Rome_1589,767,1,Content Illustration
Rome_1589,76,1,Content Illustration
Rome_1589,775,1,Content Illustration
Rome_1589,776,1,Content Illustration
Rome_1589,776,2,Content Illustration
Rome_1589,778,1,Content Illustration
Rome_1589,779,1,Content Illustration
Rome_1589,779,2,Content Illustration
Rome_1589,77,1,Content Illustration
Rome_1589,780,1,Content Illustration
Rome_1589,781,1,Content Illustration
Rome_1589,782,1,Content Illustration
Rome_1589,783,1,Content Illustration
Rome_1589,784,1,Content Illustration
Rome_1589,784,2,Content Illustration
Rome_1589,785,1,Content Illustration
Rome_1589,785,2,Content Illustration
Rome_1589,785,3,Content Illustration
Rome_1589,786,1,Content Illustration
Rome_1589,787,1,Content Illustration
Rome_1589,788,1,Content Illustration
Rome_1589,789,1,Content Illustration
Rome_1589,78,1,Content Illustration
Rome_1589,78,2,Content Illustration
Rome_1589,78,3,Content Illustration
Rome_1589,791,1,Content Illustration
Rome_1589,792,1,Content Illustration
Rome_1589,793,1,Content Illustration
Rome_1589,793,2,Content Illustration
Rome_1589,794,1,Content Illustration
Rome_1589,794,2,Content Illustration
Rome_1589,795,1,Content Illustration
Rome_1589,795,2,Content Illustration
Rome_1589,796,1,Content Illustration
Rome_1589,797,1,Content Illustration
Rome_1589,798,1,Content Illustration
Rome_1589,800,1,Content Illustration
Rome_1589,803,1,Content Illustration
Rome_1589,804,1,Content Illustration
Rome_1589,804,2,Content Illustration
Rome_1589,804,3,Content Illustration
Rome_1589,806,1,Content Illustration
Rome_1589,806,2,Content Illustration
Rome_1589,807,1,Content Illustration
Rome_1589,807,2,Content Illustration
Rome_1589,808,1,Content Illustration
Rome_1589,808,2,Content Illustration
Rome_1589,809,1,Content Illustration
Rome_1589,810,1,Content Illustration
Rome_1589,810,2,Content Illustration
Rome_1589,811,1,Content Illustration
Rome_1589,812,1,Content Illustration
Rome_1589,813,1,Content Illustration
Rome_1589,813,2,Content Illustration
Rome_1589,814,1,Content Illustration
Rome_1589,815,1,Content Illustration
Rome_1589,815,2,Content Illustration
Rome_1589,816,1,Content Illustration
Rome_1589,820,1,Content Illustration
Rome_1589,821,1,Content Illustration
Rome_1589,822,1,Content Illustration
Rome_1589,824,1,Content Illustration
Rome_1589,826,1,Content Illustration
Rome_1589,837,1,Content Illustration
Rome_1589,838,1,Content Illustration
Rome_1589,838,2,Content Illustration
Rome_1589,839,1,Content Illustration
Rome_1589,840,1,Content Illustration
Rome_1589,841,1,Content Illustration
Rome_1589,842,1,Content Illustration
Rome_1589,842,2,Content Illustration
Rome_1589,843,1,Content Illustration
Rome_1589,844,1,Content Illustration
Rome_1589,845,1,Content Illustration
Rome_1589,847,1,Content Illustration
Rome_1589,848,1,Content Illustration
Rome_1589,849,1,Content Illustration
Rome_1589,84,1,Content Illustration
Rome_1589,84,2,Content Illustration
Rome_1589,850,1,Content Illustration
Rome_1589,851,1,Content Illustration
Rome_1589,852,1,Content Illustration
Rome_1589,852,2,Content Illustration
Rome_1589,853,1,Content Illustration
Rome_1589,854,1,Content Illustration
Rome_1589,855,1,Content Illustration
Rome_1589,856,1,Content Illustration
Rome_1589,858,1,Content Illustration
Rome_1589,859,1,Content Illustration
Rome_1589,85,1,Content Illustration
Rome_1589,860,1,Content Illustration
Rome_1589,860,2,Content Illustration
Rome_1589,861,1,Content Illustration
Rome_1589,862,1,Content Illustration
Rome_1589,863,1,Content Illustration
Rome_1589,864,1,Content Illustration
Rome_1589,864,2,Content Illustration
Rome_1589,864,3,Content Illustration
Rome_1589,865,1,Content Illustration
Rome_1589,866,1,Content Illustration
Rome_1589,867,1,Content Illustration
Rome_1589,867,2,Content Illustration
Rome_1589,868,1,Content Illustration
Rome_1589,869,1,Content Illustration
Rome_1589,869,2,Content Illustration
Rome_1589,869,3,Content Illustration
Rome_1589,86,1,Content Illustration
Rome_1589,870,1,Content Illustration
Rome_1589,870,2,Content Illustration
Rome_1589,872,1,Content Illustration
Rome_1589,873,1,Content Illustration
Rome_1589,874,1,Content Illustration
Rome_1589,874,2,Content Illustration
Rome_1589,875,1,Content Illustration
Rome_1589,876,1,Content Illustration
Rome_1589,877,1,Content Illustration
Rome_1589,878,1,Content Illustration
Rome_1589,87,1,Content Illustration
Rome_1589,880,1,Content Illustration
Rome_1589,881,1,Content Illustration
Rome_1589,882,1,Content Illustration
Rome_1589,883,1,Content Illustration
Rome_1589,884,1,Content Illustration
Rome_1589,886,1,Content Illustration
Rome_1589,887,1,Content Illustration
Rome_1589,887,2,Content Illustration
Rome_1589,888,1,Content Illustration
Rome_1589,889,1,Content Illustration
Rome_1589,88,1,Content Illustration
Rome_1589,88,2,Content Illustration
Rome_1589,890,1,Content Illustration
Rome_1589,892,1,Content Illustration
Rome_1589,893,1,Content Illustration
Rome_1589,894,1,Content Illustration
Rome_1589,895,1,Content Illustration
Rome_1589,896,1,Content Illustration
Rome_1589,896,2,Content Illustration
Rome_1589,897,1,Content Illustration
Rome_1589,897,2,Content Illustration
Rome_1589,899,1,Content Illustration
Rome_1589,89,1,Content Illustration
Rome_1589,900,1,Content Illustration
Rome_1589,900,2,Content Illustration
Rome_1589,901,1,Content Illustration
Rome_1589,902,1,Content Illustration
Rome_1589,902,2,Content Illustration
Rome_1589,903,1,Content Illustration
Rome_1589,904,1,Content Illustration
Rome_1589,904,2,Content Illustration
Rome_1589,906,1,Content Illustration
Rome_1589,906,2,Content Illustration
Rome_1589,907,1,Content Illustration
Rome_1589,907,2,Content Illustration
Rome_1589,908,1,Content Illustration
Rome_1589,909,1,Content Illustration
Rome_1589,910,1,Content Illustration
Rome_1589,911,1,Content Illustration
Rome_1589,912,1,Content Illustration
Rome_1589,912,2,Content Illustration
Rome_1589,914,1,Content Illustration
Rome_1589,915,1,Content Illustration
Rome_1589,916,1,Content Illustration
Rome_1589,917,1,Content Illustration
Rome_1589,917,2,Content Illustration
Rome_1589,918,1,Content Illustration
Rome_1589,918,2,Content Illustration
Rome_1589,919,1,Content Illustration
Rome_1589,919,2,Content Illustration
Rome_1589,91,1,Content Illustration
Rome_1589,921,1,Content Illustration
Rome_1589,922,1,Content Illustration
Rome_1589,924,1,Content Illustration
Rome_1589,926,1,Content Illustration
Rome_1589,926,2,Content Illustration
Rome_1589,927,1,Content Illustration
Rome_1589,928,1,Content Illustration
Rome_1589,929,1,Content Illustration
Rome_1589,930,1,Content Illustration
Rome_1589,931,1,Content Illustration
Rome_1589,932,1,Content Illustration
Rome_1589,933,1,Content Illustration
Rome_1589,935,1,Content Illustration
Rome_1589,936,1,Content Illustration
Rome_1589,936,2,Content Illustration
Rome_1589,938,1,Content Illustration
Rome_1589,940,1,Content Illustration
Rome_1589,942,1,Content Illustration
Rome_1589,944,1,Content Illustration
Rome_1589,946,1,Content Illustration
Rome_1589,95,1,Content Illustration
Rome_1589,96,1,Content Illustration
Rome_1589,97,1,Content Illustration
Rome_1589,98,1,Content Illustration
Rome_1589,99,1,Content Illustration
Rome_1589,99,2,Content Illustration
Rome_1589,99,3,Content Illustration
Rome_1589,6,1,bird
Rome_1589,8,1,bird
Rome_1589,8,2,bird
Rome_1589,18,1,bird
Rome_1589,18,2,bird
Rome_1589,18,3,bird
Rome_1589,22,1,bird
Rome_1589,22,2,bird
Rome_1589,26,1,bird
Rome_1589,27,1,bird
Rome_1589,32,1,bird
Rome_1589,32,2,bird
Rome_1589,34,1,bird
Rome_1589,34,2,bird
Rome_1589,34,3,bird
Rome_1589,34,4,bird
Rome_1589,34,5,bird
Rome_1589,34,6,bird
Rome_1589,34,7,bird
Rome_1589,38,1,bird
Rome_1589,47,1,bird
Rome_1589,47,2,bird
Rome_1589,50,1,bird
Rome_1589,55,1,bird
Rome_1589,56,1,bird
Rome_1589,56,2,bird
Rome_1589,56,3,bird
Rome_1589,56,4,bird
Rome_1589,56,5,bird
Rome_1589,59,1,bird
Rome_1589,59,2,bird
Rome_1589,59,3,bird
Rome_1589,60,1,bird
Rome_1589,60,2,bird
Rome_1589,69,1,bird
Rome_1589,70,1,bird
Rome_1589,70,2,bird
Rome_1589,71,1,bird
Rome_1589,75,1,bird
Rome_1589,76,1,bird
Rome_1589,78,1,bird
Rome_1589,78,2,bird
Rome_1589,78,3,bird
Rome_1589,78,4,bird
Rome_1589,78,5,bird
Rome_1589,81,1,bird
Rome_1589,86,1,bird
Rome_1589,86,2,bird
Rome_1589,88,1,bird
Rome_1589,88,2,bird
Rome_1589,90,1,bird
Rome_1589,90,2,bird
Rome_1589,90,3,bird
Rome_1589,90,4,bird
Rome_1589,97,1,bird
Rome_1589,97,2,bird
Rome_1589,102,1,bird
Rome_1589,104,1,bird
Rome_1589,104,2,bird
Rome_1589,104,3,bird
Rome_1589,104,4,bird
Rome_1589,104,5,bird
Rome_1589,104,6,bird
Rome_1589,108,1,bird
Rome_1589,108,2,bird
Rome_1589,108,3,bird
Rome_1589,108,4,bird
Rome_1589,108,5,bird
Rome_1589,108,6,bird
Rome_1589,108,7,bird
Rome_1589,108,8,bird
Rome_1589,108,9,bird
Rome_1589,108,10,bird
Rome_1589,108,11,bird
Rome_1589,108,12,bird
Rome_1589,108,13,bird
Rome_1589,108,14,bird
Rome_1589,110,1,bird
Rome_1589,114,1,bird
Rome_1589,115,1,bird
Rome_1589,115,2,bird
Rome_1589,115,3,bird
Rome_1589,120,1,bird
Rome_1589,124,1,bird
Rome_1589,127,1,bird
Rome_1589,127,2,bird
Rome_1589,127,3,bird
Rome_1589,128,1,bird
Rome_1589,132,1,bird
Rome_1589,132,2,bird
Rome_1589,132,3,bird
Rome_1589,133,1,bird
Rome_1589,134,1,bird
Rome_1589,164,1,bird
Rome_1589,164,2,bird
Rome_1589,164,3,bird
Rome_1589,164,4,bird
Rome_1589,164,5,bird
Rome_1589,168,1,bird
Rome_1589,178,1,bird
Rome_1589,180,1,bird
Rome_1589,180,2,bird
Rome_1589,180,3,bird
Rome_1589,184,1,bird
Rome_1589,188,1,bird
Rome_1589,188,2,bird
Rome_1589,188,3,bird
Rome_1589,188,4,bird
Rome_1589,188,5,bird
Rome_1589,190,1,bird
Rome_1589,190,2,bird
Rome_1589,190,3,bird
Rome_1589,190,4,bird
Rome_1589,194,1,bird
Rome_1589,194,2,bird
Rome_1589,200,1,bird
Rome_1589,200,2,bird
Rome_1589,204,1,bird
Rome_1589,204,2,bird
Rome_1589,204,3,bird
Rome_1589,204,4,bird
Rome_1589,204,5,bird
Rome_1589,204,6,bird
Rome_1589,204,7,bird
Rome_1589,204,8,bird
Rome_1589,205,1,bird
Rome_1589,206,1,bird
Rome_1589,206,2,bird
Rome_1589,206,3,bird
Rome_1589,206,4,bird
Rome_1589,206,5,bird
Rome_1589,206,6,bird
Rome_1589,206,7,bird
Rome_1589,208,1,bird
Rome_1589,208,2,bird
Rome_1589,212,1,bird
Rome_1589,212,2,bird
Rome_1589,212,3,bird
Rome_1589,212,4,bird
Rome_1589,214,1,bird
Rome_1589,214,2,bird
Rome_1589,216,1,bird
Rome_1589,216,2,bird
Rome_1589,216,3,bird
Rome_1589,216,4,bird
Rome_1589,216,5,bird
Rome_1589,217,1,bird
Rome_1589,222,1,bird
Rome_1589,228,1,bird
Rome_1589,228,2,bird
Rome_1589,228,3,bird
Rome_1589,228,4,bird
Rome_1589,228,5,bird
Rome_1589,230,1,bird
Rome_1589,232,1,bird
Rome_1589,232,2,bird
Rome_1589,232,3,bird
Rome_1589,232,4,bird
Rome_1589,232,5,bird
Rome_1589,232,6,bird
Rome_1589,239,1,bird
Rome_1589,239,2,bird
Rome_1589,240,1,bird
Rome_1589,240,2,bird
Rome_1589,246,1,bird
Rome_1589,248,1,bird
Rome_1589,250,1,bird
Rome_1589,252,1,bird
Rome_1589,252,2,bird
Rome_1589,256,1,bird
Rome_1589,256,2,bird
Rome_1589,261,1,bird
Rome_1589,264,1,bird
Rome_1589,264,2,bird
Rome_1589,271,1,bird
Rome_1589,278,1,bird
Rome_1589,284,1,bird
Rome_1589,284,2,bird
Rome_1589,284,3,bird
Rome_1589,287,1,bird
Rome_1589,288,1,bird
Rome_1589,294,1,bird
Rome_1589,296,1,bird
Rome_1589,298,1,bird
Rome_1589,298,2,bird
Rome_1589,298,3,bird
Rome_1589,298,4,bird
Rome_1589,298,5,bird
Rome_1589,300,1,bird
Rome_1589,300,2,bird
Rome_1589,300,3,bird
Rome_1589,300,4,bird
Rome_1589,301,1,bird
Rome_1589,304,1,bird
Rome_1589,304,2,bird
Rome_1589,304,3,bird
Rome_1589,304,4,bird
Rome_1589,304,5,bird
Rome_1589,304,6,bird
Rome_1589,304,7,bird
Rome_1589,304,8,bird
Rome_1589,304,9,bird
Rome_1589,306,1,bird
Rome_1589,306,2,bird
Rome_1589,306,3,bird
Rome_1589,306,4,bird
Rome_1589,306,5,bird
Rome_1589,306,6,bird
Rome_1589,306,7,bird
Rome_1589,306,8,bird
Rome_1589,306,9,bird
Rome_1589,308,1,bird
Rome_1589,308,2,bird
Rome_1589,308,3,bird
Rome_1589,310,1,bird
Rome_1589,314,1,bird
Rome_1589,314,2,bird
Rome_1589,314,3,bird
Rome_1589,315,1,clock
Rome_1589,316,1,bird
Rome_1589,316,2,bird
Rome_1589,321,1,bird
Rome_1589,322,1,bird
Rome_1589,322,2,bird
Rome_1589,322,3,bird
Rome_1589,322,4,bird
Rome_1589,324,1,bird
Rome_1589,326,1,bird
Rome_1589,326,2,bird
Rome_1589,328,1,bird
Rome_1589,328,2,bird
Rome_1589,328,3,bird
Rome_1589,328,4,bird
Rome_1589,332,1,bird
Rome_1589,332,2,bird
Rome_1589,332,3,bird
Rome_1589,332,4,bird
Rome_1589,332,5,bird
Rome_1589,332,6,bird
Rome_1589,332,7,bird
Rome_1589,332,8,bird
Rome_1589,332,9,bird
Rome_1589,334,1,bird
Rome_1589,338,1,bird
Rome_1589,338,2,bird
Rome_1589,338,3,bird
Rome_1589,338,4,bird
Rome_1589,340,1,bird
Rome_1589,342,1,bird
Rome_1589,342,2,bird
Rome_1589,342,3,bird
Rome_1589,344,1,bird
Rome_1589,344,2,bird
Rome_1589,344,3,bird
Rome_1589,344,4,bird
Rome_1589,344,5,bird
Rome_1589,344,6,bird
Rome_1589,344,7,bird
Rome_1589,344,8,bird
Rome_1589,344,9,bird
Rome_1589,344,10,bird
Rome_1589,346,1,bird
Rome_1589,346,2,bird
Rome_1589,346,3,bird
Rome_1589,348,1,bird
Rome_1589,348,2,bird
Rome_1589,348,3,bird
Rome_1589,348,4,bird
Rome_1589,348,5,bird
Rome_1589,348,6,bird
Rome_1589,352,1,bird
Rome_1589,352,2,bird
Rome_1589,352,3,bird
Rome_1589,352,4,bird
Rome_1589,352,5,bird
Rome_1589,352,6,bird
Rome_1589,352,7,bird
Rome_1589,352,8,bird
Rome_1589,352,9,bird
Rome_1589,352,10,bird
Rome_1589,354,1,bird
Rome_1589,356,1,bird
Rome_1589,359,1,person
Rome_1589,359,2,person
Rome_1589,360,1,bird
Rome_1589,360,2,bird
Rome_1589,360,3,bird
Rome_1589,360,4,bird
Rome_1589,360,5,bird
Rome_1589,364,1,bird
Rome_1589,364,2,bird
Rome_1589,364,3,bird
Rome_1589,364,4,bird
Rome_1589,364,5,bird
Rome_1589,364,6,bird
Rome_1589,366,1,bird
Rome_1589,366,2,bird
Rome_1589,366,3,bird
Rome_1589,366,4,bird
Rome_1589,366,5,bird
Rome_1589,368,1,bird
Rome_1589,370,1,bird
Rome_1589,372,1,bird
Rome_1589,372,2,bird
Rome_1589,372,3,bird
Rome_1589,372,4,bird
Rome_1589,372,5,bird
Rome_1589,372,6,bird
Rome_1589,372,7,bird
Rome_1589,372,8,bird
Rome_1589,372,9,bird
Rome_1589,376,1,bird
Rome_1589,378,1,bird
Rome_1589,380,1,bird
Rome_1589,380,2,bird
Rome_1589,382,1,bird
Rome_1589,382,2,bird
Rome_1589,382,3,bird
Rome_1589,382,4,bird
Rome_1589,382,5,bird
Rome_1589,382,6,bird
Rome_1589,384,1,bird
Rome_1589,384,2,bird
Rome_1589,384,3,bird
Rome_1589,390,1,bird
Rome_1589,390,2,bird
Rome_1589,390,3,bird
Rome_1589,390,4,bird
Rome_1589,390,5,bird
Rome_1589,390,6,bird
Rome_1589,390,7,bird
Rome_1589,395,1,bird
Rome_1589,398,1,bird
Rome_1589,398,2,bird
Rome_1589,398,3,bird
Rome_1589,398,4,bird
Rome_1589,398,5,bird
Rome_1589,405,1,bird
Rome_1589,406,1,bird
Rome_1589,408,1,bird
Rome_1589,408,2,bird
Rome_1589,409,1,bird
Rome_1589,411,1,bird
Rome_1589,411,2,bird
Rome_1589,411,3,bird
Rome_1589,411,4,bird
Rome_1589,411,5,bird
Rome_1589,412,1,bird
Rome_1589,412,2,bird
Rome_1589,414,1,bird
Rome_1589,414,2,bird
Rome_1589,414,3,bird
Rome_1589,414,4,bird
Rome_1589,416,1,bird
Rome_1589,416,2,bird
Rome_1589,416,3,bird
Rome_1589,416,4,bird
Rome_1589,422,1,bird
Rome_1589,422,2,bird
Rome_1589,424,1,bird
Rome_1589,424,2,bird
Rome_1589,424,3,bird
Rome_1589,427,1,bird
Rome_1589,427,2,bird
Rome_1589,430,1,bird
Rome_1589,430,2,bird
Rome_1589,430,3,bird
Rome_1589,440,1,bird
Rome_1589,440,2,bird
Rome_1589,440,3,bird
Rome_1589,440,4,bird
Rome_1589,440,5,bird
Rome_1589,443,1,bird
Rome_1589,444,1,bird
Rome_1589,449,1,bird
Rome_1589,450,1,bird
Rome_1589,450,2,bird
Rome_1589,450,3,bird
Rome_1589,453,1,bird
Rome_1589,453,2,bird
Rome_1589,458,1,bird
Rome_1589,458,2,bird
Rome_1589,458,3,bird
Rome_1589,458,4,bird
Rome_1589,458,5,bird
Rome_1589,458,6,bird
Rome_1589,461,1,bird
Rome_1589,461,2,bird
Rome_1589,461,3,bird
Rome_1589,461,4,bird
Rome_1589,462,1,bird
Rome_1589,462,2,bird
Rome_1589,462,3,bird
Rome_1589,464,1,bird
Rome_1589,464,2,bird
Rome_1589,464,3,bird
Rome_1589,464,4,bird
Rome_1589,464,5,bird
Rome_1589,465,1,bird
Rome_1589,465,2,bird
Rome_1589,465,3,bird
Rome_1589,468,1,bird
Rome_1589,468,2,bird
Rome_1589,468,3,bird
Rome_1589,468,4,bird
Rome_1589,468,5,bird
Rome_1589,469,1,bird
Rome_1589,470,1,bird
Rome_1589,470,2,bird
Rome_1589,472,1,bird
Rome_1589,474,1,bird
Rome_1589,479,1,bird
Rome_1589,480,1,bird
Rome_1589,480,2,bird
Rome_1589,481,1,bird
Rome_1589,482,1,bird
Rome_1589,482,2,bird
Rome_1589,484,1,bird
Rome_1589,484,2,bird
Rome_1589,488,1,bird
Rome_1589,488,2,bird
Rome_1589,488,3,bird
Rome_1589,488,4,bird
Rome_1589,488,5,bird
Rome_1589,496,1,bird
Rome_1589,498,1,bird
Rome_1589,498,2,bird
Rome_1589,498,3,bird
Rome_1589,501,1,bird
Rome_1589,504,1,bird
Rome_1589,508,1,bird
Rome_1589,508,2,bird
Rome_1589,508,3,bird
Rome_1589,508,4,bird
Rome_1589,508,5,bird
Rome_1589,508,6,bird
Rome_1589,509,1,bird
Rome_1589,510,1,bird
Rome_1589,510,2,bird
Rome_1589,510,3,bird
Rome_1589,510,4,bird
Rome_1589,511,1,bird
Rome_1589,511,2,bird
Rome_1589,512,1,bird
Rome_1589,516,1,bird
Rome_1589,516,2,bird
Rome_1589,516,3,bird
Rome_1589,516,4,bird
Rome_1589,516,5,bird
Rome_1589,519,1,bird
Rome_1589,520,1,bird
Rome_1589,526,1,bird
Rome_1589,526,2,bird
Rome_1589,526,3,bird
Rome_1589,526,4,bird
Rome_1589,526,5,bird
Rome_1589,526,6,bird
Rome_1589,526,7,bird
Rome_1589,526,8,bird
Rome_1589,526,9,bird
Rome_1589,526,10,bird
Rome_1589,526,11,bird
Rome_1589,529,1,bird
Rome_1589,529,2,bird
Rome_1589,529,3,bird
Rome_1589,529,4,bird
Rome_1589,532,1,bird
Rome_1589,532,2,bird
Rome_1589,532,3,bird
Rome_1589,532,4,bird
Rome_1589,536,1,bird
Rome_1589,538,1,bird
Rome_1589,538,2,bird
Rome_1589,542,1,bird
Rome_1589,542,2,bird
Rome_1589,542,3,bird
Rome_1589,542,4,bird
Rome_1589,545,1,bird
Rome_1589,549,1,bird
Rome_1589,549,2,bird
Rome_1589,552,1,bird
Rome_1589,554,1,bird
Rome_1589,554,2,bird
Rome_1589,566,1,bird
Rome_1589,566,2,bird
Rome_1589,566,3,bird
Rome_1589,566,4,bird
Rome_1589,567,1,clock
Rome_1589,568,1,bird
Rome_1589,568,2,bird
Rome_1589,568,3,bird
Rome_1589,568,4,bird
Rome_1589,572,1,bird
Rome_1589,580,1,bird
Rome_1589,580,2,bird
Rome_1589,580,3,bird
Rome_1589,581,1,bird
Rome_1589,581,2,bird
Rome_1589,582,1,bird
Rome_1589,582,2,bird
Rome_1589,582,3,bird
Rome_1589,584,1,bird
Rome_1589,584,1,clock
Rome_1589,585,1,clock
Rome_1589,586,1,bird
Rome_1589,586,2,bird
Rome_1589,590,1,bird
Rome_1589,590,2,bird
Rome_1589,590,3,bird
Rome_1589,590,4,bird
Rome_1589,590,5,bird
Rome_1589,590,6,bird
Rome_1589,590,7,bird
Rome_1589,590,8,bird
Rome_1589,590,9,bird
Rome_1589,590,10,bird
Rome_1589,595,1,clock
Rome_1589,602,1,bird
Rome_1589,606,1,bird
Rome_1589,606,2,bird
Rome_1589,606,3,bird
Rome_1589,606,4,bird
Rome_1589,606,5,bird
Rome_1589,606,6,bird
Rome_1589,606,7,bird
Rome_1589,606,8,bird
Rome_1589,606,9,bird
Rome_1589,606,10,bird
Rome_1589,609,1,bird
Rome_1589,610,1,bird
Rome_1589,612,1,bird
Rome_1589,612,2,bird
Rome_1589,612,3,bird
Rome_1589,612,4,bird
Rome_1589,612,5,bird
Rome_1589,612,6,bird
Rome_1589,612,7,bird
Rome_1589,612,8,bird
Rome_1589,612,9,bird
Rome_1589,612,10,bird
Rome_1589,616,1,bird
Rome_1589,616,2,bird
Rome_1589,616,3,bird
Rome_1589,616,4,bird
Rome_1589,616,5,bird
Rome_1589,616,6,bird
Rome_1589,618,1,bird
Rome_1589,618,2,bird
Rome_1589,618,3,bird
Rome_1589,618,4,bird
Rome_1589,618,5,bird
Rome_1589,618,6,bird
Rome_1589,618,7,bird
Rome_1589,618,8,bird
Rome_1589,618,9,bird
Rome_1589,619,1,bird
Rome_1589,619,2,bird
Rome_1589,619,3,bird
Rome_1589,622,1,bird
Rome_1589,622,2,bird
Rome_1589,624,1,bird
Rome_1589,630,1,bird
Rome_1589,630,2,bird
Rome_1589,631,1,clock
Rome_1589,632,1,bird
Rome_1589,632,2,bird
Rome_1589,632,3,bird
Rome_1589,632,4,bird
Rome_1589,632,5,bird
Rome_1589,632,6,bird
Rome_1589,632,7,bird
Rome_1589,632,8,bird
Rome_1589,632,9,bird
Rome_1589,638,1,bird
Rome_1589,639,1,clock
Rome_1589,640,1,bird
Rome_1589,640,2,bird
Rome_1589,640,3,bird
Rome_1589,642,1,bird
Rome_1589,644,1,bird
Rome_1589,644,2,bird
Rome_1589,644,3,bird
Rome_1589,644,4,bird
Rome_1589,648,1,bird
Rome_1589,648,2,bird
Rome_1589,648,3,bird
Rome_1589,648,4,bird
Rome_1589,648,5,bird
Rome_1589,648,6,bird
Rome_1589,650,1,clock
Rome_1589,654,1,bird
Rome_1589,654,2,bird
Rome_1589,654,3,bird
Rome_1589,658,1,clock
Rome_1589,658,2,clock
Rome_1589,659,1,clock
Rome_1589,660,1,clock
Rome_1589,662,1,clock
Rome_1589,662,2,clock
Rome_1589,662,3,clock
Rome_1589,662,4,clock
Rome_1589,663,1,clock
Rome_1589,663,2,clock
Rome_1589,664,1,bird
Rome_1589,664,2,bird
Rome_1589,664,3,bird
Rome_1589,664,4,bird
Rome_1589,665,1,clock
Rome_1589,665,2,clock
Rome_1589,665,3,clock
Rome_1589,665,4,clock
Rome_1589,667,1,clock
Rome_1589,667,2,clock
Rome_1589,667,3,clock
Rome_1589,667,4,clock
Rome_1589,676,1,bird
Rome_1589,676,2,bird
Rome_1589,676,3,bird
Rome_1589,676,4,bird
Rome_1589,676,5,bird
Rome_1589,676,6,bird
Rome_1589,678,1,clock
Rome_1589,681,1,clock
Rome_1589,682,1,bird
Rome_1589,682,2,bird
Rome_1589,683,1,clock
Rome_1589,689,1,clock
Rome_1589,691,1,kite
Rome_1589,696,1,bird
Rome_1589,696,2,bird
Rome_1589,696,3,bird
Rome_1589,700,1,bird
Rome_1589,700,2,bird
Rome_1589,707,1,clock
Rome_1589,710,1,bird
Rome_1589,710,2,bird
Rome_1589,712,1,bird
Rome_1589,712,2,bird
Rome_1589,715,1,clock
Rome_1589,717,1,clock
Rome_1589,719,1,clock
Rome_1589,720,1,clock
Rome_1589,724,1,bird
Rome_1589,726,1,bird
Rome_1589,726,2,bird
Rome_1589,733,1,clock
Rome_1589,737,1,clock
Rome_1589,739,1,clock
Rome_1589,741,1,bird
Rome_1589,741,2,bird
Rome_1589,741,1,clock
Rome_1589,743,1,bird
Rome_1589,744,1,bird
Rome_1589,748,1,bird
Rome_1589,750,1,bird
Rome_1589,750,2,bird
Rome_1589,753,1,clock
Rome_1589,758,1,bird
Rome_1589,765,1,clock
Rome_1589,766,1,bird
Rome_1589,766,2,bird
Rome_1589,766,3,bird
Rome_1589,766,4,bird
Rome_1589,766,5,bird
Rome_1589,766,6,bird
Rome_1589,766,7,bird
Rome_1589,769,1,clock
Rome_1589,775,1,clock
Rome_1589,776,1,bird
Rome_1589,776,2,bird
Rome_1589,779,1,clock
Rome_1589,781,1,bird
Rome_1589,786,1,bird
Rome_1589,786,2,bird
Rome_1589,786,1,clock
Rome_1589,787,1,clock
Rome_1589,788,1,bird
Rome_1589,788,2,bird
Rome_1589,793,1,bird
Rome_1589,798,1,bird
Rome_1589,798,2,bird
Rome_1589,801,1,clock
Rome_1589,802,1,bird
Rome_1589,803,1,bird
Rome_1589,804,1,bird
Rome_1589,804,2,bird
Rome_1589,805,1,bird
Rome_1589,807,1,bird
Rome_1589,808,1,bird
Rome_1589,815,1,clock
Rome_1589,820,1,bird
Rome_1589,820,2,bird
Rome_1589,822,1,bird
Rome_1589,824,1,bird
Rome_1589,824,2,bird
Rome_1589,824,3,bird
Rome_1589,824,4,bird
Rome_1589,824,5,bird
Rome_1589,824,6,bird
Rome_1589,824,7,bird
Rome_1589,824,8,bird
Rome_1589,824,9,bird
Rome_1589,824,10,bird
Rome_1589,829,1,bird
Rome_1589,831,1,clock
Rome_1589,831,2,clock
Rome_1589,832,1,bird
Rome_1589,833,1,bird
Rome_1589,833,1,clock
Rome_1589,835,1,clock
Rome_1589,837,1,clock
Rome_1589,839,1,clock
Rome_1589,840,1,bird
Rome_1589,840,2,bird
Rome_1589,841,1,clock
Rome_1589,844,1,clock
Rome_1589,845,1,clock
Rome_1589,846,1,bird
Rome_1589,846,2,bird
Rome_1589,846,3,bird
Rome_1589,846,4,bird
Rome_1589,847,1,clock
Rome_1589,849,1,clock
Rome_1589,854,1,bird
Rome_1589,854,2,bird
Rome_1589,854,3,bird
Rome_1589,854,1,clock
Rome_1589,855,1,clock
Rome_1589,856,1,bird
Rome_1589,856,2,bird
Rome_1589,856,3,bird
Rome_1589,856,4,bird
Rome_1589,856,5,bird
Rome_1589,856,6,bird
Rome_1589,856,1,clock
Rome_1589,857,1,bird
Rome_1589,857,2,bird
Rome_1589,857,3,bird
Rome_1589,857,4,bird
Rome_1589,857,1,clock
Rome_1589,859,1,clock
Rome_1589,860,1,bird
Rome_1589,860,2,bird
Rome_1589,860,3,bird
Rome_1589,860,4,bird
Rome_1589,860,5,bird
Rome_1589,860,6,bird
Rome_1589,860,7,bird
Rome_1589,860,8,bird
Rome_1589,860,9,bird
Rome_1589,861,1,clock
Rome_1589,862,1,bird
Rome_1589,862,2,bird
Rome_1589,862,3,bird
Rome_1589,862,4,bird
Rome_1589,862,5,bird
Rome_1589,863,1,bird
Rome_1589,863,2,bird
Rome_1589,863,1,clock
Rome_1589,864,1,bird
Rome_1589,865,1,bird
Rome_1589,866,1,bird
Rome_1589,868,1,bird
Rome_1589,869,1,clock
Rome_1589,871,1,bird
Rome_1589,871,2,bird
Rome_1589,872,1,bird
Rome_1589,872,2,bird
Rome_1589,872,3,bird
Rome_1589,879,1,clock
Rome_1589,880,1,bird
Rome_1589,881,1,clock
Rome_1589,885,1,bird
Rome_1589,894,1,bird
Rome_1589,894,2,bird
Rome_1589,894,3,bird
Rome_1589,894,1,clock
Rome_1589,895,1,clock
Rome_1589,895,2,clock
Rome_1589,897,1,clock
Rome_1589,898,1,bird
Rome_1589,904,1,bird
Rome_1589,907,1,clock
Rome_1589,910,1,clock
Rome_1589,911,1,clock
Rome_1589,917,1,bird
Rome_1589,919,1,clock
Rome_1589,920,1,bird
Rome_1589,920,2,bird
Rome_1589,925,1,clock
Rome_1589,926,1,bird
Rome_1589,927,1,clock
Rome_1589,932,1,bird
Rome_1589,932,2,bird
Rome_1589,933,1,clock
Rome_1589,935,1,bird
Rome_1589,935,1,clock
Rome_1589,937,1,clock
Rome_1589,939,1,clock
Rome_1589,940,1,bird
Rome_1589,940,2,bird
Rome_1589,940,3,bird
Rome_1589,940,4,bird
Rome_1589,940,5,bird
Rome_1589,940,6,bird
Rome_1589,940,7,bird
Rome_1589,941,1,clock
Rome_1589,945,1,bird
Rome_1589,945,2,bird
Rome_1589,946,1,bird
Rome_1589,946,2,bird
Rome_1589,948,1,bird
Rome_1589,952,1,bird
Rome_1589,953,1,clock
Rome_1589,957,1,clock
Rome_1589,959,1,clock
Rome_1589,961,1,clock
Rome_1589,980,1,book
Rome_1589,982,1,book
Rome_1589,986,1,book
Rome_1589,988,1,book
Rome_1589,991,1,bird
Rome_1589,1002,1,book
Rome_1589,1015,1,book
Rome_1589,1020,1,book
Rome_1589,1030,1,book
Rome_1589,1040,1,book
Rome_1589,1050,1,book
Rome_1589,1062,1,person
Rome_1589,1063,1,toilet
Cologne_1591,100,1,Content Illustration
Cologne_1591,100,2,Content Illustration
Cologne_1591,100,3,Content Illustration
Cologne_1591,100,4,Content Illustration
Cologne_1591,101,1,Content Illustration
Cologne_1591,101,2,Content Illustration
Cologne_1591,101,3,Content Illustration
Cologne_1591,101,4,Content Illustration
Cologne_1591,101,5,Content Illustration
Cologne_1591,102,1,Content Illustration
Cologne_1591,102,2,Content Illustration
Cologne_1591,102,3,Content Illustration
Cologne_1591,102,4,Content Illustration
Cologne_1591,103,1,Content Illustration
Cologne_1591,103,2,Content Illustration
Cologne_1591,103,3,Content Illustration
Cologne_1591,103,4,Content Illustration
Cologne_1591,104,1,Content Illustration
Cologne_1591,104,2,Content Illustration
Cologne_1591,104,3,Content Illustration
Cologne_1591,105,1,Content Illustration
Cologne_1591,105,2,Content Illustration
Cologne_1591,105,3,Content Illustration
Cologne_1591,107,1,Content Illustration
Cologne_1591,107,2,Content Illustration
Cologne_1591,107,3,Content Illustration
Cologne_1591,107,4,Content Illustration
Cologne_1591,107,5,Content Illustration
Cologne_1591,108,1,Content Illustration
Cologne_1591,108,2,Content Illustration
Cologne_1591,108,3,Content Illustration
Cologne_1591,108,4,Content Illustration
Cologne_1591,109,1,Content Illustration
Cologne_1591,109,2,Content Illustration
Cologne_1591,109,3,Content Illustration
Cologne_1591,110,1,Content Illustration
Cologne_1591,110,2,Content Illustration
Cologne_1591,111,1,Content Illustration
Cologne_1591,111,2,Content Illustration
Cologne_1591,112,1,Content Illustration
Cologne_1591,112,2,Content Illustration
Cologne_1591,113,1,Content Illustration
Cologne_1591,113,2,Content Illustration
Cologne_1591,114,1,Content Illustration
Cologne_1591,114,2,Content Illustration
Cologne_1591,115,1,Content Illustration
Cologne_1591,115,2,Content Illustration
Cologne_1591,115,3,Content Illustration
Cologne_1591,115,4,Content Illustration
Cologne_1591,115,5,Content Illustration
Cologne_1591,116,1,Content Illustration
Cologne_1591,116,2,Content Illustration
Cologne_1591,116,3,Content Illustration
Cologne_1591,116,4,Content Illustration
Cologne_1591,117,1,Content Illustration
Cologne_1591,117,2,Content Illustration
Cologne_1591,118,1,Content Illustration
Cologne_1591,118,2,Content Illustration
Cologne_1591,118,3,Content Illustration
Cologne_1591,118,4,Content Illustration
Cologne_1591,119,1,Content Illustration
Cologne_1591,119,2,Content Illustration
Cologne_1591,119,3,Content Illustration
Cologne_1591,120,1,Content Illustration
Cologne_1591,120,2,Content Illustration
Cologne_1591,121,1,Content Illustration
Cologne_1591,122,1,Content Illustration
Cologne_1591,122,2,Content Illustration
Cologne_1591,122,3,Content Illustration
Cologne_1591,124,1,Content Illustration
Cologne_1591,124,2,Content Illustration
Cologne_1591,125,1,Content Illustration
Cologne_1591,125,2,Content Illustration
Cologne_1591,126,1,Content Illustration
Cologne_1591,127,1,Content Illustration
Cologne_1591,127,2,Content Illustration
Cologne_1591,128,1,Content Illustration
Cologne_1591,128,2,Content Illustration
Cologne_1591,129,1,Content Illustration
Cologne_1591,129,2,Content Illustration
Cologne_1591,129,3,Content Illustration
Cologne_1591,130,1,Content Illustration
Cologne_1591,130,2,Content Illustration
Cologne_1591,130,3,Content Illustration
Cologne_1591,131,1,Content Illustration
Cologne_1591,131,2,Content Illustration
Cologne_1591,132,1,Content Illustration
Cologne_1591,132,2,Content Illustration
Cologne_1591,133,1,Content Illustration
Cologne_1591,133,2,Content Illustration
Cologne_1591,133,3,Content Illustration
Cologne_1591,133,4,Content Illustration
Cologne_1591,133,5,Content Illustration
Cologne_1591,133,6,Content Illustration
Cologne_1591,134,1,Content Illustration
Cologne_1591,134,2,Content Illustration
Cologne_1591,134,3,Content Illustration
Cologne_1591,135,1,Content Illustration
Cologne_1591,135,2,Content Illustration
Cologne_1591,135,3,Content Illustration
Cologne_1591,136,1,Content Illustration
Cologne_1591,136,2,Content Illustration
Cologne_1591,136,3,Content Illustration
Cologne_1591,136,4,Content Illustration
Cologne_1591,137,1,Content Illustration
Cologne_1591,137,2,Content Illustration
Cologne_1591,137,3,Content Illustration
Cologne_1591,138,1,Content Illustration
Cologne_1591,138,2,Content Illustration
Cologne_1591,138,3,Content Illustration
Cologne_1591,138,4,Content Illustration
Cologne_1591,138,5,Content Illustration
Cologne_1591,139,1,Content Illustration
Cologne_1591,139,2,Content Illustration
Cologne_1591,139,3,Content Illustration
Cologne_1591,140,1,Content Illustration
Cologne_1591,140,2,Content Illustration
Cologne_1591,141,1,Content Illustration
Cologne_1591,141,2,Content Illustration
Cologne_1591,141,3,Content Illustration
Cologne_1591,142,1,Content Illustration
Cologne_1591,142,2,Content Illustration
Cologne_1591,142,3,Content Illustration
Cologne_1591,143,1,Content Illustration
Cologne_1591,143,2,Content Illustration
Cologne_1591,143,3,Content Illustration
Cologne_1591,143,4,Content Illustration
Cologne_1591,143,5,Content Illustration
Cologne_1591,143,6,Content Illustration
Cologne_1591,143,7,Content Illustration
Cologne_1591,144,1,Content Illustration
Cologne_1591,144,2,Content Illustration
Cologne_1591,144,3,Content Illustration
Cologne_1591,144,4,Content Illustration
Cologne_1591,144,5,Content Illustration
Cologne_1591,144,6,Content Illustration
Cologne_1591,145,1,Content Illustration
Cologne_1591,145,2,Content Illustration
Cologne_1591,145,3,Content Illustration
Cologne_1591,145,4,Content Illustration
Cologne_1591,145,5,Content Illustration
Cologne_1591,146,1,Content Illustration
Cologne_1591,146,2,Content Illustration
Cologne_1591,146,3,Content Illustration
Cologne_1591,147,1,Content Illustration
Cologne_1591,147,2,Content Illustration
Cologne_1591,147,3,Content Illustration
Cologne_1591,148,1,Content Illustration
Cologne_1591,148,2,Content Illustration
Cologne_1591,149,1,Content Illustration
Cologne_1591,149,2,Content Illustration
Cologne_1591,150,1,Content Illustration
Cologne_1591,150,2,Content Illustration
Cologne_1591,151,1,Content Illustration
Cologne_1591,151,2,Content Illustration
Cologne_1591,151,3,Content Illustration
Cologne_1591,151,4,Content Illustration
Cologne_1591,152,1,Content Illustration
Cologne_1591,152,2,Content Illustration
Cologne_1591,152,3,Content Illustration
Cologne_1591,153,1,Content Illustration
Cologne_1591,153,2,Content Illustration
Cologne_1591,153,3,Content Illustration
Cologne_1591,154,1,Content Illustration
Cologne_1591,154,2,Content Illustration
Cologne_1591,154,3,Content Illustration
Cologne_1591,155,1,Content Illustration
Cologne_1591,155,2,Content Illustration
Cologne_1591,156,1,Content Illustration
Cologne_1591,156,2,Content Illustration
Cologne_1591,156,3,Content Illustration
Cologne_1591,157,1,Content Illustration
Cologne_1591,157,2,Content Illustration
Cologne_1591,158,1,Content Illustration
Cologne_1591,158,2,Content Illustration
Cologne_1591,159,1,Content Illustration
Cologne_1591,168,1,Content Illustration
Cologne_1591,168,2,Content Illustration
Cologne_1591,168,3,Content Illustration
Cologne_1591,169,1,Content Illustration
Cologne_1591,169,2,Content Illustration
Cologne_1591,169,3,Content Illustration
Cologne_1591,169,4,Content Illustration
Cologne_1591,169,5,Content Illustration
Cologne_1591,170,1,Content Illustration
Cologne_1591,170,2,Content Illustration
Cologne_1591,170,3,Content Illustration
Cologne_1591,170,4,Content Illustration
Cologne_1591,171,1,Content Illustration
Cologne_1591,171,2,Content Illustration
Cologne_1591,172,1,Content Illustration
Cologne_1591,172,2,Content Illustration
Cologne_1591,172,3,Content Illustration
Cologne_1591,172,4,Content Illustration
Cologne_1591,173,1,Content Illustration
Cologne_1591,173,2,Content Illustration
Cologne_1591,173,3,Content Illustration
Cologne_1591,173,4,Content Illustration
Cologne_1591,174,1,Content Illustration
Cologne_1591,174,2,Content Illustration
Cologne_1591,174,3,Content Illustration
Cologne_1591,174,4,Content Illustration
Cologne_1591,174,5,Content Illustration
Cologne_1591,175,1,Content Illustration
Cologne_1591,175,2,Content Illustration
Cologne_1591,175,3,Content Illustration
Cologne_1591,176,1,Content Illustration
Cologne_1591,176,2,Content Illustration
Cologne_1591,176,3,Content Illustration
Cologne_1591,176,4,Content Illustration
Cologne_1591,176,5,Content Illustration
Cologne_1591,176,6,Content Illustration
Cologne_1591,177,1,Content Illustration
Cologne_1591,177,2,Content Illustration
Cologne_1591,177,3,Content Illustration
Cologne_1591,178,1,Content Illustration
Cologne_1591,178,2,Content Illustration
Cologne_1591,178,3,Content Illustration
Cologne_1591,179,1,Content Illustration
Cologne_1591,179,2,Content Illustration
Cologne_1591,179,3,Content Illustration
Cologne_1591,179,4,Content Illustration
Cologne_1591,179,5,Content Illustration
Cologne_1591,180,1,Content Illustration
Cologne_1591,180,2,Content Illustration
Cologne_1591,180,3,Content Illustration
Cologne_1591,180,4,Content Illustration
Cologne_1591,180,5,Content Illustration
Cologne_1591,180,6,Content Illustration
Cologne_1591,181,1,Content Illustration
Cologne_1591,181,2,Content Illustration
Cologne_1591,182,1,Content Illustration
Cologne_1591,182,2,Content Illustration
Cologne_1591,182,3,Content Illustration
Cologne_1591,183,1,Content Illustration
Cologne_1591,183,2,Content Illustration
Cologne_1591,183,3,Content Illustration
Cologne_1591,183,4,Content Illustration
Cologne_1591,184,1,Content Illustration
Cologne_1591,184,2,Content Illustration
Cologne_1591,184,3,Content Illustration
Cologne_1591,185,1,Content Illustration
Cologne_1591,185,2,Content Illustration
Cologne_1591,185,3,Content Illustration
Cologne_1591,186,1,Content Illustration
Cologne_1591,187,1,Content Illustration
Cologne_1591,187,2,Content Illustration
Cologne_1591,188,1,Content Illustration
Cologne_1591,188,2,Content Illustration
Cologne_1591,188,3,Content Illustration
Cologne_1591,189,1,Content Illustration
Cologne_1591,189,2,Content Illustration
Cologne_1591,189,3,Content Illustration
Cologne_1591,190,1,Content Illustration
Cologne_1591,190,2,Content Illustration
Cologne_1591,190,3,Content Illustration
Cologne_1591,190,4,Content Illustration
Cologne_1591,190,5,Content Illustration
Cologne_1591,190,6,Content Illustration
Cologne_1591,191,1,Content Illustration
Cologne_1591,191,2,Content Illustration
Cologne_1591,191,3,Content Illustration
Cologne_1591,192,1,Content Illustration
Cologne_1591,192,2,Content Illustration
Cologne_1591,192,3,Content Illustration
Cologne_1591,192,4,Content Illustration
Cologne_1591,193,1,Content Illustration
Cologne_1591,193,2,Content Illustration
Cologne_1591,193,3,Content Illustration
Cologne_1591,193,4,Content Illustration
Cologne_1591,194,1,Content Illustration
Cologne_1591,194,2,Content Illustration
Cologne_1591,194,3,Content Illustration
Cologne_1591,194,4,Content Illustration
Cologne_1591,194,5,Content Illustration
Cologne_1591,195,1,Content Illustration
Cologne_1591,195,2,Content Illustration
Cologne_1591,196,1,Content Illustration
Cologne_1591,196,2,Content Illustration
Cologne_1591,197,1,Content Illustration
Cologne_1591,197,2,Content Illustration
Cologne_1591,197,3,Content Illustration
Cologne_1591,198,1,Content Illustration
Cologne_1591,198,2,Content Illustration
Cologne_1591,198,3,Content Illustration
Cologne_1591,198,4,Content Illustration
Cologne_1591,199,1,Content Illustration
Cologne_1591,199,2,Content Illustration
Cologne_1591,199,3,Content Illustration
Cologne_1591,199,4,Content Illustration
Cologne_1591,200,1,Content Illustration
Cologne_1591,200,2,Content Illustration
Cologne_1591,201,1,Content Illustration
Cologne_1591,201,2,Content Illustration
Cologne_1591,201,3,Content Illustration
Cologne_1591,201,4,Content Illustration
Cologne_1591,202,1,Content Illustration
Cologne_1591,202,2,Content Illustration
Cologne_1591,202,3,Content Illustration
Cologne_1591,203,1,Content Illustration
Cologne_1591,203,2,Content Illustration
Cologne_1591,203,3,Content Illustration
Cologne_1591,204,1,Content Illustration
Cologne_1591,204,2,Content Illustration
Cologne_1591,205,1,Content Illustration
Cologne_1591,206,1,Content Illustration
Cologne_1591,206,2,Content Illustration
Cologne_1591,207,1,Content Illustration
Cologne_1591,207,2,Content Illustration
Cologne_1591,208,1,Content Illustration
Cologne_1591,208,2,Content Illustration
Cologne_1591,209,1,Content Illustration
Cologne_1591,210,1,Content Illustration
Cologne_1591,210,2,Content Illustration
Cologne_1591,210,3,Content Illustration
Cologne_1591,211,1,Content Illustration
Cologne_1591,212,1,Content Illustration
Cologne_1591,212,2,Content Illustration
Cologne_1591,213,1,Content Illustration
Cologne_1591,214,1,Content Illustration
Cologne_1591,215,1,Content Illustration
Cologne_1591,215,2,Content Illustration
Cologne_1591,216,1,Content Illustration
Cologne_1591,217,1,Content Illustration
Cologne_1591,218,1,Content Illustration
Cologne_1591,23,1,Content Illustration
Cologne_1591,23,2,Content Illustration
Cologne_1591,248,1,Content Illustration
Cologne_1591,24,1,Content Illustration
Cologne_1591,24,2,Content Illustration
Cologne_1591,250,1,Content Illustration
Cologne_1591,250,2,Content Illustration
Cologne_1591,259,1,Content Illustration
Cologne_1591,25,1,Content Illustration
Cologne_1591,25,2,Content Illustration
Cologne_1591,25,3,Content Illustration
Cologne_1591,25,4,Content Illustration
Cologne_1591,260,1,Content Illustration
Cologne_1591,262,1,Content Illustration
Cologne_1591,266,1,Content Illustration
Cologne_1591,268,1,Content Illustration
Cologne_1591,268,2,Content Illustration
Cologne_1591,269,1,Content Illustration
Cologne_1591,26,1,Content Illustration
Cologne_1591,26,2,Content Illustration
Cologne_1591,26,3,Content Illustration
Cologne_1591,270,1,Content Illustration
Cologne_1591,270,2,Content Illustration
Cologne_1591,271,1,Content Illustration
Cologne_1591,272,1,Content Illustration
Cologne_1591,276,1,Content Illustration
Cologne_1591,278,1,Content Illustration
Cologne_1591,278,2,Content Illustration
Cologne_1591,27,1,Content Illustration
Cologne_1591,27,2,Content Illustration
Cologne_1591,27,3,Content Illustration
Cologne_1591,27,4,Content Illustration
Cologne_1591,27,5,Content Illustration
Cologne_1591,27,6,Content Illustration
Cologne_1591,27,7,Content Illustration
Cologne_1591,280,1,Content Illustration
Cologne_1591,280,2,Content Illustration
Cologne_1591,281,1,Content Illustration
Cologne_1591,281,2,Content Illustration
Cologne_1591,282,1,Content Illustration
Cologne_1591,282,2,Content Illustration
Cologne_1591,283,1,Content Illustration
Cologne_1591,283,2,Content Illustration
Cologne_1591,283,3,Content Illustration
Cologne_1591,284,1,Content Illustration
Cologne_1591,284,2,Content Illustration
Cologne_1591,284,3,Content Illustration
Cologne_1591,285,1,Content Illustration
Cologne_1591,286,1,Content Illustration
Cologne_1591,287,1,Content Illustration
Cologne_1591,287,2,Content Illustration
Cologne_1591,288,1,Content Illustration
Cologne_1591,288,2,Content Illustration
Cologne_1591,289,1,Content Illustration
Cologne_1591,289,2,Content Illustration
Cologne_1591,28,1,Content Illustration
Cologne_1591,295,1,Content Illustration
Cologne_1591,295,2,Content Illustration
Cologne_1591,295,3,Content Illustration
Cologne_1591,296,1,Content Illustration
Cologne_1591,296,2,Content Illustration
Cologne_1591,297,1,Content Illustration
Cologne_1591,297,2,Content Illustration
Cologne_1591,298,1,Content Illustration
Cologne_1591,299,1,Content Illustration
Cologne_1591,29,1,Content Illustration
Cologne_1591,29,2,Content Illustration
Cologne_1591,29,3,Content Illustration
Cologne_1591,302,1,Content Illustration
Cologne_1591,303,1,Content Illustration
Cologne_1591,303,2,Content Illustration
Cologne_1591,303,3,Content Illustration
Cologne_1591,304,1,Content Illustration
Cologne_1591,304,2,Content Illustration
Cologne_1591,306,1,Content Illustration
Cologne_1591,306,2,Content Illustration
Cologne_1591,308,1,Content Illustration
Cologne_1591,308,2,Content Illustration
Cologne_1591,308,3,Content Illustration
Cologne_1591,308,4,Content Illustration
Cologne_1591,308,5,Content Illustration
Cologne_1591,309,1,Content Illustration
Cologne_1591,309,2,Content Illustration
Cologne_1591,309,3,Content Illustration
Cologne_1591,309,4,Content Illustration
Cologne_1591,309,5,Content Illustration
Cologne_1591,309,6,Content Illustration
Cologne_1591,30,1,Content Illustration
Cologne_1591,30,2,Content Illustration
Cologne_1591,30,3,Content Illustration
Cologne_1591,310,1,Content Illustration
Cologne_1591,310,2,Content Illustration
Cologne_1591,310,3,Content Illustration
Cologne_1591,311,1,Content Illustration
Cologne_1591,311,2,Content Illustration
Cologne_1591,311,3,Content Illustration
Cologne_1591,314,1,Content Illustration
Cologne_1591,316,1,Content Illustration
Cologne_1591,317,1,Content Illustration
Cologne_1591,317,2,Content Illustration
Cologne_1591,317,3,Content Illustration
Cologne_1591,318,1,Content Illustration
Cologne_1591,318,2,Content Illustration
Cologne_1591,318,3,Content Illustration
Cologne_1591,318,4,Content Illustration
Cologne_1591,319,1,Content Illustration
Cologne_1591,319,2,Content Illustration
Cologne_1591,319,3,Content Illustration
Cologne_1591,31,1,Content Illustration
Cologne_1591,31,2,Content Illustration
Cologne_1591,31,3,Content Illustration
Cologne_1591,320,1,Content Illustration
Cologne_1591,320,2,Content Illustration
Cologne_1591,320,3,Content Illustration
Cologne_1591,321,1,Content Illustration
Cologne_1591,321,2,Content Illustration
Cologne_1591,321,3,Content Illustration
Cologne_1591,322,1,Content Illustration
Cologne_1591,322,2,Content Illustration
Cologne_1591,322,3,Content Illustration
Cologne_1591,323,1,Content Illustration
Cologne_1591,323,2,Content Illustration
Cologne_1591,323,3,Content Illustration
Cologne_1591,324,1,Content Illustration
Cologne_1591,324,2,Content Illustration
Cologne_1591,324,3,Content Illustration
Cologne_1591,325,1,Content Illustration
Cologne_1591,325,2,Content Illustration
Cologne_1591,325,3,Content Illustration
Cologne_1591,325,4,Content Illustration
Cologne_1591,325,5,Content Illustration
Cologne_1591,326,1,Content Illustration
Cologne_1591,327,1,Content Illustration
Cologne_1591,327,2,Content Illustration
Cologne_1591,327,3,Content Illustration
Cologne_1591,327,4,Content Illustration
Cologne_1591,328,1,Content Illustration
Cologne_1591,328,2,Content Illustration
Cologne_1591,328,3,Content Illustration
Cologne_1591,329,1,Content Illustration
Cologne_1591,329,2,Content Illustration
Cologne_1591,329,3,Content Illustration
Cologne_1591,32,1,Content Illustration
Cologne_1591,32,2,Content Illustration
Cologne_1591,32,3,Content Illustration
Cologne_1591,32,4,Content Illustration
Cologne_1591,32,5,Content Illustration
Cologne_1591,330,1,Content Illustration
Cologne_1591,330,2,Content Illustration
Cologne_1591,331,1,Content Illustration
Cologne_1591,331,2,Content Illustration
Cologne_1591,331,3,Content Illustration
Cologne_1591,331,4,Content Illustration
Cologne_1591,331,5,Content Illustration
Cologne_1591,332,1,Content Illustration
Cologne_1591,333,1,Content Illustration
Cologne_1591,334,1,Content Illustration
Cologne_1591,334,2,Content Illustration
Cologne_1591,335,1,Content Illustration
Cologne_1591,335,2,Content Illustration
Cologne_1591,336,1,Content Illustration
Cologne_1591,339,1,Content Illustration
Cologne_1591,339,2,Content Illustration
Cologne_1591,33,1,Content Illustration
Cologne_1591,33,2,Content Illustration
Cologne_1591,33,3,Content Illustration
Cologne_1591,340,1,Content Illustration
Cologne_1591,340,2,Content Illustration
Cologne_1591,340,3,Content Illustration
Cologne_1591,340,4,Content Illustration
Cologne_1591,341,1,Content Illustration
Cologne_1591,341,2,Content Illustration
Cologne_1591,342,1,Content Illustration
Cologne_1591,342,2,Content Illustration
Cologne_1591,342,3,Content Illustration
Cologne_1591,343,1,Content Illustration
Cologne_1591,343,2,Content Illustration
Cologne_1591,344,1,Content Illustration
Cologne_1591,344,2,Content Illustration
Cologne_1591,344,3,Content Illustration
Cologne_1591,345,1,Content Illustration
Cologne_1591,345,2,Content Illustration
Cologne_1591,345,3,Content Illustration
Cologne_1591,346,1,Content Illustration
Cologne_1591,346,2,Content Illustration
Cologne_1591,346,3,Content Illustration
Cologne_1591,346,4,Content Illustration
Cologne_1591,346,5,Content Illustration
Cologne_1591,346,6,Content Illustration
Cologne_1591,347,1,Content Illustration
Cologne_1591,347,2,Content Illustration
Cologne_1591,348,1,Content Illustration
Cologne_1591,348,2,Content Illustration
Cologne_1591,349,1,Content Illustration
Cologne_1591,349,2,Content Illustration
Cologne_1591,349,3,Content Illustration
Cologne_1591,349,4,Content Illustration
Cologne_1591,34,1,Content Illustration
Cologne_1591,34,2,Content Illustration
Cologne_1591,34,3,Content Illustration
Cologne_1591,350,1,Content Illustration
Cologne_1591,350,2,Content Illustration
Cologne_1591,351,1,Content Illustration
Cologne_1591,351,2,Content Illustration
Cologne_1591,351,3,Content Illustration
Cologne_1591,351,4,Content Illustration
Cologne_1591,352,1,Content Illustration
Cologne_1591,352,2,Content Illustration
Cologne_1591,352,3,Content Illustration
Cologne_1591,352,4,Content Illustration
Cologne_1591,352,5,Content Illustration
Cologne_1591,353,1,Content Illustration
Cologne_1591,353,2,Content Illustration
Cologne_1591,353,3,Content Illustration
Cologne_1591,353,4,Content Illustration
Cologne_1591,353,5,Content Illustration
Cologne_1591,354,1,Content Illustration
Cologne_1591,354,2,Content Illustration
Cologne_1591,354,3,Content Illustration
Cologne_1591,354,4,Content Illustration
Cologne_1591,354,5,Content Illustration
Cologne_1591,355,1,Content Illustration
Cologne_1591,355,2,Content Illustration
Cologne_1591,356,1,Content Illustration
Cologne_1591,356,2,Content Illustration
Cologne_1591,356,3,Content Illustration
Cologne_1591,356,4,Content Illustration
Cologne_1591,356,5,Content Illustration
Cologne_1591,356,6,Content Illustration
Cologne_1591,356,7,Content Illustration
Cologne_1591,357,1,Content Illustration
Cologne_1591,357,2,Content Illustration
Cologne_1591,357,3,Content Illustration
Cologne_1591,358,1,Content Illustration
Cologne_1591,359,1,Content Illustration
Cologne_1591,359,2,Content Illustration
Cologne_1591,359,3,Content Illustration
Cologne_1591,359,4,Content Illustration
Cologne_1591,361,1,Content Illustration
Cologne_1591,361,2,Content Illustration
Cologne_1591,361,3,Content Illustration
Cologne_1591,362,1,Content Illustration
Cologne_1591,362,2,Content Illustration
Cologne_1591,363,1,Content Illustration
Cologne_1591,363,2,Content Illustration
Cologne_1591,363,3,Content Illustration
Cologne_1591,364,1,Content Illustration
Cologne_1591,364,2,Content Illustration
Cologne_1591,364,3,Content Illustration
Cologne_1591,364,4,Content Illustration
Cologne_1591,364,5,Content Illustration
Cologne_1591,364,6,Content Illustration
Cologne_1591,364,7,Content Illustration
Cologne_1591,364,8,Content Illustration
Cologne_1591,364,9,Content Illustration
Cologne_1591,365,1,Content Illustration
Cologne_1591,365,2,Content Illustration
Cologne_1591,365,3,Content Illustration
Cologne_1591,365,4,Content Illustration
Cologne_1591,365,5,Content Illustration
Cologne_1591,366,1,Content Illustration
Cologne_1591,366,2,Content Illustration
Cologne_1591,366,3,Content Illustration
Cologne_1591,366,4,Content Illustration
Cologne_1591,366,5,Content Illustration
Cologne_1591,366,6,Content Illustration
Cologne_1591,367,1,Content Illustration
Cologne_1591,367,2,Content Illustration
Cologne_1591,367,3,Content Illustration
Cologne_1591,368,1,Content Illustration
Cologne_1591,368,2,Content Illustration
Cologne_1591,368,3,Content Illustration
Cologne_1591,368,4,Content Illustration
Cologne_1591,369,1,Content Illustration
Cologne_1591,369,2,Content Illustration
Cologne_1591,369,3,Content Illustration
Cologne_1591,36,1,Content Illustration
Cologne_1591,36,2,Content Illustration
Cologne_1591,36,3,Content Illustration
Cologne_1591,370,1,Content Illustration
Cologne_1591,370,2,Content Illustration
Cologne_1591,370,3,Content Illustration
Cologne_1591,370,4,Content Illustration
Cologne_1591,370,5,Content Illustration
Cologne_1591,371,1,Content Illustration
Cologne_1591,371,2,Content Illustration
Cologne_1591,372,1,Content Illustration
Cologne_1591,372,2,Content Illustration
Cologne_1591,372,3,Content Illustration
Cologne_1591,373,1,Content Illustration
Cologne_1591,373,2,Content Illustration
Cologne_1591,373,3,Content Illustration
Cologne_1591,373,4,Content Illustration
Cologne_1591,374,1,Content Illustration
Cologne_1591,374,2,Content Illustration
Cologne_1591,375,1,Content Illustration
Cologne_1591,376,1,Content Illustration
Cologne_1591,377,1,Content Illustration
Cologne_1591,377,2,Content Illustration
Cologne_1591,377,3,Content Illustration
Cologne_1591,378,1,Content Illustration
Cologne_1591,378,2,Content Illustration
Cologne_1591,379,1,Content Illustration
Cologne_1591,379,2,Content Illustration
Cologne_1591,379,3,Content Illustration
Cologne_1591,37,1,Content Illustration
Cologne_1591,37,2,Content Illustration
Cologne_1591,380,1,Content Illustration
Cologne_1591,380,2,Content Illustration
Cologne_1591,381,1,Content Illustration
Cologne_1591,382,1,Content Illustration
Cologne_1591,382,2,Content Illustration
Cologne_1591,382,3,Content Illustration
Cologne_1591,382,4,Content Illustration
Cologne_1591,384,1,Content Illustration
Cologne_1591,38,1,Content Illustration
Cologne_1591,38,2,Content Illustration
Cologne_1591,38,3,Content Illustration
Cologne_1591,38,4,Content Illustration
Cologne_1591,393,1,Content Illustration
Cologne_1591,393,2,Content Illustration
Cologne_1591,397,1,Content Illustration
Cologne_1591,397,2,Content Illustration
Cologne_1591,399,1,Content Illustration
Cologne_1591,39,1,Content Illustration
Cologne_1591,39,2,Content Illustration
Cologne_1591,401,1,Content Illustration
Cologne_1591,402,1,Content Illustration
Cologne_1591,402,2,Content Illustration
Cologne_1591,403,1,Content Illustration
Cologne_1591,404,1,Content Illustration
Cologne_1591,405,1,Content Illustration
Cologne_1591,406,1,Content Illustration
Cologne_1591,407,1,Content Illustration
Cologne_1591,409,1,Content Illustration
Cologne_1591,409,2,Content Illustration
Cologne_1591,410,1,Content Illustration
Cologne_1591,410,2,Content Illustration
Cologne_1591,412,1,Content Illustration
Cologne_1591,413,1,Content Illustration
Cologne_1591,414,1,Content Illustration
Cologne_1591,415,1,Content Illustration
Cologne_1591,416,1,Content Illustration
Cologne_1591,417,1,Content Illustration
Cologne_1591,417,2,Content Illustration
Cologne_1591,417,3,Content Illustration
Cologne_1591,418,1,Content Illustration
Cologne_1591,418,2,Content Illustration
Cologne_1591,418,3,Content Illustration
Cologne_1591,419,1,Content Illustration
Cologne_1591,41,1,Content Illustration
Cologne_1591,41,2,Content Illustration
Cologne_1591,420,1,Content Illustration
Cologne_1591,422,1,Content Illustration
Cologne_1591,422,2,Content Illustration
Cologne_1591,427,1,Content Illustration
Cologne_1591,428,1,Content Illustration
Cologne_1591,42,1,Content Illustration
Cologne_1591,42,2,Content Illustration
Cologne_1591,42,3,Content Illustration
Cologne_1591,42,4,Content Illustration
Cologne_1591,42,5,Content Illustration
Cologne_1591,42,6,Content Illustration
Cologne_1591,42,7,Content Illustration
Cologne_1591,42,8,Content Illustration
Cologne_1591,432,1,Content Illustration
Cologne_1591,432,2,Content Illustration
Cologne_1591,438,1,Content Illustration
Cologne_1591,43,1,Content Illustration
Cologne_1591,43,2,Content Illustration
Cologne_1591,440,1,Content Illustration
Cologne_1591,440,2,Content Illustration
Cologne_1591,440,3,Content Illustration
Cologne_1591,444,1,Content Illustration
Cologne_1591,445,1,Content Illustration
Cologne_1591,445,2,Content Illustration
Cologne_1591,44,1,Content Illustration
Cologne_1591,44,2,Content Illustration
Cologne_1591,44,3,Content Illustration
Cologne_1591,44,4,Content Illustration
Cologne_1591,44,5,Content Illustration
Cologne_1591,44,6,Content Illustration
Cologne_1591,44,7,Content Illustration
Cologne_1591,44,8,Content Illustration
Cologne_1591,450,1,Content Illustration
Cologne_1591,450,2,Content Illustration
Cologne_1591,458,1,Content Illustration
Cologne_1591,458,2,Content Illustration
Cologne_1591,459,1,Content Illustration
Cologne_1591,459,2,Content Illustration
Cologne_1591,459,3,Content Illustration
Cologne_1591,45,1,Content Illustration
Cologne_1591,45,2,Content Illustration
Cologne_1591,45,3,Content Illustration
Cologne_1591,460,1,Content Illustration
Cologne_1591,462,1,Content Illustration
Cologne_1591,462,2,Content Illustration
Cologne_1591,464,1,Content Illustration
Cologne_1591,466,1,Content Illustration
Cologne_1591,467,1,Content Illustration
Cologne_1591,468,1,Content Illustration
Cologne_1591,46,1,Content Illustration
Cologne_1591,46,2,Content Illustration
Cologne_1591,470,1,Content Illustration
Cologne_1591,477,1,Content Illustration
Cologne_1591,477,2,Content Illustration
Cologne_1591,47,1,Content Illustration
Cologne_1591,47,2,Content Illustration
Cologne_1591,47,3,Content Illustration
Cologne_1591,47,4,Content Illustration
Cologne_1591,47,5,Content Illustration
Cologne_1591,47,6,Content Illustration
Cologne_1591,47,7,Content Illustration
Cologne_1591,480,1,Content Illustration
Cologne_1591,480,2,Content Illustration
Cologne_1591,480,3,Content Illustration
Cologne_1591,481,1,Content Illustration
Cologne_1591,488,1,Content Illustration
Cologne_1591,489,1,Content Illustration
Cologne_1591,48,1,Content Illustration
Cologne_1591,48,2,Content Illustration
Cologne_1591,48,3,Content Illustration
Cologne_1591,48,4,Content Illustration
Cologne_1591,492,1,Content Illustration
Cologne_1591,494,1,Content Illustration
Cologne_1591,494,2,Content Illustration
Cologne_1591,494,3,Content Illustration
Cologne_1591,495,1,Content Illustration
Cologne_1591,495,2,Content Illustration
Cologne_1591,496,1,Content Illustration
Cologne_1591,496,2,Content Illustration
Cologne_1591,498,1,Content Illustration
Cologne_1591,499,1,Content Illustration
Cologne_1591,499,2,Content Illustration
Cologne_1591,499,3,Content Illustration
Cologne_1591,49,1,Content Illustration
Cologne_1591,49,2,Content Illustration
Cologne_1591,49,3,Content Illustration
Cologne_1591,501,1,Content Illustration
Cologne_1591,501,2,Content Illustration
Cologne_1591,502,1,Content Illustration
Cologne_1591,506,1,Content Illustration
Cologne_1591,506,2,Content Illustration
Cologne_1591,508,1,Content Illustration
Cologne_1591,50,1,Content Illustration
Cologne_1591,50,2,Content Illustration
Cologne_1591,50,3,Content Illustration
Cologne_1591,50,4,Content Illustration
Cologne_1591,50,5,Content Illustration
Cologne_1591,511,1,Content Illustration
Cologne_1591,511,2,Content Illustration
Cologne_1591,511,3,Content Illustration
Cologne_1591,512,1,Content Illustration
Cologne_1591,512,2,Content Illustration
Cologne_1591,512,3,Content Illustration
Cologne_1591,513,1,Content Illustration
Cologne_1591,514,1,Content Illustration
Cologne_1591,514,2,Content Illustration
Cologne_1591,514,3,Content Illustration
Cologne_1591,515,1,Content Illustration
Cologne_1591,516,1,Content Illustration
Cologne_1591,517,1,Content Illustration
Cologne_1591,518,1,Content Illustration
Cologne_1591,518,2,Content Illustration
Cologne_1591,519,1,Content Illustration
Cologne_1591,519,2,Content Illustration
Cologne_1591,51,1,Content Illustration
Cologne_1591,51,2,Content Illustration
Cologne_1591,51,3,Content Illustration
Cologne_1591,51,4,Content Illustration
Cologne_1591,522,1,Content Illustration
Cologne_1591,523,1,Content Illustration
Cologne_1591,523,2,Content Illustration
Cologne_1591,523,3,Content Illustration
Cologne_1591,524,1,Content Illustration
Cologne_1591,524,2,Content Illustration
Cologne_1591,525,1,Content Illustration
Cologne_1591,525,2,Content Illustration
Cologne_1591,525,3,Content Illustration
Cologne_1591,526,1,Content Illustration
Cologne_1591,526,2,Content Illustration
Cologne_1591,527,1,Content Illustration
Cologne_1591,527,2,Content Illustration
Cologne_1591,528,1,Content Illustration
Cologne_1591,528,2,Content Illustration
Cologne_1591,528,3,Content Illustration
Cologne_1591,529,1,Content Illustration
Cologne_1591,529,2,Content Illustration
Cologne_1591,52,1,Content Illustration
Cologne_1591,52,2,Content Illustration
Cologne_1591,52,3,Content Illustration
Cologne_1591,530,1,Content Illustration
Cologne_1591,530,2,Content Illustration
Cologne_1591,530,3,Content Illustration
Cologne_1591,531,1,Content Illustration
Cologne_1591,531,2,Content Illustration
Cologne_1591,531,3,Content Illustration
Cologne_1591,532,1,Content Illustration
Cologne_1591,532,2,Content Illustration
Cologne_1591,533,1,Content Illustration
Cologne_1591,533,2,Content Illustration
Cologne_1591,533,3,Content Illustration
Cologne_1591,534,1,Content Illustration
Cologne_1591,535,1,Content Illustration
Cologne_1591,536,1,Content Illustration
Cologne_1591,537,1,Content Illustration
Cologne_1591,537,2,Content Illustration
Cologne_1591,537,3,Content Illustration
Cologne_1591,538,1,Content Illustration
Cologne_1591,538,2,Content Illustration
Cologne_1591,539,1,Content Illustration
Cologne_1591,53,1,Content Illustration
Cologne_1591,53,2,Content Illustration
Cologne_1591,53,3,Content Illustration
Cologne_1591,53,4,Content Illustration
Cologne_1591,53,5,Content Illustration
Cologne_1591,540,1,Content Illustration
Cologne_1591,540,2,Content Illustration
Cologne_1591,541,1,Content Illustration
Cologne_1591,541,2,Content Illustration
Cologne_1591,542,1,Content Illustration
Cologne_1591,542,2,Content Illustration
Cologne_1591,543,1,Content Illustration
Cologne_1591,543,2,Content Illustration
Cologne_1591,544,1,Content Illustration
Cologne_1591,544,2,Content Illustration
Cologne_1591,544,3,Content Illustration
Cologne_1591,545,1,Content Illustration
Cologne_1591,545,2,Content Illustration
Cologne_1591,546,1,Content Illustration
Cologne_1591,547,1,Content Illustration
Cologne_1591,547,2,Content Illustration
Cologne_1591,547,3,Content Illustration
Cologne_1591,548,1,Content Illustration
Cologne_1591,548,2,Content Illustration
Cologne_1591,548,3,Content Illustration
Cologne_1591,549,1,Content Illustration
Cologne_1591,54,1,Content Illustration
Cologne_1591,54,2,Content Illustration
Cologne_1591,54,3,Content Illustration
Cologne_1591,54,4,Content Illustration
Cologne_1591,54,5,Content Illustration
Cologne_1591,550,1,Content Illustration
Cologne_1591,550,2,Content Illustration
Cologne_1591,550,3,Content Illustration
Cologne_1591,551,1,Content Illustration
Cologne_1591,551,2,Content Illustration
Cologne_1591,551,3,Content Illustration
Cologne_1591,552,1,Content Illustration
Cologne_1591,552,2,Content Illustration
Cologne_1591,553,1,Content Illustration
Cologne_1591,553,2,Content Illustration
Cologne_1591,554,1,Content Illustration
Cologne_1591,554,2,Content Illustration
Cologne_1591,555,1,Content Illustration
Cologne_1591,555,2,Content Illustration
Cologne_1591,555,3,Content Illustration
Cologne_1591,556,1,Content Illustration
Cologne_1591,556,2,Content Illustration
Cologne_1591,556,3,Content Illustration
Cologne_1591,557,1,Content Illustration
Cologne_1591,557,2,Content Illustration
Cologne_1591,557,3,Content Illustration
Cologne_1591,557,4,Content Illustration
Cologne_1591,558,1,Content Illustration
Cologne_1591,559,1,Content Illustration
Cologne_1591,559,2,Content Illustration
Cologne_1591,559,3,Content Illustration
Cologne_1591,559,4,Content Illustration
Cologne_1591,55,1,Content Illustration
Cologne_1591,55,2,Content Illustration
Cologne_1591,55,3,Content Illustration
Cologne_1591,560,1,Content Illustration
Cologne_1591,560,2,Content Illustration
Cologne_1591,560,3,Content Illustration
Cologne_1591,561,1,Content Illustration
Cologne_1591,561,2,Content Illustration
Cologne_1591,562,1,Content Illustration
Cologne_1591,562,2,Content Illustration
Cologne_1591,563,1,Content Illustration
Cologne_1591,563,2,Content Illustration
Cologne_1591,564,1,Content Illustration
Cologne_1591,564,2,Content Illustration
Cologne_1591,565,1,Content Illustration
Cologne_1591,565,2,Content Illustration
Cologne_1591,565,3,Content Illustration
Cologne_1591,566,1,Content Illustration
Cologne_1591,566,2,Content Illustration
Cologne_1591,567,1,Content Illustration
Cologne_1591,568,1,Content Illustration
Cologne_1591,569,1,Content Illustration
Cologne_1591,569,2,Content Illustration
Cologne_1591,56,1,Content Illustration
Cologne_1591,56,2,Content Illustration
Cologne_1591,570,1,Content Illustration
Cologne_1591,571,1,Content Illustration
Cologne_1591,571,2,Content Illustration
Cologne_1591,572,1,Content Illustration
Cologne_1591,574,1,Content Illustration
Cologne_1591,574,2,Content Illustration
Cologne_1591,574,3,Content Illustration
Cologne_1591,575,1,Content Illustration
Cologne_1591,575,2,Content Illustration
Cologne_1591,575,3,Content Illustration
Cologne_1591,576,1,Content Illustration
Cologne_1591,577,1,Content Illustration
Cologne_1591,577,2,Content Illustration
Cologne_1591,577,3,Content Illustration
Cologne_1591,577,4,Content Illustration
Cologne_1591,577,5,Content Illustration
Cologne_1591,577,6,Content Illustration
Cologne_1591,578,1,Content Illustration
Cologne_1591,578,2,Content Illustration
Cologne_1591,579,1,Content Illustration
Cologne_1591,57,1,Content Illustration
Cologne_1591,57,2,Content Illustration
Cologne_1591,57,3,Content Illustration
Cologne_1591,580,1,Content Illustration
Cologne_1591,580,2,Content Illustration
Cologne_1591,581,1,Content Illustration
Cologne_1591,581,2,Content Illustration
Cologne_1591,582,1,Content Illustration
Cologne_1591,582,2,Content Illustration
Cologne_1591,583,1,Content Illustration
Cologne_1591,583,2,Content Illustration
Cologne_1591,583,3,Content Illustration
Cologne_1591,584,1,Content Illustration
Cologne_1591,584,2,Content Illustration
Cologne_1591,584,3,Content Illustration
Cologne_1591,585,1,Content Illustration
Cologne_1591,585,2,Content Illustration
Cologne_1591,585,3,Content Illustration
Cologne_1591,586,1,Content Illustration
Cologne_1591,586,2,Content Illustration
Cologne_1591,587,1,Content Illustration
Cologne_1591,587,2,Content Illustration
Cologne_1591,587,3,Content Illustration
Cologne_1591,587,4,Content Illustration
Cologne_1591,588,1,Content Illustration
Cologne_1591,588,2,Content Illustration
Cologne_1591,588,3,Content Illustration
Cologne_1591,588,4,Content Illustration
Cologne_1591,589,1,Content Illustration
Cologne_1591,589,2,Content Illustration
Cologne_1591,589,3,Content Illustration
Cologne_1591,589,4,Content Illustration
Cologne_1591,58,1,Content Illustration
Cologne_1591,58,2,Content Illustration
Cologne_1591,58,3,Content Illustration
Cologne_1591,590,1,Content Illustration
Cologne_1591,590,2,Content Illustration
Cologne_1591,590,3,Content Illustration
Cologne_1591,590,4,Content Illustration
Cologne_1591,591,1,Content Illustration
Cologne_1591,591,2,Content Illustration
Cologne_1591,591,3,Content Illustration
Cologne_1591,591,4,Content Illustration
Cologne_1591,592,1,Content Illustration
Cologne_1591,592,2,Content Illustration
Cologne_1591,593,1,Content Illustration
Cologne_1591,593,2,Content Illustration
Cologne_1591,593,3,Content Illustration
Cologne_1591,593,4,Content Illustration
Cologne_1591,593,5,Content Illustration
Cologne_1591,594,1,Content Illustration
Cologne_1591,594,2,Content Illustration
Cologne_1591,594,3,Content Illustration
Cologne_1591,594,4,Content Illustration
Cologne_1591,594,5,Content Illustration
Cologne_1591,594,6,Content Illustration
Cologne_1591,594,7,Content Illustration
Cologne_1591,595,1,Content Illustration
Cologne_1591,595,2,Content Illustration
Cologne_1591,595,3,Content Illustration
Cologne_1591,596,1,Content Illustration
Cologne_1591,596,2,Content Illustration
Cologne_1591,596,3,Content Illustration
Cologne_1591,596,4,Content Illustration
Cologne_1591,596,5,Content Illustration
Cologne_1591,596,6,Content Illustration
Cologne_1591,596,7,Content Illustration
Cologne_1591,597,1,Content Illustration
Cologne_1591,598,1,Content Illustration
Cologne_1591,598,2,Content Illustration
Cologne_1591,599,1,Content Illustration
Cologne_1591,599,2,Content Illustration
Cologne_1591,599,3,Content Illustration
Cologne_1591,59,1,Content Illustration
Cologne_1591,59,2,Content Illustration
Cologne_1591,59,3,Content Illustration
Cologne_1591,59,4,Content Illustration
Cologne_1591,600,1,Content Illustration
Cologne_1591,600,2,Content Illustration
Cologne_1591,600,3,Content Illustration
Cologne_1591,601,1,Content Illustration
Cologne_1591,601,2,Content Illustration
Cologne_1591,601,3,Content Illustration
Cologne_1591,602,1,Content Illustration
Cologne_1591,602,2,Content Illustration
Cologne_1591,602,3,Content Illustration
Cologne_1591,603,1,Content Illustration
Cologne_1591,603,2,Content Illustration
Cologne_1591,604,1,Content Illustration
Cologne_1591,604,2,Content Illustration
Cologne_1591,605,1,Content Illustration
Cologne_1591,606,1,Content Illustration
Cologne_1591,606,2,Content Illustration
Cologne_1591,606,3,Content Illustration
Cologne_1591,606,4,Content Illustration
Cologne_1591,607,1,Content Illustration
Cologne_1591,607,2,Content Illustration
Cologne_1591,608,1,Content Illustration
Cologne_1591,608,2,Content Illustration
Cologne_1591,609,1,Content Illustration
Cologne_1591,609,2,Content Illustration
Cologne_1591,609,3,Content Illustration
Cologne_1591,609,4,Content Illustration
Cologne_1591,609,5,Content Illustration
Cologne_1591,609,6,Content Illustration
Cologne_1591,60,1,Content Illustration
Cologne_1591,60,2,Content Illustration
Cologne_1591,60,3,Content Illustration
Cologne_1591,610,1,Content Illustration
Cologne_1591,610,2,Content Illustration
Cologne_1591,611,1,Content Illustration
Cologne_1591,611,2,Content Illustration
Cologne_1591,611,3,Content Illustration
Cologne_1591,612,1,Content Illustration
Cologne_1591,612,2,Content Illustration
Cologne_1591,612,3,Content Illustration
Cologne_1591,613,1,Content Illustration
Cologne_1591,614,1,Content Illustration
Cologne_1591,614,2,Content Illustration
Cologne_1591,614,3,Content Illustration
Cologne_1591,615,1,Content Illustration
Cologne_1591,615,2,Content Illustration
Cologne_1591,615,3,Content Illustration
Cologne_1591,615,4,Content Illustration
Cologne_1591,615,5,Content Illustration
Cologne_1591,616,1,Content Illustration
Cologne_1591,616,2,Content Illustration
Cologne_1591,617,1,Content Illustration
Cologne_1591,617,2,Content Illustration
Cologne_1591,617,3,Content Illustration
Cologne_1591,618,1,Content Illustration
Cologne_1591,618,2,Content Illustration
Cologne_1591,619,1,Content Illustration
Cologne_1591,619,2,Content Illustration
Cologne_1591,619,3,Content Illustration
Cologne_1591,61,1,Content Illustration
Cologne_1591,61,2,Content Illustration
Cologne_1591,61,3,Content Illustration
Cologne_1591,61,4,Content Illustration
Cologne_1591,620,1,Content Illustration
Cologne_1591,620,2,Content Illustration
Cologne_1591,621,1,Content Illustration
Cologne_1591,621,2,Content Illustration
Cologne_1591,622,1,Content Illustration
Cologne_1591,623,1,Content Illustration
Cologne_1591,623,2,Content Illustration
Cologne_1591,624,1,Content Illustration
Cologne_1591,624,2,Content Illustration
Cologne_1591,624,3,Content Illustration
Cologne_1591,624,4,Content Illustration
Cologne_1591,625,1,Content Illustration
Cologne_1591,625,2,Content Illustration
Cologne_1591,627,1,Content Illustration
Cologne_1591,628,1,Content Illustration
Cologne_1591,629,1,Content Illustration
Cologne_1591,629,2,Content Illustration
Cologne_1591,629,3,Content Illustration
Cologne_1591,629,4,Content Illustration
Cologne_1591,62,1,Content Illustration
Cologne_1591,62,2,Content Illustration
Cologne_1591,62,3,Content Illustration
Cologne_1591,630,1,Content Illustration
Cologne_1591,630,2,Content Illustration
Cologne_1591,631,1,Content Illustration
Cologne_1591,631,2,Content Illustration
Cologne_1591,632,1,Content Illustration
Cologne_1591,632,2,Content Illustration
Cologne_1591,633,1,Content Illustration
Cologne_1591,633,2,Content Illustration
Cologne_1591,634,1,Content Illustration
Cologne_1591,635,1,Content Illustration
Cologne_1591,637,1,Content Illustration
Cologne_1591,637,2,Content Illustration
Cologne_1591,638,1,Content Illustration
Cologne_1591,638,2,Content Illustration
Cologne_1591,638,3,Content Illustration
Cologne_1591,639,1,Content Illustration
Cologne_1591,63,1,Content Illustration
Cologne_1591,63,2,Content Illustration
Cologne_1591,63,3,Content Illustration
Cologne_1591,63,4,Content Illustration
Cologne_1591,63,5,Content Illustration
Cologne_1591,640,1,Content Illustration
Cologne_1591,640,2,Content Illustration
Cologne_1591,641,1,Content Illustration
Cologne_1591,641,2,Content Illustration
Cologne_1591,642,1,Content Illustration
Cologne_1591,642,2,Content Illustration
Cologne_1591,642,3,Content Illustration
Cologne_1591,643,1,Content Illustration
Cologne_1591,643,2,Content Illustration
Cologne_1591,644,1,Content Illustration
Cologne_1591,644,2,Content Illustration
Cologne_1591,644,3,Content Illustration
Cologne_1591,645,1,Content Illustration
Cologne_1591,645,2,Content Illustration
Cologne_1591,646,1,Content Illustration
Cologne_1591,646,2,Content Illustration
Cologne_1591,647,1,Content Illustration
Cologne_1591,647,2,Content Illustration
Cologne_1591,647,3,Content Illustration
Cologne_1591,648,1,Content Illustration
Cologne_1591,649,1,Content Illustration
Cologne_1591,64,1,Content Illustration
Cologne_1591,64,2,Content Illustration
Cologne_1591,64,3,Content Illustration
Cologne_1591,64,4,Content Illustration
Cologne_1591,650,1,Content Illustration
Cologne_1591,650,2,Content Illustration
Cologne_1591,651,1,Content Illustration
Cologne_1591,652,1,Content Illustration
Cologne_1591,652,2,Content Illustration
Cologne_1591,652,3,Content Illustration
Cologne_1591,652,4,Content Illustration
Cologne_1591,653,1,Content Illustration
Cologne_1591,653,2,Content Illustration
Cologne_1591,654,1,Content Illustration
Cologne_1591,654,2,Content Illustration
Cologne_1591,654,3,Content Illustration
Cologne_1591,655,1,Content Illustration
Cologne_1591,655,2,Content Illustration
Cologne_1591,655,3,Content Illustration
Cologne_1591,656,1,Content Illustration
Cologne_1591,656,2,Content Illustration
Cologne_1591,657,1,Content Illustration
Cologne_1591,657,2,Content Illustration
Cologne_1591,658,1,Content Illustration
Cologne_1591,659,1,Content Illustration
Cologne_1591,65,1,Content Illustration
Cologne_1591,65,2,Content Illustration
Cologne_1591,65,3,Content Illustration
Cologne_1591,65,4,Content Illustration
Cologne_1591,661,1,Content Illustration
Cologne_1591,662,1,Content Illustration
Cologne_1591,662,2,Content Illustration
Cologne_1591,663,1,Content Illustration
Cologne_1591,665,1,Content Illustration
Cologne_1591,667,1,Content Illustration
Cologne_1591,668,1,Content Illustration
Cologne_1591,669,1,Content Illustration
Cologne_1591,669,2,Content Illustration
Cologne_1591,66,1,Content Illustration
Cologne_1591,66,2,Content Illustration
Cologne_1591,66,3,Content Illustration
Cologne_1591,66,4,Content Illustration
Cologne_1591,670,1,Content Illustration
Cologne_1591,670,2,Content Illustration
Cologne_1591,670,3,Content Illustration
Cologne_1591,671,1,Content Illustration
Cologne_1591,671,2,Content Illustration
Cologne_1591,672,1,Content Illustration
Cologne_1591,673,1,Content Illustration
Cologne_1591,673,2,Content Illustration
Cologne_1591,674,1,Content Illustration
Cologne_1591,674,2,Content Illustration
Cologne_1591,675,1,Content Illustration
Cologne_1591,675,2,Content Illustration
Cologne_1591,676,1,Content Illustration
Cologne_1591,676,2,Content Illustration
Cologne_1591,677,1,Content Illustration
Cologne_1591,677,2,Content Illustration
Cologne_1591,678,1,Content Illustration
Cologne_1591,678,2,Content Illustration
Cologne_1591,679,1,Content Illustration
Cologne_1591,679,2,Content Illustration
Cologne_1591,67,1,Content Illustration
Cologne_1591,67,2,Content Illustration
Cologne_1591,67,3,Content Illustration
Cologne_1591,680,1,Content Illustration
Cologne_1591,680,2,Content Illustration
Cologne_1591,680,3,Content Illustration
Cologne_1591,681,1,Content Illustration
Cologne_1591,681,2,Content Illustration
Cologne_1591,681,3,Content Illustration
Cologne_1591,682,1,Content Illustration
Cologne_1591,682,2,Content Illustration
Cologne_1591,683,1,Content Illustration
Cologne_1591,683,2,Content Illustration
Cologne_1591,683,3,Content Illustration
Cologne_1591,684,1,Content Illustration
Cologne_1591,684,2,Content Illustration
Cologne_1591,684,3,Content Illustration
Cologne_1591,684,4,Content Illustration
Cologne_1591,685,1,Content Illustration
Cologne_1591,685,2,Content Illustration
Cologne_1591,685,3,Content Illustration
Cologne_1591,685,4,Content Illustration
Cologne_1591,686,1,Content Illustration
Cologne_1591,687,1,Content Illustration
Cologne_1591,687,2,Content Illustration
Cologne_1591,688,1,Content Illustration
Cologne_1591,688,2,Content Illustration
Cologne_1591,688,3,Content Illustration
Cologne_1591,689,1,Content Illustration
Cologne_1591,689,2,Content Illustration
Cologne_1591,68,1,Content Illustration
Cologne_1591,68,2,Content Illustration
Cologne_1591,68,3,Content Illustration
Cologne_1591,690,1,Content Illustration
Cologne_1591,690,2,Content Illustration
Cologne_1591,691,1,Content Illustration
Cologne_1591,691,2,Content Illustration
Cologne_1591,692,1,Content Illustration
Cologne_1591,693,1,Content Illustration
Cologne_1591,693,2,Content Illustration
Cologne_1591,694,1,Content Illustration
Cologne_1591,695,1,Content Illustration
Cologne_1591,696,1,Content Illustration
Cologne_1591,696,2,Content Illustration
Cologne_1591,697,1,Content Illustration
Cologne_1591,697,2,Content Illustration
Cologne_1591,698,1,Content Illustration
Cologne_1591,698,2,Content Illustration
Cologne_1591,699,1,Content Illustration
Cologne_1591,699,2,Content Illustration
Cologne_1591,69,1,Content Illustration
Cologne_1591,69,2,Content Illustration
Cologne_1591,69,3,Content Illustration
Cologne_1591,700,1,Content Illustration
Cologne_1591,701,1,Content Illustration
Cologne_1591,701,2,Content Illustration
Cologne_1591,702,1,Content Illustration
Cologne_1591,702,2,Content Illustration
Cologne_1591,703,1,Content Illustration
Cologne_1591,704,1,Content Illustration
Cologne_1591,704,2,Content Illustration
Cologne_1591,705,1,Content Illustration
Cologne_1591,706,1,Content Illustration
Cologne_1591,707,1,Content Illustration
Cologne_1591,708,1,Content Illustration
Cologne_1591,709,1,Content Illustration
Cologne_1591,709,2,Content Illustration
Cologne_1591,70,1,Content Illustration
Cologne_1591,70,2,Content Illustration
Cologne_1591,70,3,Content Illustration
Cologne_1591,711,1,Content Illustration
Cologne_1591,711,2,Content Illustration
Cologne_1591,712,1,Content Illustration
Cologne_1591,713,1,Content Illustration
Cologne_1591,713,2,Content Illustration
Cologne_1591,714,1,Content Illustration
Cologne_1591,715,1,Content Illustration
Cologne_1591,716,1,Content Illustration
Cologne_1591,716,2,Content Illustration
Cologne_1591,716,3,Content Illustration
Cologne_1591,717,1,Content Illustration
Cologne_1591,717,2,Content Illustration
Cologne_1591,718,1,Content Illustration
Cologne_1591,718,2,Content Illustration
Cologne_1591,719,1,Content Illustration
Cologne_1591,719,2,Content Illustration
Cologne_1591,71,1,Content Illustration
Cologne_1591,71,2,Content Illustration
Cologne_1591,720,1,Content Illustration
Cologne_1591,720,2,Content Illustration
Cologne_1591,721,1,Content Illustration
Cologne_1591,722,1,Content Illustration
Cologne_1591,722,2,Content Illustration
Cologne_1591,723,1,Content Illustration
Cologne_1591,723,2,Content Illustration
Cologne_1591,724,1,Content Illustration
Cologne_1591,725,1,Content Illustration
Cologne_1591,726,1,Content Illustration
Cologne_1591,727,1,Content Illustration
Cologne_1591,728,1,Content Illustration
Cologne_1591,729,1,Content Illustration
Cologne_1591,729,2,Content Illustration
Cologne_1591,729,3,Content Illustration
Cologne_1591,72,1,Content Illustration
Cologne_1591,72,2,Content Illustration
Cologne_1591,730,1,Content Illustration
Cologne_1591,730,2,Content Illustration
Cologne_1591,730,3,Content Illustration
Cologne_1591,731,1,Content Illustration
Cologne_1591,731,2,Content Illustration
Cologne_1591,732,1,Content Illustration
Cologne_1591,733,1,Content Illustration
Cologne_1591,733,2,Content Illustration
Cologne_1591,735,1,Content Illustration
Cologne_1591,737,1,Content Illustration
Cologne_1591,73,1,Content Illustration
Cologne_1591,73,2,Content Illustration
Cologne_1591,73,3,Content Illustration
Cologne_1591,740,1,Content Illustration
Cologne_1591,740,2,Content Illustration
Cologne_1591,740,3,Content Illustration
Cologne_1591,741,1,Content Illustration
Cologne_1591,741,2,Content Illustration
Cologne_1591,741,3,Content Illustration
Cologne_1591,742,1,Content Illustration
Cologne_1591,742,2,Content Illustration
Cologne_1591,74,1,Content Illustration
Cologne_1591,75,1,Content Illustration
Cologne_1591,75,2,Content Illustration
Cologne_1591,75,3,Content Illustration
Cologne_1591,76,1,Content Illustration
Cologne_1591,76,2,Content Illustration
Cologne_1591,76,3,Content Illustration
Cologne_1591,76,4,Content Illustration
Cologne_1591,77,1,Content Illustration
Cologne_1591,77,2,Content Illustration
Cologne_1591,77,3,Content Illustration
Cologne_1591,77,4,Content Illustration
Cologne_1591,788,1,Content Illustration
Cologne_1591,78,1,Content Illustration
Cologne_1591,78,2,Content Illustration
Cologne_1591,78,3,Content Illustration
Cologne_1591,78,4,Content Illustration
Cologne_1591,78,5,Content Illustration
Cologne_1591,79,1,Content Illustration
Cologne_1591,79,2,Content Illustration
Cologne_1591,80,1,Content Illustration
Cologne_1591,80,2,Content Illustration
Cologne_1591,80,3,Content Illustration
Cologne_1591,80,4,Content Illustration
Cologne_1591,80,5,Content Illustration
Cologne_1591,80,6,Content Illustration
Cologne_1591,81,1,Content Illustration
Cologne_1591,81,2,Content Illustration
Cologne_1591,81,3,Content Illustration
Cologne_1591,82,1,Content Illustration
Cologne_1591,82,2,Content Illustration
Cologne_1591,82,3,Content Illustration
Cologne_1591,83,1,Content Illustration
Cologne_1591,83,2,Content Illustration
Cologne_1591,83,3,Content Illustration
Cologne_1591,83,4,Content Illustration
Cologne_1591,84,1,Content Illustration
Cologne_1591,84,2,Content Illustration
Cologne_1591,84,3,Content Illustration
Cologne_1591,84,4,Content Illustration
Cologne_1591,84,5,Content Illustration
Cologne_1591,84,6,Content Illustration
Cologne_1591,85,1,Content Illustration
Cologne_1591,85,2,Content Illustration
Cologne_1591,85,3,Content Illustration
Cologne_1591,86,1,Content Illustration
Cologne_1591,86,2,Content Illustration
Cologne_1591,86,3,Content Illustration
Cologne_1591,87,1,Content Illustration
Cologne_1591,87,2,Content Illustration
Cologne_1591,87,3,Content Illustration
Cologne_1591,87,4,Content Illustration
Cologne_1591,88,1,Content Illustration
Cologne_1591,88,2,Content Illustration
Cologne_1591,88,3,Content Illustration
Cologne_1591,89,1,Content Illustration
Cologne_1591,89,2,Content Illustration
Cologne_1591,89,3,Content Illustration
Cologne_1591,89,4,Content Illustration
Cologne_1591,90,1,Content Illustration
Cologne_1591,90,2,Content Illustration
Cologne_1591,90,3,Content Illustration
Cologne_1591,90,4,Content Illustration
Cologne_1591,91,1,Content Illustration
Cologne_1591,91,2,Content Illustration
Cologne_1591,91,3,Content Illustration
Cologne_1591,92,1,Content Illustration
Cologne_1591,92,2,Content Illustration
Cologne_1591,92,3,Content Illustration
Cologne_1591,92,4,Content Illustration
Cologne_1591,92,5,Content Illustration
Cologne_1591,93,1,Content Illustration
Cologne_1591,93,2,Content Illustration
Cologne_1591,93,3,Content Illustration
Cologne_1591,93,4,Content Illustration
Cologne_1591,94,1,Content Illustration
Cologne_1591,94,2,Content Illustration
Cologne_1591,95,1,Content Illustration
Cologne_1591,95,2,Content Illustration
Cologne_1591,95,3,Content Illustration
Cologne_1591,95,4,Content Illustration
Cologne_1591,96,1,Content Illustration
Cologne_1591,96,2,Content Illustration
Cologne_1591,96,3,Content Illustration
Cologne_1591,96,4,Content Illustration
Cologne_1591,96,5,Content Illustration
Cologne_1591,97,1,Content Illustration
Cologne_1591,97,2,Content Illustration
Cologne_1591,98,1,Content Illustration
Cologne_1591,98,2,Content Illustration
Cologne_1591,98,3,Content Illustration
Cologne_1591,98,4,Content Illustration
Cologne_1591,98,5,Content Illustration
Cologne_1591,99,1,Content Illustration
Cologne_1591,99,2,Content Illustration
Cologne_1591,99,3,Content Illustration
Cologne_1591,99,4,Content Illustration
Paris_1598a,15,1,Content Illustration
Paris_1598a,15,2,Content Illustration
Paris_1598a,16,1,Content Illustration
Paris_1598a,16,2,Content Illustration
Paris_1598a,16,3,Content Illustration
Paris_1598a,17,1,Content Illustration
Paris_1598a,17,2,Content Illustration
Paris_1598a,18,1,Content Illustration
Paris_1598a,18,2,Content Illustration
Paris_1598a,19,1,Content Illustration
Paris_1598a,19,2,Content Illustration
Paris_1598a,19,3,Content Illustration
Paris_1598a,20,1,Content Illustration
Paris_1598a,20,2,Content Illustration
Paris_1598a,21,1,Content Illustration
Paris_1598a,21,2,Content Illustration
Paris_1598a,21,3,Content Illustration
Paris_1598a,22,1,Content Illustration
Paris_1598a,22,2,Content Illustration
Paris_1598a,22,3,Content Illustration
Paris_1598a,22,4,Content Illustration
Paris_1598a,23,1,Content Illustration
Paris_1598a,23,2,Content Illustration
Paris_1598a,24,1,Content Illustration
Paris_1598a,24,2,Content Illustration
Paris_1598a,24,3,Content Illustration
Paris_1598a,25,1,Content Illustration
Paris_1598a,25,2,Content Illustration
Paris_1598a,26,1,Content Illustration
Paris_1598a,26,2,Content Illustration
Paris_1598a,27,1,Content Illustration
Paris_1598a,28,1,Content Illustration
Paris_1598a,28,2,Content Illustration
Paris_1598a,29,1,Content Illustration
Paris_1598a,29,2,Content Illustration
Paris_1598a,29,3,Content Illustration
Paris_1598a,30,1,Content Illustration
Paris_1598a,30,2,Content Illustration
Paris_1598a,30,3,Content Illustration
Paris_1598a,31,1,Content Illustration
Paris_1598a,31,2,Content Illustration
Paris_1598a,31,3,Content Illustration
Paris_1598a,32,1,Content Illustration
Paris_1598a,32,2,Content Illustration
Paris_1598a,33,1,Content Illustration
Paris_1598a,33,2,Content Illustration
Paris_1598a,34,1,Content Illustration
Paris_1598a,34,2,Content Illustration
Paris_1598a,36,1,Content Illustration
Paris_1598a,37,1,Content Illustration
Paris_1598a,37,2,Content Illustration
Paris_1598a,37,3,Content Illustration
Paris_1598a,38,1,Content Illustration
Paris_1598a,38,2,Content Illustration
Paris_1598a,39,1,Content Illustration
Paris_1598a,39,2,Content Illustration
Paris_1598a,40,1,Content Illustration
Paris_1598a,41,1,Content Illustration
Paris_1598a,41,2,Content Illustration
Paris_1598a,42,1,Content Illustration
Paris_1598a,43,1,Content Illustration
Paris_1598a,43,2,Content Illustration
Paris_1598a,46,1,Content Illustration
Paris_1598a,46,2,Content Illustration
Paris_1598a,47,1,Content Illustration
Paris_1598a,47,2,Content Illustration
Paris_1598a,48,1,Content Illustration
Paris_1598a,48,2,Content Illustration
Paris_1598a,49,1,Content Illustration
Paris_1598a,50,1,Content Illustration
Paris_1598a,51,1,Content Illustration
Paris_1598a,51,2,Content Illustration
Paris_1598a,52,1,Content Illustration
Paris_1598a,52,2,Content Illustration
Paris_1598a,52,3,Content Illustration
Paris_1598a,53,1,Content Illustration
Paris_1598a,54,1,Content Illustration
Paris_1598a,54,2,Content Illustration
Paris_1598a,55,1,Content Illustration
Paris_1598a,55,2,Content Illustration
Paris_1598a,56,1,Content Illustration
Paris_1598a,56,2,Content Illustration
Paris_1598a,57,1,Content Illustration
Paris_1598a,57,2,Content Illustration
Paris_1598a,57,3,Content Illustration
Paris_1598a,58,1,Content Illustration
Paris_1598a,58,2,Content Illustration
Paris_1598a,59,1,Content Illustration
Paris_1598a,59,2,Content Illustration
Paris_1598a,60,1,Content Illustration
Paris_1598a,60,2,Content Illustration
Paris_1598a,60,3,Content Illustration
Paris_1598a,61,1,Content Illustration
Paris_1598a,62,1,Content Illustration
Paris_1598a,62,2,Content Illustration
Paris_1598a,63,1,Content Illustration
Paris_1598a,63,2,Content Illustration
Paris_1598a,64,1,Content Illustration
Paris_1598a,65,1,Content Illustration
Paris_1598a,68,1,Content Illustration
Paris_1598a,68,2,Content Illustration
Paris_1598a,69,1,Content Illustration
Paris_1598a,69,2,Content Illustration
Paris_1598a,69,3,Content Illustration
Paris_1598a,70,1,Content Illustration
Paris_1598a,70,2,Content Illustration
Paris_1598a,71,1,Content Illustration
Paris_1598a,71,2,Content Illustration
Paris_1598a,71,3,Content Illustration
Paris_1598a,72,1,Content Illustration
Paris_1598a,73,1,Content Illustration
Paris_1598a,73,2,Content Illustration
Paris_1598a,74,1,Content Illustration
Paris_1598a,74,2,Content Illustration
Paris_1598a,75,1,Content Illustration
Paris_1598a,81,1,Content Illustration
Paris_1598a,81,2,Content Illustration
Paris_1598a,82,1,Content Illustration
Paris_1598a,82,2,Content Illustration
Paris_1598a,86,1,Content Illustration
Paris_1598a,86,2,Content Illustration
Paris_1598a,91,1,Content Illustration
Paris_1598a,91,2,Content Illustration
Paris_1598a,93,1,Content Illustration
Paris_1598a,94,1,Content Illustration
Paris_1598a,94,2,Content Illustration
Paris_1598a,95,1,Content Illustration
Paris_1598a,95,2,Content Illustration
Paris_1598a,96,1,Content Illustration
Paris_1598a,96,2,Content Illustration
Paris_1598a,96,3,Content Illustration
Paris_1598a,97,1,Content Illustration
Paris_1598a,97,2,Content Illustration
Paris_1598a,98,1,Content Illustration
Paris_1598a,99,1,Content Illustration
Paris_1598a,99,2,Content Illustration
Paris_1598a,100,1,Content Illustration
Paris_1598a,100,2,Content Illustration
Paris_1598a,101,1,Content Illustration
Paris_1598a,101,2,Content Illustration
Paris_1598a,101,3,Content Illustration
Paris_1598a,102,1,Content Illustration
Paris_1598a,103,1,Content Illustration
Paris_1598a,103,2,Content Illustration
Paris_1598a,104,1,Content Illustration
Paris_1598a,104,2,Content Illustration
Paris_1598a,105,1,Content Illustration
Paris_1598a,105,2,Content Illustration
Paris_1598a,106,1,Content Illustration
Paris_1598a,106,2,Content Illustration
Paris_1598a,107,1,Content Illustration
Paris_1598a,107,2,Content Illustration
Paris_1598a,108,1,Content Illustration
Paris_1598a,109,1,Content Illustration
Paris_1598a,109,2,Content Illustration
Paris_1598a,110,1,Content Illustration
Paris_1598a,110,2,Content Illustration
Paris_1598a,110,3,Content Illustration
Arnhem_1603,100,1,Content Illustration
Arnhem_1603,100,2,Content Illustration
Arnhem_1603,100,3,Content Illustration
Arnhem_1603,101,1,Content Illustration
Arnhem_1603,103,1,Content Illustration
Arnhem_1603,104,1,Content Illustration
Arnhem_1603,104,2,Content Illustration
Arnhem_1603,105,1,Content Illustration
Arnhem_1603,105,2,Content Illustration
Arnhem_1603,107,1,Content Illustration
Arnhem_1603,107,2,Content Illustration
Arnhem_1603,108,1,Content Illustration
Arnhem_1603,108,2,Content Illustration
Arnhem_1603,110,1,Content Illustration
Arnhem_1603,110,2,Content Illustration
Arnhem_1603,111,1,Content Illustration
Arnhem_1603,111,2,Content Illustration
Arnhem_1603,111,3,Content Illustration
Arnhem_1603,112,1,Content Illustration
Arnhem_1603,17,1,Content Illustration
Arnhem_1603,17,2,Content Illustration
Arnhem_1603,17,3,Content Illustration
Arnhem_1603,18,1,Content Illustration
Arnhem_1603,18,2,Content Illustration
Arnhem_1603,19,1,Content Illustration
Arnhem_1603,19,2,Content Illustration
Arnhem_1603,20,1,Content Illustration
Arnhem_1603,20,2,Content Illustration
Arnhem_1603,21,1,Content Illustration
Arnhem_1603,21,2,Content Illustration
Arnhem_1603,21,3,Content Illustration
Arnhem_1603,22,1,Content Illustration
Arnhem_1603,22,2,Content Illustration
Arnhem_1603,23,1,Content Illustration
Arnhem_1603,23,2,Content Illustration
Arnhem_1603,23,3,Content Illustration
Arnhem_1603,24,1,Content Illustration
Arnhem_1603,24,2,Content Illustration
Arnhem_1603,25,1,Content Illustration
Arnhem_1603,25,2,Content Illustration
Arnhem_1603,26,1,Content Illustration
Arnhem_1603,26,2,Content Illustration
Arnhem_1603,26,3,Content Illustration
Arnhem_1603,27,1,Content Illustration
Arnhem_1603,28,1,Content Illustration
Arnhem_1603,28,2,Content Illustration
Arnhem_1603,29,1,Content Illustration
Arnhem_1603,30,1,Content Illustration
Arnhem_1603,30,2,Content Illustration
Arnhem_1603,31,1,Content Illustration
Arnhem_1603,31,2,Content Illustration
Arnhem_1603,32,1,Content Illustration
Arnhem_1603,32,2,Content Illustration
Arnhem_1603,32,3,Content Illustration
Arnhem_1603,33,1,Content Illustration
Arnhem_1603,33,2,Content Illustration
Arnhem_1603,33,3,Content Illustration
Arnhem_1603,34,1,Content Illustration
Arnhem_1603,34,2,Content Illustration
Arnhem_1603,35,1,Content Illustration
Arnhem_1603,35,2,Content Illustration
Arnhem_1603,36,1,Content Illustration
Arnhem_1603,36,2,Content Illustration
Arnhem_1603,37,1,Content Illustration
Arnhem_1603,38,1,Content Illustration
Arnhem_1603,40,1,Content Illustration
Arnhem_1603,40,2,Content Illustration
Arnhem_1603,41,1,Content Illustration
Arnhem_1603,41,2,Content Illustration
Arnhem_1603,42,1,Content Illustration
Arnhem_1603,44,1,Content Illustration
Arnhem_1603,44,2,Content Illustration
Arnhem_1603,45,1,Content Illustration
Arnhem_1603,46,1,Content Illustration
Arnhem_1603,47,1,Content Illustration
Arnhem_1603,47,2,Content Illustration
Arnhem_1603,49,1,Content Illustration
Arnhem_1603,50,1,Content Illustration
Arnhem_1603,51,1,Content Illustration
Arnhem_1603,51,2,Content Illustration
Arnhem_1603,51,3,Content Illustration
Arnhem_1603,52,1,Content Illustration
Arnhem_1603,52,2,Content Illustration
Arnhem_1603,53,1,Content Illustration
Arnhem_1603,54,1,Content Illustration
Arnhem_1603,55,1,Content Illustration
Arnhem_1603,55,2,Content Illustration
Arnhem_1603,55,3,Content Illustration
Arnhem_1603,56,1,Content Illustration
Arnhem_1603,56,2,Content Illustration
Arnhem_1603,56,3,Content Illustration
Arnhem_1603,57,1,Content Illustration
Arnhem_1603,57,2,Content Illustration
Arnhem_1603,59,1,Content Illustration
Arnhem_1603,59,2,Content Illustration
Arnhem_1603,59,3,Content Illustration
Arnhem_1603,60,1,Content Illustration
Arnhem_1603,60,2,Content Illustration
Arnhem_1603,61,1,Content Illustration
Arnhem_1603,61,2,Content Illustration
Arnhem_1603,61,3,Content Illustration
Arnhem_1603,62,1,Content Illustration
Arnhem_1603,62,2,Content Illustration
Arnhem_1603,63,1,Content Illustration
Arnhem_1603,63,2,Content Illustration
Arnhem_1603,64,1,Content Illustration
Arnhem_1603,64,2,Content Illustration
Arnhem_1603,65,1,Content Illustration
Arnhem_1603,65,2,Content Illustration
Arnhem_1603,66,1,Content Illustration
Arnhem_1603,67,1,Content Illustration
Arnhem_1603,68,1,Content Illustration
Arnhem_1603,70,1,Content Illustration
Arnhem_1603,70,2,Content Illustration
Arnhem_1603,71,1,Content Illustration
Arnhem_1603,71,2,Content Illustration
Arnhem_1603,72,1,Content Illustration
Arnhem_1603,72,2,Content Illustration
Arnhem_1603,73,1,Content Illustration
Arnhem_1603,73,2,Content Illustration
Arnhem_1603,73,3,Content Illustration
Arnhem_1603,74,1,Content Illustration
Arnhem_1603,74,2,Content Illustration
Arnhem_1603,75,1,Content Illustration
Arnhem_1603,76,1,Content Illustration
Arnhem_1603,76,2,Content Illustration
Arnhem_1603,76,3,Content Illustration
Arnhem_1603,77,1,Content Illustration
Arnhem_1603,88,1,Content Illustration
Arnhem_1603,89,1,Content Illustration
Arnhem_1603,93,1,Content Illustration
Arnhem_1603,94,1,Content Illustration
Arnhem_1603,94,2,Content Illustration
Arnhem_1603,95,1,Content Illustration
Arnhem_1603,96,1,Content Illustration
Arnhem_1603,96,2,Content Illustration
Arnhem_1603,97,1,Content Illustration
Arnhem_1603,98,1,Content Illustration
Arnhem_1603,98,2,Content Illustration
Arnhem_1603,99,1,Content Illustration
Arnhem_1603,99,2,Content Illustration
Leiden_1606,19,1,Content Illustration
Leiden_1606,19,2,Content Illustration
Leiden_1606,20,1,Content Illustration
Leiden_1606,21,1,Content Illustration
Leiden_1606,21,2,Content Illustration
Leiden_1606,22,1,Content Illustration
Leiden_1606,23,1,Content Illustration
Leiden_1606,23,2,Content Illustration
Leiden_1606,23,3,Content Illustration
Leiden_1606,24,1,Content Illustration
Leiden_1606,25,1,Content Illustration
Leiden_1606,26,1,Content Illustration
Leiden_1606,26,2,Content Illustration
Leiden_1606,27,1,Content Illustration
Leiden_1606,27,2,Content Illustration
Leiden_1606,29,1,Content Illustration
Leiden_1606,29,2,Content Illustration
Leiden_1606,30,1,Content Illustration
Leiden_1606,30,2,Content Illustration
Leiden_1606,31,1,Content Illustration
Leiden_1606,32,1,Content Illustration
Leiden_1606,33,1,Content Illustration
Leiden_1606,33,2,Content Illustration
Leiden_1606,33,3,Content Illustration
Leiden_1606,34,1,Content Illustration
Leiden_1606,35,1,Content Illustration
Leiden_1606,35,2,Content Illustration
Leiden_1606,36,1,Content Illustration
Leiden_1606,37,1,Content Illustration
Leiden_1606,38,1,Content Illustration
Leiden_1606,39,1,Content Illustration
Leiden_1606,39,2,Content Illustration
Leiden_1606,40,1,Content Illustration
Leiden_1606,41,1,Content Illustration
Leiden_1606,42,1,Content Illustration
Leiden_1606,42,2,Content Illustration
Leiden_1606,43,1,Content Illustration
Leiden_1606,44,1,Content Illustration
Leiden_1606,44,2,Content Illustration
Leiden_1606,45,1,Content Illustration
Leiden_1606,45,2,Content Illustration
Leiden_1606,46,1,Content Illustration
Leiden_1606,47,1,Content Illustration
Leiden_1606,48,1,Content Illustration
Leiden_1606,49,1,Content Illustration
Leiden_1606,50,1,Content Illustration
Leiden_1606,50,2,Content Illustration
Leiden_1606,52,1,Content Illustration
Leiden_1606,54,1,Content Illustration
Leiden_1606,55,1,Content Illustration
Leiden_1606,55,2,Content Illustration
Leiden_1606,56,1,Content Illustration
Leiden_1606,57,1,Content Illustration
Leiden_1606,58,1,Content Illustration
Leiden_1606,59,1,Content Illustration
Leiden_1606,59,2,Content Illustration
Leiden_1606,60,1,Content Illustration
Leiden_1606,61,1,Content Illustration
Leiden_1606,62,1,Content Illustration
Leiden_1606,63,1,Content Illustration
Leiden_1606,64,1,Content Illustration
Leiden_1606,65,1,Content Illustration
Leiden_1606,66,1,Content Illustration
Leiden_1606,68,1,Content Illustration
Leiden_1606,69,1,Content Illustration
Leiden_1606,70,1,Content Illustration
Leiden_1606,70,2,Content Illustration
Leiden_1606,71,1,Content Illustration
Leiden_1606,71,2,Content Illustration
Leiden_1606,72,1,Content Illustration
Leiden_1606,74,1,Content Illustration
Leiden_1606,75,1,Content Illustration
Leiden_1606,76,1,Content Illustration
Leiden_1606,76,2,Content Illustration
Leiden_1606,77,1,Content Illustration
Leiden_1606,78,1,Content Illustration
Leiden_1606,79,1,Content Illustration
Leiden_1606,80,1,Content Illustration
Leiden_1606,81,1,Content Illustration
Leiden_1606,82,1,Content Illustration
Leiden_1606,83,1,Content Illustration
Leiden_1606,85,1,Content Illustration
Leiden_1606,85,2,Content Illustration
Leiden_1606,86,1,Content Illustration
Leiden_1606,86,2,Content Illustration
Leiden_1606,87,1,Content Illustration
Leiden_1606,88,1,Content Illustration
Leiden_1606,89,1,Content Illustration
Leiden_1606,90,1,Content Illustration
Leiden_1606,91,1,Content Illustration
Leiden_1606,92,1,Content Illustration
Leiden_1606,93,1,Content Illustration
Leiden_1606,94,1,Content Illustration
Leiden_1606,94,2,Content Illustration
Leiden_1606,95,1,Content Illustration
Leiden_1606,95,2,Content Illustration
Leiden_1606,97,1,Content Illustration
Leiden_1606,99,1,Content Illustration
Leiden_1606,99,2,Content Illustration
Leiden_1606,100,1,Content Illustration
Leiden_1606,101,1,Content Illustration
Leiden_1606,102,1,Content Illustration
Leiden_1606,102,2,Content Illustration
Leiden_1606,103,1,Content Illustration
Leiden_1606,104,1,Content Illustration
Leiden_1606,105,1,Content Illustration
Leiden_1606,106,1,Content Illustration
Leiden_1606,107,1,Content Illustration
Leiden_1606,108,1,Content Illustration
Leiden_1606,109,1,Content Illustration
Leiden_1606,110,1,Content Illustration
Leiden_1606,111,1,Content Illustration
Leiden_1606,119,1,Content Illustration
Leiden_1606,130,1,Content Illustration
Leiden_1606,131,1,Content Illustration
Leiden_1606,132,1,Content Illustration
Leiden_1606,133,1,Content Illustration
Leiden_1606,134,1,Content Illustration
Leiden_1606,135,1,Content Illustration
Leiden_1606,136,1,Content Illustration
Leiden_1606,137,1,Content Illustration
Leiden_1606,137,2,Content Illustration
Leiden_1606,138,1,Content Illustration
Leiden_1606,139,1,Content Illustration
Leiden_1606,139,2,Content Illustration
Leiden_1606,140,1,Content Illustration
Leiden_1606,140,2,Content Illustration
Leiden_1606,142,1,Content Illustration
Leiden_1606,143,1,Content Illustration
Leiden_1606,144,1,Content Illustration
Leiden_1606,145,1,Content Illustration
Leiden_1606,147,1,Content Illustration
Leiden_1606,147,2,Content Illustration
Leiden_1606,148,1,Content Illustration
Leiden_1606,149,1,Content Illustration
Leiden_1606,151,1,Content Illustration
Leiden_1606,152,1,Content Illustration
Leiden_1606,152,2,Content Illustration
Leiden_1606,153,1,Content Illustration
Leiden_1606,154,1,Content Illustration
Leiden_1606,155,1,Content Illustration
Leiden_1606,155,2,Content Illustration
Leiden_1606,157,1,Content Illustration
Leiden_1606,158,1,Content Illustration
Leiden_1606,159,1,Content Illustration
Leiden_1606,159,2,Content Illustration
Leiden_1606,160,1,Content Illustration
Leiden_1606,160,2,Content Illustration
Leiden_1606,163,1,Content Illustration
Leiden_1606,166,1,Content Illustration
Leiden_1606,169,1,Content Illustration
Leiden_1606,170,1,Content Illustration
Leiden_1606,170,2,Content Illustration
Leiden_1606,172,1,Content Illustration
Leiden_1606,172,2,Content Illustration
Leiden_1606,173,1,Content Illustration
Leiden_1606,175,1,Content Illustration
Leiden_1606,176,1,Content Illustration
Leiden_1606,177,1,Content Illustration
Leiden_1606,178,1,Content Illustration
Leiden_1606,178,2,Content Illustration
Leiden_1606,179,1,Content Illustration
Wittenberg_1609,100,1,Content Illustration
Wittenberg_1609,100,2,Content Illustration
Wittenberg_1609,101,1,Content Illustration
Wittenberg_1609,102,1,Content Illustration
Wittenberg_1609,102,2,Content Illustration
Wittenberg_1609,102,3,Content Illustration
Wittenberg_1609,103,1,Content Illustration
Wittenberg_1609,104,1,Content Illustration
Wittenberg_1609,105,1,Content Illustration
Wittenberg_1609,105,2,Content Illustration
Wittenberg_1609,106,1,Content Illustration
Wittenberg_1609,107,1,Content Illustration
Wittenberg_1609,108,1,Content Illustration
Wittenberg_1609,109,1,Content Illustration
Wittenberg_1609,110,1,Content Illustration
Wittenberg_1609,110,2,Content Illustration
Wittenberg_1609,110,3,Content Illustration
Wittenberg_1609,111,1,Content Illustration
Wittenberg_1609,111,2,Content Illustration
Wittenberg_1609,112,1,Content Illustration
Wittenberg_1609,113,1,Content Illustration
Wittenberg_1609,113,2,Content Illustration
Wittenberg_1609,114,1,Content Illustration
Wittenberg_1609,115,1,Content Illustration
Wittenberg_1609,116,1,Content Illustration
Wittenberg_1609,117,1,Content Illustration
Wittenberg_1609,117,2,Content Illustration
Wittenberg_1609,117,3,Content Illustration
Wittenberg_1609,118,1,Content Illustration
Wittenberg_1609,119,1,Content Illustration
Wittenberg_1609,119,2,Content Illustration
Wittenberg_1609,121,1,Content Illustration
Wittenberg_1609,122,1,Content Illustration
Wittenberg_1609,132,1,Content Illustration
Wittenberg_1609,135,1,Content Illustration
Wittenberg_1609,136,1,Content Illustration
Wittenberg_1609,136,2,Content Illustration
Wittenberg_1609,140,1,Content Illustration
Wittenberg_1609,144,1,Content Illustration
Wittenberg_1609,145,1,Content Illustration
Wittenberg_1609,150,1,Content Illustration
Wittenberg_1609,150,2,Content Illustration
Wittenberg_1609,150,3,Content Illustration
Wittenberg_1609,152,1,Content Illustration
Wittenberg_1609,153,1,Content Illustration
Wittenberg_1609,153,2,Content Illustration
Wittenberg_1609,157,1,Content Illustration
Wittenberg_1609,159,1,Content Illustration
Wittenberg_1609,160,1,Content Illustration
Wittenberg_1609,161,1,Content Illustration
Wittenberg_1609,162,1,Content Illustration
Wittenberg_1609,162,2,Content Illustration
Wittenberg_1609,163,1,Content Illustration
Wittenberg_1609,164,1,Content Illustration
Wittenberg_1609,165,1,Content Illustration
Wittenberg_1609,166,1,Content Illustration
Wittenberg_1609,167,1,Content Illustration
Wittenberg_1609,168,1,Content Illustration
Wittenberg_1609,169,1,Content Illustration
Wittenberg_1609,169,2,Content Illustration
Wittenberg_1609,170,1,Content Illustration
Wittenberg_1609,170,2,Content Illustration
Wittenberg_1609,171,1,Content Illustration
Wittenberg_1609,172,1,Content Illustration
Wittenberg_1609,172,2,Content Illustration
Wittenberg_1609,173,1,Content Illustration
Wittenberg_1609,174,1,Content Illustration
Wittenberg_1609,175,1,Content Illustration
Wittenberg_1609,176,1,Content Illustration
Wittenberg_1609,177,1,Content Illustration
Wittenberg_1609,177,2,Content Illustration
Wittenberg_1609,179,1,Content Illustration
Wittenberg_1609,179,2,Content Illustration
Wittenberg_1609,180,1,Content Illustration
Wittenberg_1609,181,1,Content Illustration
Wittenberg_1609,182,1,Content Illustration
Wittenberg_1609,183,1,Content Illustration
Wittenberg_1609,183,2,Content Illustration
Wittenberg_1609,184,1,Content Illustration
Wittenberg_1609,185,1,Content Illustration
Wittenberg_1609,186,1,Content Illustration
Wittenberg_1609,187,1,Content Illustration
Wittenberg_1609,188,1,Content Illustration
Wittenberg_1609,189,1,Content Illustration
Wittenberg_1609,190,1,Content Illustration
Wittenberg_1609,191,1,Content Illustration
Wittenberg_1609,192,1,Content Illustration
Wittenberg_1609,193,1,Content Illustration
Wittenberg_1609,199,1,Content Illustration
Wittenberg_1609,26,1,Content Illustration
Wittenberg_1609,308,1,Content Illustration
Wittenberg_1609,309,1,Content Illustration
Wittenberg_1609,309,2,Content Illustration
Wittenberg_1609,311,1,Content Illustration
Wittenberg_1609,312,1,Content Illustration
Wittenberg_1609,313,1,Content Illustration
Wittenberg_1609,314,1,Content Illustration
Wittenberg_1609,319,1,Content Illustration
Wittenberg_1609,322,1,Content Illustration
Wittenberg_1609,323,1,Content Illustration
Wittenberg_1609,324,1,Content Illustration
Wittenberg_1609,325,1,Content Illustration
Wittenberg_1609,326,1,Content Illustration
Wittenberg_1609,329,1,Content Illustration
Wittenberg_1609,331,1,Content Illustration
Wittenberg_1609,337,1,Content Illustration
Wittenberg_1609,338,1,Content Illustration
Wittenberg_1609,338,2,Content Illustration
Wittenberg_1609,33,1,Content Illustration
Wittenberg_1609,340,1,Content Illustration
Wittenberg_1609,341,1,Content Illustration
Wittenberg_1609,342,1,Content Illustration
Wittenberg_1609,343,1,Content Illustration
Wittenberg_1609,344,1,Content Illustration
Wittenberg_1609,344,2,Content Illustration
Wittenberg_1609,346,1,Content Illustration
Wittenberg_1609,348,1,Content Illustration
Wittenberg_1609,349,1,Content Illustration
Wittenberg_1609,34,1,Content Illustration
Wittenberg_1609,355,1,Content Illustration
Wittenberg_1609,357,1,Content Illustration
Wittenberg_1609,359,1,Content Illustration
Wittenberg_1609,35,1,Content Illustration
Wittenberg_1609,35,2,Content Illustration
Wittenberg_1609,362,1,Content Illustration
Wittenberg_1609,362,2,Content Illustration
Wittenberg_1609,363,1,Content Illustration
Wittenberg_1609,365,1,Content Illustration
Wittenberg_1609,369,1,Content Illustration
Wittenberg_1609,36,1,Content Illustration
Wittenberg_1609,370,1,Content Illustration
Wittenberg_1609,372,1,Content Illustration
Wittenberg_1609,375,1,Content Illustration
Wittenberg_1609,379,1,Content Illustration
Wittenberg_1609,37,1,Content Illustration
Wittenberg_1609,383,1,Content Illustration
Wittenberg_1609,387,1,Content Illustration
Wittenberg_1609,389,1,Content Illustration
Wittenberg_1609,38,1,Content Illustration
Wittenberg_1609,38,2,Content Illustration
Wittenberg_1609,392,1,Content Illustration
Wittenberg_1609,393,1,Content Illustration
Wittenberg_1609,397,1,Content Illustration
Wittenberg_1609,39,1,Content Illustration
Wittenberg_1609,401,1,Content Illustration
Wittenberg_1609,407,1,Content Illustration
Wittenberg_1609,40,1,Content Illustration
Wittenberg_1609,40,2,Content Illustration
Wittenberg_1609,411,1,Content Illustration
Wittenberg_1609,413,1,Content Illustration
Wittenberg_1609,417,1,Content Illustration
Wittenberg_1609,41,1,Content Illustration
Wittenberg_1609,41,2,Content Illustration
Wittenberg_1609,422,1,Content Illustration
Wittenberg_1609,424,1,Content Illustration
Wittenberg_1609,428,1,Content Illustration
Wittenberg_1609,42,1,Content Illustration
Wittenberg_1609,42,2,Content Illustration
Wittenberg_1609,430,1,Content Illustration
Wittenberg_1609,434,1,Content Illustration
Wittenberg_1609,43,1,Content Illustration
Wittenberg_1609,442,1,Content Illustration
Wittenberg_1609,442,2,Content Illustration
Wittenberg_1609,444,1,Content Illustration
Wittenberg_1609,444,2,Content Illustration
Wittenberg_1609,44,1,Content Illustration
Wittenberg_1609,450,1,Content Illustration
Wittenberg_1609,452,1,Content Illustration
Wittenberg_1609,459,1,Content Illustration
Wittenberg_1609,45,1,Content Illustration
Wittenberg_1609,45,2,Content Illustration
Wittenberg_1609,463,1,Content Illustration
Wittenberg_1609,464,1,Content Illustration
Wittenberg_1609,465,1,Content Illustration
Wittenberg_1609,469,1,Content Illustration
Wittenberg_1609,46,1,Content Illustration
Wittenberg_1609,46,2,Content Illustration
Wittenberg_1609,471,1,Content Illustration
Wittenberg_1609,473,1,Content Illustration
Wittenberg_1609,475,1,Content Illustration
Wittenberg_1609,47,1,Content Illustration
Wittenberg_1609,484,1,Content Illustration
Wittenberg_1609,484,2,Content Illustration
Wittenberg_1609,485,1,Content Illustration
Wittenberg_1609,486,1,Content Illustration
Wittenberg_1609,487,1,Content Illustration
Wittenberg_1609,488,1,Content Illustration
Wittenberg_1609,489,1,Content Illustration
Wittenberg_1609,489,2,Content Illustration
Wittenberg_1609,48,1,Content Illustration
Wittenberg_1609,490,1,Content Illustration
Wittenberg_1609,490,2,Content Illustration
Wittenberg_1609,491,1,Content Illustration
Wittenberg_1609,492,1,Content Illustration
Wittenberg_1609,492,2,Content Illustration
Wittenberg_1609,493,1,Content Illustration
Wittenberg_1609,494,1,Content Illustration
Wittenberg_1609,494,2,Content Illustration
Wittenberg_1609,495,1,Content Illustration
Wittenberg_1609,496,1,Content Illustration
Wittenberg_1609,497,1,Content Illustration
Wittenberg_1609,498,1,Content Illustration
Wittenberg_1609,499,1,Content Illustration
Wittenberg_1609,49,1,Content Illustration
Wittenberg_1609,49,2,Content Illustration
Wittenberg_1609,49,3,Content Illustration
Wittenberg_1609,501,1,Content Illustration
Wittenberg_1609,502,1,Content Illustration
Wittenberg_1609,502,2,Content Illustration
Wittenberg_1609,504,1,Content Illustration
Wittenberg_1609,505,1,Content Illustration
Wittenberg_1609,506,1,Content Illustration
Wittenberg_1609,507,1,Content Illustration
Wittenberg_1609,508,1,Content Illustration
Wittenberg_1609,509,1,Content Illustration
Wittenberg_1609,50,1,Content Illustration
Wittenberg_1609,50,2,Content Illustration
Wittenberg_1609,511,1,Content Illustration
Wittenberg_1609,511,2,Content Illustration
Wittenberg_1609,513,1,Content Illustration
Wittenberg_1609,514,1,Content Illustration
Wittenberg_1609,514,2,Content Illustration
Wittenberg_1609,516,1,Content Illustration
Wittenberg_1609,517,1,Content Illustration
Wittenberg_1609,518,1,Content Illustration
Wittenberg_1609,51,1,Content Illustration
Wittenberg_1609,51,2,Content Illustration
Wittenberg_1609,521,1,Content Illustration
Wittenberg_1609,522,1,Content Illustration
Wittenberg_1609,523,1,Content Illustration
Wittenberg_1609,524,1,Content Illustration
Wittenberg_1609,525,1,Content Illustration
Wittenberg_1609,526,1,Content Illustration
Wittenberg_1609,527,1,Content Illustration
Wittenberg_1609,52,1,Content Illustration
Wittenberg_1609,530,1,Content Illustration
Wittenberg_1609,534,1,Content Illustration
Wittenberg_1609,535,1,Content Illustration
Wittenberg_1609,536,1,Content Illustration
Wittenberg_1609,53,1,Content Illustration
Wittenberg_1609,53,2,Content Illustration
Wittenberg_1609,540,1,Content Illustration
Wittenberg_1609,541,1,Content Illustration
Wittenberg_1609,542,1,Content Illustration
Wittenberg_1609,544,1,Content Illustration
Wittenberg_1609,545,1,Content Illustration
Wittenberg_1609,548,1,Content Illustration
Wittenberg_1609,54,1,Content Illustration
Wittenberg_1609,54,2,Content Illustration
Wittenberg_1609,551,1,Content Illustration
Wittenberg_1609,554,1,Content Illustration
Wittenberg_1609,555,1,Content Illustration
Wittenberg_1609,556,1,Content Illustration
Wittenberg_1609,558,1,Content Illustration
Wittenberg_1609,55,1,Content Illustration
Wittenberg_1609,55,2,Content Illustration
Wittenberg_1609,560,1,Content Illustration
Wittenberg_1609,562,1,Content Illustration
Wittenberg_1609,564,1,Content Illustration
Wittenberg_1609,565,1,Content Illustration
Wittenberg_1609,565,2,Content Illustration
Wittenberg_1609,567,1,Content Illustration
Wittenberg_1609,569,1,Content Illustration
Wittenberg_1609,56,1,Content Illustration
Wittenberg_1609,570,1,Content Illustration
Wittenberg_1609,571,1,Content Illustration
Wittenberg_1609,571,2,Content Illustration
Wittenberg_1609,572,1,Content Illustration
Wittenberg_1609,574,1,Content Illustration
Wittenberg_1609,575,1,Content Illustration
Wittenberg_1609,576,1,Content Illustration
Wittenberg_1609,578,1,Content Illustration
Wittenberg_1609,579,1,Content Illustration
Wittenberg_1609,57,1,Content Illustration
Wittenberg_1609,57,2,Content Illustration
Wittenberg_1609,582,1,Content Illustration
Wittenberg_1609,583,1,Content Illustration
Wittenberg_1609,585,1,Content Illustration
Wittenberg_1609,586,1,Content Illustration
Wittenberg_1609,587,1,Content Illustration
Wittenberg_1609,588,1,Content Illustration
Wittenberg_1609,58,1,Content Illustration
Wittenberg_1609,58,2,Content Illustration
Wittenberg_1609,590,1,Content Illustration
Wittenberg_1609,591,1,Content Illustration
Wittenberg_1609,595,1,Content Illustration
Wittenberg_1609,596,1,Content Illustration
Wittenberg_1609,598,1,Content Illustration
Wittenberg_1609,59,1,Content Illustration
Wittenberg_1609,59,2,Content Illustration
Wittenberg_1609,59,3,Content Illustration
Wittenberg_1609,601,1,Content Illustration
Wittenberg_1609,602,1,Content Illustration
Wittenberg_1609,603,1,Content Illustration
Wittenberg_1609,60,1,Content Illustration
Wittenberg_1609,60,2,Content Illustration
Wittenberg_1609,61,1,Content Illustration
Wittenberg_1609,62,1,Content Illustration
Wittenberg_1609,63,1,Content Illustration
Wittenberg_1609,63,2,Content Illustration
Wittenberg_1609,64,1,Content Illustration
Wittenberg_1609,66,1,Content Illustration
Wittenberg_1609,67,1,Content Illustration
Wittenberg_1609,68,1,Content Illustration
Wittenberg_1609,68,2,Content Illustration
Wittenberg_1609,69,1,Content Illustration
Wittenberg_1609,70,1,Content Illustration
Wittenberg_1609,71,1,Content Illustration
Wittenberg_1609,72,1,Content Illustration
Wittenberg_1609,73,1,Content Illustration
Wittenberg_1609,74,1,Content Illustration
Wittenberg_1609,75,1,Content Illustration
Wittenberg_1609,76,1,Content Illustration
Wittenberg_1609,78,1,Content Illustration
Wittenberg_1609,79,1,Content Illustration
Wittenberg_1609,79,2,Content Illustration
Wittenberg_1609,80,1,Content Illustration
Wittenberg_1609,81,1,Content Illustration
Wittenberg_1609,81,2,Content Illustration
Wittenberg_1609,81,3,Content Illustration
Wittenberg_1609,82,1,Content Illustration
Wittenberg_1609,82,2,Content Illustration
Wittenberg_1609,83,1,Content Illustration
Wittenberg_1609,83,2,Content Illustration
Wittenberg_1609,84,1,Content Illustration
Wittenberg_1609,85,1,Content Illustration
Wittenberg_1609,85,2,Content Illustration
Wittenberg_1609,85,3,Content Illustration
Wittenberg_1609,86,1,Content Illustration
Wittenberg_1609,87,1,Content Illustration
Wittenberg_1609,88,1,Content Illustration
Wittenberg_1609,89,1,Content Illustration
Wittenberg_1609,90,1,Content Illustration
Wittenberg_1609,91,1,Content Illustration
Wittenberg_1609,91,2,Content Illustration
Wittenberg_1609,92,1,Content Illustration
Wittenberg_1609,92,2,Content Illustration
Wittenberg_1609,93,1,Content Illustration
Wittenberg_1609,94,1,Content Illustration
Wittenberg_1609,95,1,Content Illustration
Wittenberg_1609,96,1,Content Illustration
Wittenberg_1609,96,2,Content Illustration
Wittenberg_1609,97,1,Content Illustration
Wittenberg_1609,98,1,Content Illustration
Wittenberg_1609,98,2,Content Illustration
Wittenberg_1609,99,1,Content Illustration
Wittenberg_1609,99,2,Content Illustration
Wittenberg_1634,3,1,Content Illustration
Wittenberg_1634,27,1,Content Illustration
Wittenberg_1634,34,1,Content Illustration
Wittenberg_1634,35,1,Content Illustration
Wittenberg_1634,36,1,Content Illustration
Wittenberg_1634,37,1,Content Illustration
Wittenberg_1634,38,1,Content Illustration
Wittenberg_1634,39,1,Content Illustration
Wittenberg_1634,39,2,Content Illustration
Wittenberg_1634,40,1,Content Illustration
Wittenberg_1634,41,1,Content Illustration
Wittenberg_1634,41,2,Content Illustration
Wittenberg_1634,42,1,Content Illustration
Wittenberg_1634,42,2,Content Illustration
Wittenberg_1634,43,1,Content Illustration
Wittenberg_1634,43,2,Content Illustration
Wittenberg_1634,44,1,Content Illustration
Wittenberg_1634,45,1,Content Illustration
Wittenberg_1634,46,1,Content Illustration
Wittenberg_1634,46,2,Content Illustration
Wittenberg_1634,47,1,Content Illustration
Wittenberg_1634,47,2,Content Illustration
Wittenberg_1634,48,1,Content Illustration
Wittenberg_1634,49,1,Content Illustration
Wittenberg_1634,50,1,Content Illustration
Wittenberg_1634,50,2,Content Illustration
Wittenberg_1634,51,1,Content Illustration
Wittenberg_1634,51,2,Content Illustration
Wittenberg_1634,52,1,Content Illustration
Wittenberg_1634,52,2,Content Illustration
Wittenberg_1634,53,1,Content Illustration
Wittenberg_1634,54,1,Content Illustration
Wittenberg_1634,54,2,Content Illustration
Wittenberg_1634,55,1,Content Illustration
Wittenberg_1634,55,2,Content Illustration
Wittenberg_1634,56,1,Content Illustration
Wittenberg_1634,56,2,Content Illustration
Wittenberg_1634,58,1,Content Illustration
Wittenberg_1634,58,2,Content Illustration
Wittenberg_1634,59,1,Content Illustration
Wittenberg_1634,59,2,Content Illustration
Wittenberg_1634,60,1,Content Illustration
Wittenberg_1634,60,2,Content Illustration
Wittenberg_1634,60,3,Content Illustration
Wittenberg_1634,61,1,Content Illustration
Wittenberg_1634,61,2,Content Illustration
Wittenberg_1634,62,1,Content Illustration
Wittenberg_1634,63,1,Content Illustration
Wittenberg_1634,64,1,Content Illustration
Wittenberg_1634,64,2,Content Illustration
Wittenberg_1634,65,1,Content Illustration
Wittenberg_1634,67,1,Content Illustration
Wittenberg_1634,68,1,Content Illustration
Wittenberg_1634,69,1,Content Illustration
Wittenberg_1634,69,2,Content Illustration
Wittenberg_1634,70,1,Content Illustration
Wittenberg_1634,71,1,Content Illustration
Wittenberg_1634,72,1,Content Illustration
Wittenberg_1634,73,1,Content Illustration
Wittenberg_1634,74,1,Content Illustration
Wittenberg_1634,75,1,Content Illustration
Wittenberg_1634,76,1,Content Illustration
Wittenberg_1634,77,1,Content Illustration
Wittenberg_1634,79,1,Content Illustration
Wittenberg_1634,80,1,Content Illustration
Wittenberg_1634,80,2,Content Illustration
Wittenberg_1634,81,1,Content Illustration
Wittenberg_1634,82,1,Content Illustration
Wittenberg_1634,82,2,Content Illustration
Wittenberg_1634,82,3,Content Illustration
Wittenberg_1634,83,1,Content Illustration
Wittenberg_1634,83,2,Content Illustration
Wittenberg_1634,84,1,Content Illustration
Wittenberg_1634,84,2,Content Illustration
Wittenberg_1634,85,1,Content Illustration
Wittenberg_1634,86,1,Content Illustration
Wittenberg_1634,86,2,Content Illustration
Wittenberg_1634,86,3,Content Illustration
Wittenberg_1634,87,1,Content Illustration
Wittenberg_1634,88,1,Content Illustration
Wittenberg_1634,89,1,Content Illustration
Wittenberg_1634,90,1,Content Illustration
Wittenberg_1634,91,1,Content Illustration
Wittenberg_1634,92,1,Content Illustration
Wittenberg_1634,92,2,Content Illustration
Wittenberg_1634,93,1,Content Illustration
Wittenberg_1634,93,2,Content Illustration
Wittenberg_1634,94,1,Content Illustration
Wittenberg_1634,95,1,Content Illustration
Wittenberg_1634,96,1,Content Illustration
Wittenberg_1634,97,1,Content Illustration
Wittenberg_1634,98,1,Content Illustration
Wittenberg_1634,99,1,Content Illustration
Wittenberg_1634,99,2,Content Illustration
Wittenberg_1634,100,1,Content Illustration
Wittenberg_1634,100,2,Content Illustration
Wittenberg_1634,101,1,Content Illustration
Wittenberg_1634,101,2,Content Illustration
Wittenberg_1634,102,1,Content Illustration
Wittenberg_1634,103,1,Content Illustration
Wittenberg_1634,103,2,Content Illustration
Wittenberg_1634,103,3,Content Illustration
Wittenberg_1634,104,1,Content Illustration
Wittenberg_1634,105,1,Content Illustration
Wittenberg_1634,106,1,Content Illustration
Wittenberg_1634,106,2,Content Illustration
Wittenberg_1634,107,1,Content Illustration
Wittenberg_1634,108,1,Content Illustration
Wittenberg_1634,109,1,Content Illustration
Wittenberg_1634,110,1,Content Illustration
Wittenberg_1634,111,1,Content Illustration
Wittenberg_1634,111,2,Content Illustration
Wittenberg_1634,111,3,Content Illustration
Wittenberg_1634,112,1,Content Illustration
Wittenberg_1634,112,2,Content Illustration
Wittenberg_1634,113,1,Content Illustration
Wittenberg_1634,114,1,Content Illustration
Wittenberg_1634,114,2,Content Illustration
Wittenberg_1634,115,1,Content Illustration
Wittenberg_1634,115,2,Content Illustration
Wittenberg_1634,116,1,Content Illustration
Wittenberg_1634,117,1,Content Illustration
Wittenberg_1634,118,1,Content Illustration
Wittenberg_1634,118,2,Content Illustration
Wittenberg_1634,118,3,Content Illustration
Wittenberg_1634,119,1,Content Illustration
Wittenberg_1634,120,1,Content Illustration
Wittenberg_1634,120,2,Content Illustration
Wittenberg_1634,122,1,Content Illustration
Wittenberg_1634,123,1,Content Illustration
Wittenberg_1634,133,1,Content Illustration
Wittenberg_1634,137,1,Content Illustration
Wittenberg_1634,137,2,Content Illustration
Wittenberg_1634,141,1,Content Illustration
Wittenberg_1634,143,1,Content Illustration
Wittenberg_1634,143,2,Content Illustration
Wittenberg_1634,145,1,Content Illustration
Wittenberg_1634,146,1,Content Illustration
Wittenberg_1634,149,1,Content Illustration
Wittenberg_1634,149,2,Content Illustration
Wittenberg_1634,149,3,Content Illustration
Wittenberg_1634,151,1,Content Illustration
Wittenberg_1634,152,1,Content Illustration
Wittenberg_1634,152,2,Content Illustration
Wittenberg_1634,156,1,Content Illustration
Wittenberg_1634,159,1,Content Illustration
Wittenberg_1634,160,1,Content Illustration
Wittenberg_1634,161,1,Content Illustration
Wittenberg_1634,161,2,Content Illustration
Wittenberg_1634,162,1,Content Illustration
Wittenberg_1634,163,1,Content Illustration
Wittenberg_1634,164,1,Content Illustration
Wittenberg_1634,165,1,Content Illustration
Wittenberg_1634,166,1,Content Illustration
Wittenberg_1634,167,1,Content Illustration
Wittenberg_1634,168,1,Content Illustration
Wittenberg_1634,169,1,Content Illustration
Wittenberg_1634,169,2,Content Illustration
Wittenberg_1634,170,1,Content Illustration
Wittenberg_1634,171,1,Content Illustration
Wittenberg_1634,171,2,Content Illustration
Wittenberg_1634,172,1,Content Illustration
Wittenberg_1634,173,1,Content Illustration
Wittenberg_1634,174,1,Content Illustration
Wittenberg_1634,176,1,Content Illustration
Wittenberg_1634,176,2,Content Illustration
Wittenberg_1634,178,1,Content Illustration
Wittenberg_1634,179,1,Content Illustration
Wittenberg_1634,180,1,Content Illustration
Wittenberg_1634,181,1,Content Illustration
Wittenberg_1634,182,1,Content Illustration
Wittenberg_1634,182,2,Content Illustration
Wittenberg_1634,183,1,Content Illustration
Wittenberg_1634,184,1,Content Illustration
Wittenberg_1634,185,1,Content Illustration
Wittenberg_1634,186,1,Content Illustration
Wittenberg_1634,187,1,Content Illustration
Wittenberg_1634,188,1,Content Illustration
Wittenberg_1634,189,1,Content Illustration
Wittenberg_1634,190,1,Content Illustration
Wittenberg_1634,191,1,Content Illustration
Wittenberg_1634,192,1,Content Illustration
Wittenberg_1634,198,1,Content Illustration
Wittenberg_1634,307,1,Content Illustration
Wittenberg_1634,308,1,Content Illustration
Wittenberg_1634,308,2,Content Illustration
Wittenberg_1634,310,1,Content Illustration
Wittenberg_1634,311,1,Content Illustration
Wittenberg_1634,312,1,Content Illustration
Wittenberg_1634,313,1,Content Illustration
Wittenberg_1634,318,1,Content Illustration
Wittenberg_1634,321,1,Content Illustration
Wittenberg_1634,322,1,Content Illustration
Wittenberg_1634,323,1,Content Illustration
Wittenberg_1634,324,1,Content Illustration
Wittenberg_1634,325,1,Content Illustration
Wittenberg_1634,328,1,Content Illustration
Wittenberg_1634,330,1,Content Illustration
Wittenberg_1634,334,1,Content Illustration
Wittenberg_1634,335,1,Content Illustration
Wittenberg_1634,335,2,Content Illustration
Wittenberg_1634,336,1,Content Illustration
Wittenberg_1634,337,1,Content Illustration
Wittenberg_1634,338,1,Content Illustration
Wittenberg_1634,339,1,Content Illustration
Wittenberg_1634,340,1,Content Illustration
Wittenberg_1634,341,1,Content Illustration
Wittenberg_1634,341,2,Content Illustration
Wittenberg_1634,343,1,Content Illustration
Wittenberg_1634,345,1,Content Illustration
Wittenberg_1634,346,1,Content Illustration
Wittenberg_1634,352,1,Content Illustration
Wittenberg_1634,354,1,Content Illustration
Wittenberg_1634,356,1,Content Illustration
Wittenberg_1634,357,1,Content Illustration
Wittenberg_1634,359,1,Content Illustration
Wittenberg_1634,359,2,Content Illustration
Wittenberg_1634,360,1,Content Illustration
Wittenberg_1634,362,1,Content Illustration
Wittenberg_1634,366,1,Content Illustration
Wittenberg_1634,367,1,Content Illustration
Wittenberg_1634,368,1,Content Illustration
Wittenberg_1634,372,1,Content Illustration
Wittenberg_1634,376,1,Content Illustration
Wittenberg_1634,380,1,Content Illustration
Wittenberg_1634,382,1,Content Illustration
Wittenberg_1634,384,1,Content Illustration
Wittenberg_1634,387,1,Content Illustration
Wittenberg_1634,389,1,Content Illustration
Wittenberg_1634,390,1,Content Illustration
Wittenberg_1634,394,1,Content Illustration
Wittenberg_1634,398,1,Content Illustration
Wittenberg_1634,404,1,Content Illustration
Wittenberg_1634,408,1,Content Illustration
Wittenberg_1634,412,1,Content Illustration
Wittenberg_1634,417,1,Content Illustration
Wittenberg_1634,422,1,Content Illustration
Wittenberg_1634,425,1,Content Illustration
Wittenberg_1634,427,1,Content Illustration
Wittenberg_1634,429,1,Content Illustration
Wittenberg_1634,437,1,Content Illustration
Wittenberg_1634,437,2,Content Illustration
Wittenberg_1634,439,1,Content Illustration
Wittenberg_1634,439,2,Content Illustration
Wittenberg_1634,445,1,Content Illustration
Wittenberg_1634,447,1,Content Illustration
Wittenberg_1634,452,1,Content Illustration
Wittenberg_1634,454,1,Content Illustration
Wittenberg_1634,458,1,Content Illustration
Wittenberg_1634,459,1,Content Illustration
Wittenberg_1634,460,1,Content Illustration
Wittenberg_1634,464,1,Content Illustration
Wittenberg_1634,466,1,Content Illustration
Wittenberg_1634,468,1,Content Illustration
Wittenberg_1634,469,1,Content Illustration
Wittenberg_1634,470,1,Content Illustration
Wittenberg_1634,479,1,Content Illustration
Wittenberg_1634,479,2,Content Illustration
Wittenberg_1634,480,1,Content Illustration
Wittenberg_1634,481,1,Content Illustration
Wittenberg_1634,482,1,Content Illustration
Wittenberg_1634,483,1,Content Illustration
Wittenberg_1634,484,1,Content Illustration
Wittenberg_1634,484,2,Content Illustration
Wittenberg_1634,485,1,Content Illustration
Wittenberg_1634,486,1,Content Illustration
Wittenberg_1634,487,1,Content Illustration
Wittenberg_1634,487,2,Content Illustration
Wittenberg_1634,488,1,Content Illustration
Wittenberg_1634,489,1,Content Illustration
Wittenberg_1634,489,2,Content Illustration
Wittenberg_1634,490,1,Content Illustration
Wittenberg_1634,491,1,Content Illustration
Wittenberg_1634,491,2,Content Illustration
Wittenberg_1634,492,1,Content Illustration
Wittenberg_1634,493,1,Content Illustration
Wittenberg_1634,494,1,Content Illustration
Wittenberg_1634,495,1,Content Illustration
Wittenberg_1634,496,1,Content Illustration
Wittenberg_1634,498,1,Content Illustration
Wittenberg_1634,499,1,Content Illustration
Wittenberg_1634,499,2,Content Illustration
Wittenberg_1634,501,1,Content Illustration
Wittenberg_1634,502,1,Content Illustration
Wittenberg_1634,504,1,Content Illustration
Wittenberg_1634,505,1,Content Illustration
Wittenberg_1634,506,1,Content Illustration
Wittenberg_1634,508,1,Content Illustration
Wittenberg_1634,508,2,Content Illustration
Wittenberg_1634,510,1,Content Illustration
Wittenberg_1634,511,1,Content Illustration
Wittenberg_1634,511,2,Content Illustration
Wittenberg_1634,513,1,Content Illustration
Wittenberg_1634,514,1,Content Illustration
Wittenberg_1634,515,1,Content Illustration
Wittenberg_1634,518,1,Content Illustration
Wittenberg_1634,519,1,Content Illustration
Wittenberg_1634,520,1,Content Illustration
Wittenberg_1634,521,1,Content Illustration
Wittenberg_1634,522,1,Content Illustration
Wittenberg_1634,523,1,Content Illustration
Wittenberg_1634,524,1,Content Illustration
Wittenberg_1634,527,1,Content Illustration
Wittenberg_1634,531,1,Content Illustration
Wittenberg_1634,532,1,Content Illustration
Wittenberg_1634,535,1,Content Illustration
Wittenberg_1634,536,1,Content Illustration
Wittenberg_1634,537,1,Content Illustration
Wittenberg_1634,539,1,Content Illustration
Wittenberg_1634,540,1,Content Illustration
Wittenberg_1634,543,1,Content Illustration
Wittenberg_1634,546,1,Content Illustration
Wittenberg_1634,549,1,Content Illustration
Wittenberg_1634,550,1,Content Illustration
Wittenberg_1634,551,1,Content Illustration
Wittenberg_1634,553,1,Content Illustration
Wittenberg_1634,555,1,Content Illustration
Wittenberg_1634,557,1,Content Illustration
Wittenberg_1634,559,1,Content Illustration
Wittenberg_1634,560,1,Content Illustration
Wittenberg_1634,560,2,Content Illustration
Wittenberg_1634,562,1,Content Illustration
Wittenberg_1634,564,1,Content Illustration
Wittenberg_1634,566,1,Content Illustration
Wittenberg_1634,568,1,Content Illustration
Wittenberg_1634,568,2,Content Illustration
Wittenberg_1634,568,3,Content Illustration
Wittenberg_1634,569,1,Content Illustration
Wittenberg_1634,571,1,Content Illustration
Wittenberg_1634,572,1,Content Illustration
Wittenberg_1634,573,1,Content Illustration
Wittenberg_1634,575,1,Content Illustration
Wittenberg_1634,576,1,Content Illustration
Wittenberg_1634,579,1,Content Illustration
Wittenberg_1634,580,1,Content Illustration
Wittenberg_1634,582,1,Content Illustration
Wittenberg_1634,583,1,Content Illustration
Wittenberg_1634,584,1,Content Illustration
Wittenberg_1634,585,1,Content Illustration
Wittenberg_1634,587,1,Content Illustration
Wittenberg_1634,588,1,Content Illustration
Wittenberg_1634,592,1,Content Illustration
Wittenberg_1634,593,1,Content Illustration
Wittenberg_1634,595,1,Content Illustration
Wittenberg_1634,600,1,Content Illustration
Wittenberg_1634,601,1,Content Illustration
Wittenberg_1634,602,1,Content Illustration
Geneva_1610,100,1,Content Illustration
Geneva_1610,100,2,Content Illustration
Geneva_1610,101,1,Content Illustration
Geneva_1610,103,1,Content Illustration
Geneva_1610,104,1,Content Illustration
Geneva_1610,105,1,Content Illustration
Geneva_1610,106,1,Content Illustration
Geneva_1610,107,1,Content Illustration
Geneva_1610,107,2,Content Illustration
Geneva_1610,108,1,Content Illustration
Geneva_1610,109,1,Content Illustration
Geneva_1610,110,1,Content Illustration
Geneva_1610,111,1,Content Illustration
Geneva_1610,112,1,Content Illustration
Geneva_1610,113,1,Content Illustration
Geneva_1610,115,1,Content Illustration
Geneva_1610,116,1,Content Illustration
Geneva_1610,116,2,Content Illustration
Geneva_1610,117,1,Content Illustration
Geneva_1610,117,2,Content Illustration
Geneva_1610,117,3,Content Illustration
Geneva_1610,118,1,Content Illustration
Geneva_1610,119,1,Content Illustration
Geneva_1610,119,2,Content Illustration
Geneva_1610,120,1,Content Illustration
Geneva_1610,121,1,Content Illustration
Geneva_1610,121,2,Content Illustration
Geneva_1610,122,1,Content Illustration
Geneva_1610,123,1,Content Illustration
Geneva_1610,124,1,Content Illustration
Geneva_1610,125,1,Content Illustration
Geneva_1610,126,1,Content Illustration
Geneva_1610,127,1,Content Illustration
Geneva_1610,129,1,Content Illustration
Geneva_1610,131,1,Content Illustration
Geneva_1610,132,1,Content Illustration
Geneva_1610,133,1,Content Illustration
Geneva_1610,134,1,Content Illustration
Geneva_1610,135,1,Content Illustration
Geneva_1610,135,2,Content Illustration
Geneva_1610,136,1,Content Illustration
Geneva_1610,137,1,Content Illustration
Geneva_1610,138,1,Content Illustration
Geneva_1610,139,1,Content Illustration
Geneva_1610,140,1,Content Illustration
Geneva_1610,141,1,Content Illustration
Geneva_1610,143,1,Content Illustration
Geneva_1610,144,1,Content Illustration
Geneva_1610,145,1,Content Illustration
Geneva_1610,145,2,Content Illustration
Geneva_1610,145,3,Content Illustration
Geneva_1610,146,1,Content Illustration
Geneva_1610,146,2,Content Illustration
Geneva_1610,147,1,Content Illustration
Geneva_1610,147,2,Content Illustration
Geneva_1610,148,1,Content Illustration
Geneva_1610,148,2,Content Illustration
Geneva_1610,148,3,Content Illustration
Geneva_1610,149,1,Content Illustration
Geneva_1610,149,2,Content Illustration
Geneva_1610,14,1,Content Illustration
Geneva_1610,150,1,Content Illustration
Geneva_1610,150,2,Content Illustration
Geneva_1610,151,1,Content Illustration
Geneva_1610,152,1,Content Illustration
Geneva_1610,153,1,Content Illustration
Geneva_1610,154,1,Content Illustration
Geneva_1610,154,2,Content Illustration
Geneva_1610,155,1,Content Illustration
Geneva_1610,155,2,Content Illustration
Geneva_1610,156,1,Content Illustration
Geneva_1610,157,1,Content Illustration
Geneva_1610,158,1,Content Illustration
Geneva_1610,159,1,Content Illustration
Geneva_1610,159,2,Content Illustration
Geneva_1610,15,1,Content Illustration
Geneva_1610,15,2,Content Illustration
Geneva_1610,160,1,Content Illustration
Geneva_1610,160,2,Content Illustration
Geneva_1610,160,3,Content Illustration
Geneva_1610,161,1,Content Illustration
Geneva_1610,161,2,Content Illustration
Geneva_1610,161,3,Content Illustration
Geneva_1610,161,4,Content Illustration
Geneva_1610,162,1,Content Illustration
Geneva_1610,162,2,Content Illustration
Geneva_1610,162,3,Content Illustration
Geneva_1610,163,1,Content Illustration
Geneva_1610,163,2,Content Illustration
Geneva_1610,164,1,Content Illustration
Geneva_1610,165,1,Content Illustration
Geneva_1610,167,1,Content Illustration
Geneva_1610,167,2,Content Illustration
Geneva_1610,168,1,Content Illustration
Geneva_1610,169,1,Content Illustration
Geneva_1610,16,1,Content Illustration
Geneva_1610,171,1,Content Illustration
Geneva_1610,172,1,Content Illustration
Geneva_1610,172,2,Content Illustration
Geneva_1610,173,1,Content Illustration
Geneva_1610,174,1,Content Illustration
Geneva_1610,175,1,Content Illustration
Geneva_1610,175,2,Content Illustration
Geneva_1610,176,1,Content Illustration
Geneva_1610,176,2,Content Illustration
Geneva_1610,177,1,Content Illustration
Geneva_1610,177,2,Content Illustration
Geneva_1610,177,3,Content Illustration
Geneva_1610,178,1,Content Illustration
Geneva_1610,178,2,Content Illustration
Geneva_1610,179,1,Content Illustration
Geneva_1610,179,2,Content Illustration
Geneva_1610,180,1,Content Illustration
Geneva_1610,180,2,Content Illustration
Geneva_1610,180,3,Content Illustration
Geneva_1610,181,1,Content Illustration
Geneva_1610,181,2,Content Illustration
Geneva_1610,182,1,Content Illustration
Geneva_1610,182,2,Content Illustration
Geneva_1610,182,3,Content Illustration
Geneva_1610,183,1,Content Illustration
Geneva_1610,184,1,Content Illustration
Geneva_1610,184,2,Content Illustration
Geneva_1610,185,1,Content Illustration
Geneva_1610,185,2,Content Illustration
Geneva_1610,186,1,Content Illustration
Geneva_1610,187,1,Content Illustration
Geneva_1610,187,2,Content Illustration
Geneva_1610,188,1,Content Illustration
Geneva_1610,188,2,Content Illustration
Geneva_1610,189,1,Content Illustration
Geneva_1610,189,2,Content Illustration
Geneva_1610,190,1,Content Illustration
Geneva_1610,190,2,Content Illustration
Geneva_1610,190,3,Content Illustration
Geneva_1610,191,1,Content Illustration
Geneva_1610,191,2,Content Illustration
Geneva_1610,192,1,Content Illustration
Geneva_1610,193,1,Content Illustration
Geneva_1610,193,2,Content Illustration
Geneva_1610,194,1,Content Illustration
Geneva_1610,194,2,Content Illustration
Geneva_1610,195,1,Content Illustration
Geneva_1610,195,2,Content Illustration
Geneva_1610,195,3,Content Illustration
Geneva_1610,195,4,Content Illustration
Geneva_1610,196,1,Content Illustration
Geneva_1610,196,2,Content Illustration
Geneva_1610,197,1,Content Illustration
Geneva_1610,197,2,Content Illustration
Geneva_1610,198,1,Content Illustration
Geneva_1610,199,1,Content Illustration
Geneva_1610,199,2,Content Illustration
Geneva_1610,200,1,Content Illustration
Geneva_1610,201,1,Content Illustration
Geneva_1610,202,1,Content Illustration
Geneva_1610,203,1,Content Illustration
Geneva_1610,204,1,Content Illustration
Geneva_1610,204,2,Content Illustration
Geneva_1610,204,3,Content Illustration
Geneva_1610,204,4,Content Illustration
Geneva_1610,205,1,Content Illustration
Geneva_1610,206,1,Content Illustration
Geneva_1610,206,2,Content Illustration
Geneva_1610,207,1,Content Illustration
Geneva_1610,208,1,Content Illustration
Geneva_1610,208,2,Content Illustration
Geneva_1610,209,1,Content Illustration
Geneva_1610,209,2,Content Illustration
Geneva_1610,20,1,Content Illustration
Geneva_1610,210,1,Content Illustration
Geneva_1610,210,2,Content Illustration
Geneva_1610,210,3,Content Illustration
Geneva_1610,211,1,Content Illustration
Geneva_1610,212,1,Content Illustration
Geneva_1610,212,2,Content Illustration
Geneva_1610,213,1,Content Illustration
Geneva_1610,213,2,Content Illustration
Geneva_1610,214,1,Content Illustration
Geneva_1610,215,1,Content Illustration
Geneva_1610,215,2,Content Illustration
Geneva_1610,216,1,Content Illustration
Geneva_1610,216,2,Content Illustration
Geneva_1610,218,1,Content Illustration
Geneva_1610,218,2,Content Illustration
Geneva_1610,21,1,Content Illustration
Geneva_1610,220,1,Content Illustration
Geneva_1610,220,2,Content Illustration
Geneva_1610,223,1,Content Illustration
Geneva_1610,224,1,Content Illustration
Geneva_1610,225,1,Content Illustration
Geneva_1610,226,1,Content Illustration
Geneva_1610,227,1,Content Illustration
Geneva_1610,227,2,Content Illustration
Geneva_1610,228,1,Content Illustration
Geneva_1610,228,2,Content Illustration
Geneva_1610,231,1,Content Illustration
Geneva_1610,232,1,Content Illustration
Geneva_1610,234,1,Content Illustration
Geneva_1610,235,1,Content Illustration
Geneva_1610,236,1,Content Illustration
Geneva_1610,239,1,Content Illustration
Geneva_1610,239,2,Content Illustration
Geneva_1610,23,1,Content Illustration
Geneva_1610,23,2,Content Illustration
Geneva_1610,243,1,Content Illustration
Geneva_1610,243,2,Content Illustration
Geneva_1610,243,3,Content Illustration
Geneva_1610,243,4,Content Illustration
Geneva_1610,244,1,Content Illustration
Geneva_1610,244,2,Content Illustration
Geneva_1610,246,1,Content Illustration
Geneva_1610,247,1,Content Illustration
Geneva_1610,249,1,Content Illustration
Geneva_1610,24,1,Content Illustration
Geneva_1610,251,1,Content Illustration
Geneva_1610,251,2,Content Illustration
Geneva_1610,252,1,Content Illustration
Geneva_1610,252,2,Content Illustration
Geneva_1610,253,1,Content Illustration
Geneva_1610,253,2,Content Illustration
Geneva_1610,254,1,Content Illustration
Geneva_1610,255,1,Content Illustration
Geneva_1610,256,1,Content Illustration
Geneva_1610,257,1,Content Illustration
Geneva_1610,258,1,Content Illustration
Geneva_1610,258,2,Content Illustration
Geneva_1610,259,1,Content Illustration
Geneva_1610,25,1,Content Illustration
Geneva_1610,25,2,Content Illustration
Geneva_1610,25,3,Content Illustration
Geneva_1610,260,1,Content Illustration
Geneva_1610,262,1,Content Illustration
Geneva_1610,263,1,Content Illustration
Geneva_1610,263,2,Content Illustration
Geneva_1610,264,1,Content Illustration
Geneva_1610,264,2,Content Illustration
Geneva_1610,266,1,Content Illustration
Geneva_1610,266,2,Content Illustration
Geneva_1610,267,1,Content Illustration
Geneva_1610,267,2,Content Illustration
Geneva_1610,267,3,Content Illustration
Geneva_1610,267,4,Content Illustration
Geneva_1610,267,5,Content Illustration
Geneva_1610,268,1,Content Illustration
Geneva_1610,268,2,Content Illustration
Geneva_1610,268,3,Content Illustration
Geneva_1610,269,1,Content Illustration
Geneva_1610,269,2,Content Illustration
Geneva_1610,269,3,Content Illustration
Geneva_1610,269,4,Content Illustration
Geneva_1610,269,5,Content Illustration
Geneva_1610,269,6,Content Illustration
Geneva_1610,26,1,Content Illustration
Geneva_1610,26,2,Content Illustration
Geneva_1610,26,3,Content Illustration
Geneva_1610,271,1,Content Illustration
Geneva_1610,271,2,Content Illustration
Geneva_1610,272,1,Content Illustration
Geneva_1610,272,2,Content Illustration
Geneva_1610,273,1,Content Illustration
Geneva_1610,274,1,Content Illustration
Geneva_1610,274,2,Content Illustration
Geneva_1610,275,1,Content Illustration
Geneva_1610,276,1,Content Illustration
Geneva_1610,276,2,Content Illustration
Geneva_1610,276,3,Content Illustration
Geneva_1610,276,4,Content Illustration
Geneva_1610,276,5,Content Illustration
Geneva_1610,278,1,Content Illustration
Geneva_1610,278,2,Content Illustration
Geneva_1610,279,1,Content Illustration
Geneva_1610,279,2,Content Illustration
Geneva_1610,27,1,Content Illustration
Geneva_1610,27,2,Content Illustration
Geneva_1610,280,1,Content Illustration
Geneva_1610,280,2,Content Illustration
Geneva_1610,281,1,Content Illustration
Geneva_1610,281,2,Content Illustration
Geneva_1610,282,1,Content Illustration
Geneva_1610,282,2,Content Illustration
Geneva_1610,284,1,Content Illustration
Geneva_1610,285,1,Content Illustration
Geneva_1610,286,1,Content Illustration
Geneva_1610,286,2,Content Illustration
Geneva_1610,287,1,Content Illustration
Geneva_1610,288,1,Content Illustration
Geneva_1610,288,2,Content Illustration
Geneva_1610,289,1,Content Illustration
Geneva_1610,28,1,Content Illustration
Geneva_1610,290,1,Content Illustration
Geneva_1610,290,2,Content Illustration
Geneva_1610,291,1,Content Illustration
Geneva_1610,292,1,Content Illustration
Geneva_1610,292,2,Content Illustration
Geneva_1610,293,1,Content Illustration
Geneva_1610,294,1,Content Illustration
Geneva_1610,294,2,Content Illustration
Geneva_1610,295,1,Content Illustration
Geneva_1610,296,1,Content Illustration
Geneva_1610,296,2,Content Illustration
Geneva_1610,297,1,Content Illustration
Geneva_1610,297,2,Content Illustration
Geneva_1610,297,3,Content Illustration
Geneva_1610,298,1,Content Illustration
Geneva_1610,298,2,Content Illustration
Geneva_1610,299,1,Content Illustration
Geneva_1610,299,2,Content Illustration
Geneva_1610,300,1,Content Illustration
Geneva_1610,301,1,Content Illustration
Geneva_1610,302,1,Content Illustration
Geneva_1610,303,1,Content Illustration
Geneva_1610,304,1,Content Illustration
Geneva_1610,305,1,Content Illustration
Geneva_1610,305,2,Content Illustration
Geneva_1610,305,3,Content Illustration
Geneva_1610,306,1,Content Illustration
Geneva_1610,307,1,Content Illustration
Geneva_1610,308,1,Content Illustration
Geneva_1610,309,1,Content Illustration
Geneva_1610,309,2,Content Illustration
Geneva_1610,310,1,Content Illustration
Geneva_1610,310,2,Content Illustration
Geneva_1610,311,1,Content Illustration
Geneva_1610,311,2,Content Illustration
Geneva_1610,312,1,Content Illustration
Geneva_1610,312,2,Content Illustration
Geneva_1610,313,1,Content Illustration
Geneva_1610,313,2,Content Illustration
Geneva_1610,314,1,Content Illustration
Geneva_1610,315,1,Content Illustration
Geneva_1610,315,2,Content Illustration
Geneva_1610,316,1,Content Illustration
Geneva_1610,317,1,Content Illustration
Geneva_1610,317,2,Content Illustration
Geneva_1610,318,1,Content Illustration
Geneva_1610,31,1,Content Illustration
Geneva_1610,320,1,Content Illustration
Geneva_1610,320,2,Content Illustration
Geneva_1610,321,1,Content Illustration
Geneva_1610,322,1,Content Illustration
Geneva_1610,322,2,Content Illustration
Geneva_1610,324,1,Content Illustration
Geneva_1610,325,1,Content Illustration
Geneva_1610,326,1,Content Illustration
Geneva_1610,326,2,Content Illustration
Geneva_1610,32,1,Content Illustration
Geneva_1610,337,1,Content Illustration
Geneva_1610,33,1,Content Illustration
Geneva_1610,345,1,Content Illustration
Geneva_1610,346,1,Content Illustration
Geneva_1610,34,1,Content Illustration
Geneva_1610,35,1,Content Illustration
Geneva_1610,36,1,Content Illustration
Geneva_1610,38,1,Content Illustration
Geneva_1610,38,2,Content Illustration
Geneva_1610,39,1,Content Illustration
Geneva_1610,40,1,Content Illustration
Geneva_1610,41,1,Content Illustration
Geneva_1610,42,1,Content Illustration
Geneva_1610,42,2,Content Illustration
Geneva_1610,43,1,Content Illustration
Geneva_1610,43,2,Content Illustration
Geneva_1610,44,1,Content Illustration
Geneva_1610,45,1,Content Illustration
Geneva_1610,45,2,Content Illustration
Geneva_1610,45,3,Content Illustration
Geneva_1610,46,1,Content Illustration
Geneva_1610,47,1,Content Illustration
Geneva_1610,48,1,Content Illustration
Geneva_1610,48,2,Content Illustration
Geneva_1610,49,1,Content Illustration
Geneva_1610,4,1,Content Illustration
Geneva_1610,50,1,Content Illustration
Geneva_1610,50,2,Content Illustration
Geneva_1610,51,1,Content Illustration
Geneva_1610,52,1,Content Illustration
Geneva_1610,52,2,Content Illustration
Geneva_1610,53,1,Content Illustration
Geneva_1610,53,2,Content Illustration
Geneva_1610,54,1,Content Illustration
Geneva_1610,54,2,Content Illustration
Geneva_1610,55,1,Content Illustration
Geneva_1610,56,1,Content Illustration
Geneva_1610,57,1,Content Illustration
Geneva_1610,57,2,Content Illustration
Geneva_1610,58,1,Content Illustration
Geneva_1610,58,2,Content Illustration
Geneva_1610,59,1,Content Illustration
Geneva_1610,59,2,Content Illustration
Geneva_1610,60,1,Content Illustration
Geneva_1610,61,1,Content Illustration
Geneva_1610,62,1,Content Illustration
Geneva_1610,63,1,Content Illustration
Geneva_1610,64,1,Content Illustration
Geneva_1610,64,2,Content Illustration
Geneva_1610,65,1,Content Illustration
Geneva_1610,65,2,Content Illustration
Geneva_1610,65,3,Content Illustration
Geneva_1610,66,1,Content Illustration
Geneva_1610,67,1,Content Illustration
Geneva_1610,67,2,Content Illustration
Geneva_1610,67,3,Content Illustration
Geneva_1610,68,1,Content Illustration
Geneva_1610,68,2,Content Illustration
Geneva_1610,69,1,Content Illustration
Geneva_1610,69,2,Content Illustration
Geneva_1610,70,1,Content Illustration
Geneva_1610,71,1,Content Illustration
Geneva_1610,72,1,Content Illustration
Geneva_1610,72,2,Content Illustration
Geneva_1610,72,3,Content Illustration
Geneva_1610,73,1,Content Illustration
Geneva_1610,73,2,Content Illustration
Geneva_1610,74,1,Content Illustration
Geneva_1610,74,2,Content Illustration
Geneva_1610,75,1,Content Illustration
Geneva_1610,75,2,Content Illustration
Geneva_1610,76,1,Content Illustration
Geneva_1610,76,2,Content Illustration
Geneva_1610,77,1,Content Illustration
Geneva_1610,77,2,Content Illustration
Geneva_1610,78,1,Content Illustration
Geneva_1610,78,2,Content Illustration
Geneva_1610,79,1,Content Illustration
Geneva_1610,80,1,Content Illustration
Geneva_1610,81,1,Content Illustration
Geneva_1610,82,1,Content Illustration
Geneva_1610,83,1,Content Illustration
Geneva_1610,83,2,Content Illustration
Geneva_1610,84,1,Content Illustration
Geneva_1610,85,1,Content Illustration
Geneva_1610,86,1,Content Illustration
Geneva_1610,87,1,Content Illustration
Geneva_1610,88,1,Content Illustration
Geneva_1610,89,1,Content Illustration
Geneva_1610,90,1,Content Illustration
Geneva_1610,91,1,Content Illustration
Geneva_1610,92,1,Content Illustration
Geneva_1610,92,2,Content Illustration
Geneva_1610,93,1,Content Illustration
Geneva_1610,94,1,Content Illustration
Geneva_1610,96,1,Content Illustration
Geneva_1610,96,2,Content Illustration
Geneva_1610,97,1,Content Illustration
Geneva_1610,98,1,Content Illustration
Ansbach_1610,100,1,Content Illustration
Ansbach_1610,101,1,Content Illustration
Ansbach_1610,101,2,Content Illustration
Ansbach_1610,102,1,Content Illustration
Ansbach_1610,102,2,Content Illustration
Ansbach_1610,102,3,Content Illustration
Ansbach_1610,103,1,Content Illustration
Ansbach_1610,103,2,Content Illustration
Ansbach_1610,104,1,Content Illustration
Ansbach_1610,104,2,Content Illustration
Ansbach_1610,104,3,Content Illustration
Ansbach_1610,105,1,Content Illustration
Ansbach_1610,105,2,Content Illustration
Ansbach_1610,106,1,Content Illustration
Ansbach_1610,106,2,Content Illustration
Ansbach_1610,106,3,Content Illustration
Ansbach_1610,106,4,Content Illustration
Ansbach_1610,106,5,Content Illustration
Ansbach_1610,107,1,Content Illustration
Ansbach_1610,108,1,Content Illustration
Ansbach_1610,108,2,Content Illustration
Ansbach_1610,109,1,Content Illustration
Ansbach_1610,110,1,Content Illustration
Ansbach_1610,111,1,Content Illustration
Ansbach_1610,111,2,Content Illustration
Ansbach_1610,112,1,Content Illustration
Ansbach_1610,112,2,Content Illustration
Ansbach_1610,113,1,Content Illustration
Ansbach_1610,113,2,Content Illustration
Ansbach_1610,114,1,Content Illustration
Ansbach_1610,114,2,Content Illustration
Ansbach_1610,115,1,Content Illustration
Ansbach_1610,115,2,Content Illustration
Ansbach_1610,116,1,Content Illustration
Ansbach_1610,116,2,Content Illustration
Ansbach_1610,116,3,Content Illustration
Ansbach_1610,117,1,Content Illustration
Ansbach_1610,118,1,Content Illustration
Ansbach_1610,118,2,Content Illustration
Ansbach_1610,118,3,Content Illustration
Ansbach_1610,119,1,Content Illustration
Ansbach_1610,119,2,Content Illustration
Ansbach_1610,119,3,Content Illustration
Ansbach_1610,120,1,Content Illustration
Ansbach_1610,120,2,Content Illustration
Ansbach_1610,120,3,Content Illustration
Ansbach_1610,121,1,Content Illustration
Ansbach_1610,121,2,Content Illustration
Ansbach_1610,122,1,Content Illustration
Ansbach_1610,122,2,Content Illustration
Ansbach_1610,122,3,Content Illustration
Ansbach_1610,123,1,Content Illustration
Ansbach_1610,123,2,Content Illustration
Ansbach_1610,123,3,Content Illustration
Ansbach_1610,124,1,Content Illustration
Ansbach_1610,125,1,Content Illustration
Ansbach_1610,125,2,Content Illustration
Ansbach_1610,125,3,Content Illustration
Ansbach_1610,126,1,Content Illustration
Ansbach_1610,126,2,Content Illustration
Ansbach_1610,126,3,Content Illustration
Ansbach_1610,127,1,Content Illustration
Ansbach_1610,129,1,Content Illustration
Ansbach_1610,130,1,Content Illustration
Ansbach_1610,130,2,Content Illustration
Ansbach_1610,130,3,Content Illustration
Ansbach_1610,131,1,Content Illustration
Ansbach_1610,131,2,Content Illustration
Ansbach_1610,132,1,Content Illustration
Ansbach_1610,135,1,Content Illustration
Ansbach_1610,136,1,Content Illustration
Ansbach_1610,138,1,Content Illustration
Ansbach_1610,138,2,Content Illustration
Ansbach_1610,138,3,Content Illustration
Ansbach_1610,140,1,Content Illustration
Ansbach_1610,140,2,Content Illustration
Ansbach_1610,140,3,Content Illustration
Ansbach_1610,143,1,Content Illustration
Ansbach_1610,144,1,Content Illustration
Ansbach_1610,145,1,Content Illustration
Ansbach_1610,146,1,Content Illustration
Ansbach_1610,148,1,Content Illustration
Ansbach_1610,150,1,Content Illustration
Ansbach_1610,152,1,Content Illustration
Ansbach_1610,153,1,Content Illustration
Ansbach_1610,155,1,Content Illustration
Ansbach_1610,155,2,Content Illustration
Ansbach_1610,157,1,Content Illustration
Ansbach_1610,158,1,Content Illustration
Ansbach_1610,158,2,Content Illustration
Ansbach_1610,159,1,Content Illustration
Ansbach_1610,159,2,Content Illustration
Ansbach_1610,15,1,Content Illustration
Ansbach_1610,160,1,Content Illustration
Ansbach_1610,161,1,Content Illustration
Ansbach_1610,162,1,Content Illustration
Ansbach_1610,164,1,Content Illustration
Ansbach_1610,165,1,Content Illustration
Ansbach_1610,166,1,Content Illustration
Ansbach_1610,167,1,Content Illustration
Ansbach_1610,168,1,Content Illustration
Ansbach_1610,168,2,Content Illustration
Ansbach_1610,169,1,Content Illustration
Ansbach_1610,169,2,Content Illustration
Ansbach_1610,170,1,Content Illustration
Ansbach_1610,171,1,Content Illustration
Ansbach_1610,171,2,Content Illustration
Ansbach_1610,172,1,Content Illustration
Ansbach_1610,173,1,Content Illustration
Ansbach_1610,173,2,Content Illustration
Ansbach_1610,174,1,Content Illustration
Ansbach_1610,175,1,Content Illustration
Ansbach_1610,177,1,Content Illustration
Ansbach_1610,178,1,Content Illustration
Ansbach_1610,179,1,Content Illustration
Ansbach_1610,180,1,Content Illustration
Ansbach_1610,181,1,Content Illustration
Ansbach_1610,182,1,Content Illustration
Ansbach_1610,183,1,Content Illustration
Ansbach_1610,183,2,Content Illustration
Ansbach_1610,184,1,Content Illustration
Ansbach_1610,185,1,Content Illustration
Ansbach_1610,186,1,Content Illustration
Ansbach_1610,187,1,Content Illustration
Ansbach_1610,26,1,Content Illustration
Ansbach_1610,26,2,Content Illustration
Ansbach_1610,27,1,Content Illustration
Ansbach_1610,27,2,Content Illustration
Ansbach_1610,27,3,Content Illustration
Ansbach_1610,27,4,Content Illustration
Ansbach_1610,27,5,Content Illustration
Ansbach_1610,27,6,Content Illustration
Ansbach_1610,27,7,Content Illustration
Ansbach_1610,27,8,Content Illustration
Ansbach_1610,28,1,Content Illustration
Ansbach_1610,28,2,Content Illustration
Ansbach_1610,28,3,Content Illustration
Ansbach_1610,28,4,Content Illustration
Ansbach_1610,28,5,Content Illustration
Ansbach_1610,28,6,Content Illustration
Ansbach_1610,28,7,Content Illustration
Ansbach_1610,29,1,Content Illustration
Ansbach_1610,29,2,Content Illustration
Ansbach_1610,29,3,Content Illustration
Ansbach_1610,30,1,Content Illustration
Ansbach_1610,31,1,Content Illustration
Ansbach_1610,31,2,Content Illustration
Ansbach_1610,31,3,Content Illustration
Ansbach_1610,32,1,Content Illustration
Ansbach_1610,32,2,Content Illustration
Ansbach_1610,33,1,Content Illustration
Ansbach_1610,33,2,Content Illustration
Ansbach_1610,34,1,Content Illustration
Ansbach_1610,34,2,Content Illustration
Ansbach_1610,35,1,Content Illustration
Ansbach_1610,35,2,Content Illustration
Ansbach_1610,36,1,Content Illustration
Ansbach_1610,36,2,Content Illustration
Ansbach_1610,36,3,Content Illustration
Ansbach_1610,37,1,Content Illustration
Ansbach_1610,37,2,Content Illustration
Ansbach_1610,37,3,Content Illustration
Ansbach_1610,37,4,Content Illustration
Ansbach_1610,38,1,Content Illustration
Ansbach_1610,38,2,Content Illustration
Ansbach_1610,38,3,Content Illustration
Ansbach_1610,39,1,Content Illustration
Ansbach_1610,39,2,Content Illustration
Ansbach_1610,39,3,Content Illustration
Ansbach_1610,39,4,Content Illustration
Ansbach_1610,40,1,Content Illustration
Ansbach_1610,40,2,Content Illustration
Ansbach_1610,41,1,Content Illustration
Ansbach_1610,41,2,Content Illustration
Ansbach_1610,41,3,Content Illustration
Ansbach_1610,41,4,Content Illustration
Ansbach_1610,41,5,Content Illustration
Ansbach_1610,42,1,Content Illustration
Ansbach_1610,42,2,Content Illustration
Ansbach_1610,43,1,Content Illustration
Ansbach_1610,44,1,Content Illustration
Ansbach_1610,44,2,Content Illustration
Ansbach_1610,45,1,Content Illustration
Ansbach_1610,45,2,Content Illustration
Ansbach_1610,46,1,Content Illustration
Ansbach_1610,46,2,Content Illustration
Ansbach_1610,46,3,Content Illustration
Ansbach_1610,48,1,Content Illustration
Ansbach_1610,48,2,Content Illustration
Ansbach_1610,48,3,Content Illustration
Ansbach_1610,49,1,Content Illustration
Ansbach_1610,49,2,Content Illustration
Ansbach_1610,50,1,Content Illustration
Ansbach_1610,51,1,Content Illustration
Ansbach_1610,51,2,Content Illustration
Ansbach_1610,51,3,Content Illustration
Ansbach_1610,52,1,Content Illustration
Ansbach_1610,52,2,Content Illustration
Ansbach_1610,53,1,Content Illustration
Ansbach_1610,53,2,Content Illustration
Ansbach_1610,54,1,Content Illustration
Ansbach_1610,54,2,Content Illustration
Ansbach_1610,55,1,Content Illustration
Ansbach_1610,55,2,Content Illustration
Ansbach_1610,56,1,Content Illustration
Ansbach_1610,56,2,Content Illustration
Ansbach_1610,56,3,Content Illustration
Ansbach_1610,57,1,Content Illustration
Ansbach_1610,57,2,Content Illustration
Ansbach_1610,58,1,Content Illustration
Ansbach_1610,58,2,Content Illustration
Ansbach_1610,59,1,Content Illustration
Ansbach_1610,59,2,Content Illustration
Ansbach_1610,60,1,Content Illustration
Ansbach_1610,60,2,Content Illustration
Ansbach_1610,61,1,Content Illustration
Ansbach_1610,61,2,Content Illustration
Ansbach_1610,61,3,Content Illustration
Ansbach_1610,61,4,Content Illustration
Ansbach_1610,62,1,Content Illustration
Ansbach_1610,62,2,Content Illustration
Ansbach_1610,63,1,Content Illustration
Ansbach_1610,64,1,Content Illustration
Ansbach_1610,64,2,Content Illustration
Ansbach_1610,64,3,Content Illustration
Ansbach_1610,64,4,Content Illustration
Ansbach_1610,64,5,Content Illustration
Ansbach_1610,65,1,Content Illustration
Ansbach_1610,66,1,Content Illustration
Ansbach_1610,67,1,Content Illustration
Ansbach_1610,67,2,Content Illustration
Ansbach_1610,67,3,Content Illustration
Ansbach_1610,69,1,Content Illustration
Ansbach_1610,70,1,Content Illustration
Ansbach_1610,70,2,Content Illustration
Ansbach_1610,71,1,Content Illustration
Ansbach_1610,71,2,Content Illustration
Ansbach_1610,72,1,Content Illustration
Ansbach_1610,72,2,Content Illustration
Ansbach_1610,73,1,Content Illustration
Ansbach_1610,73,2,Content Illustration
Ansbach_1610,74,1,Content Illustration
Ansbach_1610,75,1,Content Illustration
Ansbach_1610,76,1,Content Illustration
Ansbach_1610,76,2,Content Illustration
Ansbach_1610,77,1,Content Illustration
Ansbach_1610,78,1,Content Illustration
Ansbach_1610,79,1,Content Illustration
Ansbach_1610,80,1,Content Illustration
Ansbach_1610,80,2,Content Illustration
Ansbach_1610,81,1,Content Illustration
Ansbach_1610,81,2,Content Illustration
Ansbach_1610,82,1,Content Illustration
Ansbach_1610,82,2,Content Illustration
Ansbach_1610,82,3,Content Illustration
Ansbach_1610,83,1,Content Illustration
Ansbach_1610,84,1,Content Illustration
Ansbach_1610,85,1,Content Illustration
Ansbach_1610,86,1,Content Illustration
Ansbach_1610,87,1,Content Illustration
Ansbach_1610,87,2,Content Illustration
Ansbach_1610,87,3,Content Illustration
Ansbach_1610,87,4,Content Illustration
Ansbach_1610,88,1,Content Illustration
Ansbach_1610,88,2,Content Illustration
Ansbach_1610,88,3,Content Illustration
Ansbach_1610,88,4,Content Illustration
Ansbach_1610,88,5,Content Illustration
Ansbach_1610,89,1,Content Illustration
Ansbach_1610,89,2,Content Illustration
Ansbach_1610,89,3,Content Illustration
Ansbach_1610,89,4,Content Illustration
Ansbach_1610,90,1,Content Illustration
Ansbach_1610,90,2,Content Illustration
Ansbach_1610,91,1,Content Illustration
Ansbach_1610,91,2,Content Illustration
Ansbach_1610,92,1,Content Illustration
Ansbach_1610,93,1,Content Illustration
Ansbach_1610,93,2,Content Illustration
Ansbach_1610,94,1,Content Illustration
Ansbach_1610,95,1,Content Illustration
Ansbach_1610,96,1,Content Illustration
Ansbach_1610,96,2,Content Illustration
Ansbach_1610,96,3,Content Illustration
Ansbach_1610,97,1,Content Illustration
Ansbach_1610,97,2,Content Illustration
Ansbach_1610,98,1,Content Illustration
Ansbach_1610,99,1,Content Illustration
Paris_1610,100,1,Content Illustration
Paris_1610,100,2,Content Illustration
Paris_1610,101,1,Content Illustration
Paris_1610,101,2,Content Illustration
Paris_1610,102,1,Content Illustration
Paris_1610,104,1,Content Illustration
Paris_1610,105,1,Content Illustration
Paris_1610,105,2,Content Illustration
Paris_1610,106,1,Content Illustration
Paris_1610,107,1,Content Illustration
Paris_1610,107,2,Content Illustration
Paris_1610,108,1,Content Illustration
Paris_1610,108,2,Content Illustration
Paris_1610,109,1,Content Illustration
Paris_1610,109,2,Content Illustration
Paris_1610,109,3,Content Illustration
Paris_1610,110,1,Content Illustration
Paris_1610,110,2,Content Illustration
Paris_1610,111,1,Content Illustration
Paris_1610,111,2,Content Illustration
Paris_1610,112,1,Content Illustration
Paris_1610,112,2,Content Illustration
Paris_1610,113,1,Content Illustration
Paris_1610,114,1,Content Illustration
Paris_1610,114,2,Content Illustration
Paris_1610,115,1,Content Illustration
Paris_1610,116,1,Content Illustration
Paris_1610,116,2,Content Illustration
Paris_1610,117,1,Content Illustration
Paris_1610,117,2,Content Illustration
Paris_1610,118,1,Content Illustration
Paris_1610,118,2,Content Illustration
Paris_1610,119,1,Content Illustration
Paris_1610,120,1,Content Illustration
Paris_1610,120,2,Content Illustration
Paris_1610,120,3,Content Illustration
Paris_1610,121,1,Content Illustration
Paris_1610,130,1,Content Illustration
Paris_1610,134,1,Content Illustration
Paris_1610,139,1,Content Illustration
Paris_1610,163,1,Content Illustration
Paris_1610,171,1,Content Illustration
Paris_1610,171,2,Content Illustration
Paris_1610,172,1,Content Illustration
Paris_1610,172,2,Content Illustration
Paris_1610,173,1,Content Illustration
Paris_1610,173,2,Content Illustration
Paris_1610,173,3,Content Illustration
Paris_1610,175,1,Content Illustration
Paris_1610,176,1,Content Illustration
Paris_1610,176,2,Content Illustration
Paris_1610,177,1,Content Illustration
Paris_1610,177,2,Content Illustration
Paris_1610,178,1,Content Illustration
Paris_1610,178,2,Content Illustration
Paris_1610,179,1,Content Illustration
Paris_1610,180,1,Content Illustration
Paris_1610,181,1,Content Illustration
Paris_1610,182,1,Content Illustration
Paris_1610,183,1,Content Illustration
Paris_1610,183,2,Content Illustration
Paris_1610,184,1,Content Illustration
Paris_1610,184,2,Content Illustration
Paris_1610,185,1,Content Illustration
Paris_1610,186,1,Content Illustration
Paris_1610,187,1,Content Illustration
Paris_1610,188,1,Content Illustration
Paris_1610,18,1,Content Illustration
Paris_1610,18,2,Content Illustration
Paris_1610,190,1,Content Illustration
Paris_1610,191,1,Content Illustration
Paris_1610,192,1,Content Illustration
Paris_1610,192,2,Content Illustration
Paris_1610,193,1,Content Illustration
Paris_1610,194,1,Content Illustration
Paris_1610,195,1,Content Illustration
Paris_1610,196,1,Content Illustration
Paris_1610,196,2,Content Illustration
Paris_1610,196,3,Content Illustration
Paris_1610,197,1,Content Illustration
Paris_1610,198,1,Content Illustration
Paris_1610,198,2,Content Illustration
Paris_1610,199,1,Content Illustration
Paris_1610,19,1,Content Illustration
Paris_1610,19,2,Content Illustration
Paris_1610,201,1,Content Illustration
Paris_1610,201,2,Content Illustration
Paris_1610,202,1,Content Illustration
Paris_1610,202,2,Content Illustration
Paris_1610,203,1,Content Illustration
Paris_1610,203,2,Content Illustration
Paris_1610,207,1,Content Illustration
Paris_1610,208,1,Content Illustration
Paris_1610,20,1,Content Illustration
Paris_1610,20,2,Content Illustration
Paris_1610,210,1,Content Illustration
Paris_1610,210,2,Content Illustration
Paris_1610,212,1,Content Illustration
Paris_1610,214,1,Content Illustration
Paris_1610,216,1,Content Illustration
Paris_1610,217,1,Content Illustration
Paris_1610,218,1,Content Illustration
Paris_1610,219,1,Content Illustration
Paris_1610,219,2,Content Illustration
Paris_1610,21,1,Content Illustration
Paris_1610,220,1,Content Illustration
Paris_1610,221,1,Content Illustration
Paris_1610,222,1,Content Illustration
Paris_1610,223,1,Content Illustration
Paris_1610,224,1,Content Illustration
Paris_1610,225,1,Content Illustration
Paris_1610,225,2,Content Illustration
Paris_1610,226,1,Content Illustration
Paris_1610,226,2,Content Illustration
Paris_1610,227,1,Content Illustration
Paris_1610,227,2,Content Illustration
Paris_1610,228,1,Content Illustration
Paris_1610,22,1,Content Illustration
Paris_1610,22,2,Content Illustration
Paris_1610,22,3,Content Illustration
Paris_1610,232,1,Content Illustration
Paris_1610,234,1,Content Illustration
Paris_1610,235,1,Content Illustration
Paris_1610,236,1,Content Illustration
Paris_1610,238,1,Content Illustration
Paris_1610,238,2,Content Illustration
Paris_1610,23,1,Content Illustration
Paris_1610,23,2,Content Illustration
Paris_1610,240,1,Content Illustration
Paris_1610,241,1,Content Illustration
Paris_1610,242,1,Content Illustration
Paris_1610,243,1,Content Illustration
Paris_1610,243,2,Content Illustration
Paris_1610,244,1,Content Illustration
Paris_1610,244,2,Content Illustration
Paris_1610,248,1,Content Illustration
Paris_1610,248,2,Content Illustration
Paris_1610,249,1,Content Illustration
Paris_1610,249,2,Content Illustration
Paris_1610,24,1,Content Illustration
Paris_1610,24,2,Content Illustration
Paris_1610,250,1,Content Illustration
Paris_1610,250,2,Content Illustration
Paris_1610,251,1,Content Illustration
Paris_1610,251,2,Content Illustration
Paris_1610,252,1,Content Illustration
Paris_1610,252,2,Content Illustration
Paris_1610,253,1,Content Illustration
Paris_1610,253,2,Content Illustration
Paris_1610,253,3,Content Illustration
Paris_1610,254,1,Content Illustration
Paris_1610,254,2,Content Illustration
Paris_1610,255,1,Content Illustration
Paris_1610,255,2,Content Illustration
Paris_1610,256,1,Content Illustration
Paris_1610,256,2,Content Illustration
Paris_1610,257,1,Content Illustration
Paris_1610,257,2,Content Illustration
Paris_1610,258,1,Content Illustration
Paris_1610,259,1,Content Illustration
Paris_1610,259,2,Content Illustration
Paris_1610,259,3,Content Illustration
Paris_1610,25,1,Content Illustration
Paris_1610,25,2,Content Illustration
Paris_1610,260,1,Content Illustration
Paris_1610,260,2,Content Illustration
Paris_1610,261,1,Content Illustration
Paris_1610,262,1,Content Illustration
Paris_1610,262,2,Content Illustration
Paris_1610,263,1,Content Illustration
Paris_1610,263,2,Content Illustration
Paris_1610,264,1,Content Illustration
Paris_1610,265,1,Content Illustration
Paris_1610,265,2,Content Illustration
Paris_1610,266,1,Content Illustration
Paris_1610,266,2,Content Illustration
Paris_1610,266,3,Content Illustration
Paris_1610,267,1,Content Illustration
Paris_1610,267,2,Content Illustration
Paris_1610,267,3,Content Illustration
Paris_1610,268,1,Content Illustration
Paris_1610,269,1,Content Illustration
Paris_1610,26,1,Content Illustration
Paris_1610,26,2,Content Illustration
Paris_1610,270,1,Content Illustration
Paris_1610,271,1,Content Illustration
Paris_1610,271,2,Content Illustration
Paris_1610,272,1,Content Illustration
Paris_1610,275,1,Content Illustration
Paris_1610,276,1,Content Illustration
Paris_1610,276,2,Content Illustration
Paris_1610,276,3,Content Illustration
Paris_1610,278,1,Content Illustration
Paris_1610,279,1,Content Illustration
Paris_1610,279,2,Content Illustration
Paris_1610,27,1,Content Illustration
Paris_1610,27,2,Content Illustration
Paris_1610,27,3,Content Illustration
Paris_1610,280,1,Content Illustration
Paris_1610,281,1,Content Illustration
Paris_1610,281,2,Content Illustration
Paris_1610,282,1,Content Illustration
Paris_1610,283,1,Content Illustration
Paris_1610,284,1,Content Illustration
Paris_1610,284,2,Content Illustration
Paris_1610,285,1,Content Illustration
Paris_1610,286,1,Content Illustration
Paris_1610,286,2,Content Illustration
Paris_1610,287,1,Content Illustration
Paris_1610,287,2,Content Illustration
Paris_1610,287,3,Content Illustration
Paris_1610,287,4,Content Illustration
Paris_1610,288,1,Content Illustration
Paris_1610,289,1,Content Illustration
Paris_1610,289,2,Content Illustration
Paris_1610,28,1,Content Illustration
Paris_1610,290,1,Content Illustration
Paris_1610,291,1,Content Illustration
Paris_1610,292,1,Content Illustration
Paris_1610,294,1,Content Illustration
Paris_1610,295,1,Content Illustration
Paris_1610,296,1,Content Illustration
Paris_1610,297,1,Content Illustration
Paris_1610,297,2,Content Illustration
Paris_1610,298,1,Content Illustration
Paris_1610,298,2,Content Illustration
Paris_1610,299,1,Content Illustration
Paris_1610,299,2,Content Illustration
Paris_1610,29,1,Content Illustration
Paris_1610,29,2,Content Illustration
Paris_1610,300,1,Content Illustration
Paris_1610,301,1,Content Illustration
Paris_1610,302,1,Content Illustration
Paris_1610,303,1,Content Illustration
Paris_1610,304,1,Content Illustration
Paris_1610,305,1,Content Illustration
Paris_1610,305,2,Content Illustration
Paris_1610,306,1,Content Illustration
Paris_1610,306,2,Content Illustration
Paris_1610,307,1,Content Illustration
Paris_1610,307,2,Content Illustration
Paris_1610,308,1,Content Illustration
Paris_1610,308,2,Content Illustration
Paris_1610,30,1,Content Illustration
Paris_1610,30,2,Content Illustration
Paris_1610,30,3,Content Illustration
Paris_1610,30,4,Content Illustration
Paris_1610,30,5,Content Illustration
Paris_1610,30,6,Content Illustration
Paris_1610,310,1,Content Illustration
Paris_1610,312,1,Content Illustration
Paris_1610,314,1,Content Illustration
Paris_1610,315,1,Content Illustration
Paris_1610,316,1,Content Illustration
Paris_1610,317,1,Content Illustration
Paris_1610,318,1,Content Illustration
Paris_1610,318,2,Content Illustration
Paris_1610,319,1,Content Illustration
Paris_1610,31,1,Content Illustration
Paris_1610,320,1,Content Illustration
Paris_1610,322,1,Content Illustration
Paris_1610,323,1,Content Illustration
Paris_1610,323,2,Content Illustration
Paris_1610,324,1,Content Illustration
Paris_1610,324,2,Content Illustration
Paris_1610,329,1,Content Illustration
Paris_1610,32,1,Content Illustration
Paris_1610,32,2,Content Illustration
Paris_1610,33,1,Content Illustration
Paris_1610,33,2,Content Illustration
Paris_1610,34,1,Content Illustration
Paris_1610,34,2,Content Illustration
Paris_1610,35,1,Content Illustration
Paris_1610,35,2,Content Illustration
Paris_1610,36,1,Content Illustration
Paris_1610,36,2,Content Illustration
Paris_1610,37,1,Content Illustration
Paris_1610,37,2,Content Illustration
Paris_1610,38,1,Content Illustration
Paris_1610,38,2,Content Illustration
Paris_1610,39,1,Content Illustration
Paris_1610,39,2,Content Illustration
Paris_1610,40,1,Content Illustration
Paris_1610,40,2,Content Illustration
Paris_1610,41,1,Content Illustration
Paris_1610,41,2,Content Illustration
Paris_1610,42,1,Content Illustration
Paris_1610,43,1,Content Illustration
Paris_1610,44,1,Content Illustration
Paris_1610,45,1,Content Illustration
Paris_1610,45,2,Content Illustration
Paris_1610,46,1,Content Illustration
Paris_1610,47,1,Content Illustration
Paris_1610,47,2,Content Illustration
Paris_1610,48,1,Content Illustration
Paris_1610,48,2,Content Illustration
Paris_1610,49,1,Content Illustration
Paris_1610,50,1,Content Illustration
Paris_1610,51,1,Content Illustration
Paris_1610,51,2,Content Illustration
Paris_1610,52,1,Content Illustration
Paris_1610,52,2,Content Illustration
Paris_1610,53,1,Content Illustration
Paris_1610,54,1,Content Illustration
Paris_1610,56,1,Content Illustration
Paris_1610,57,1,Content Illustration
Paris_1610,57,2,Content Illustration
Paris_1610,58,1,Content Illustration
Paris_1610,58,2,Content Illustration
Paris_1610,58,3,Content Illustration
Paris_1610,59,1,Content Illustration
Paris_1610,60,1,Content Illustration
Paris_1610,61,1,Content Illustration
Paris_1610,61,2,Content Illustration
Paris_1610,62,1,Content Illustration
Paris_1610,62,2,Content Illustration
Paris_1610,63,1,Content Illustration
Paris_1610,63,2,Content Illustration
Paris_1610,64,1,Content Illustration
Paris_1610,64,2,Content Illustration
Paris_1610,65,1,Content Illustration
Paris_1610,66,1,Content Illustration
Paris_1610,66,2,Content Illustration
Paris_1610,67,1,Content Illustration
Paris_1610,67,2,Content Illustration
Paris_1610,68,1,Content Illustration
Paris_1610,68,2,Content Illustration
Paris_1610,69,1,Content Illustration
Paris_1610,69,2,Content Illustration
Paris_1610,69,3,Content Illustration
Paris_1610,70,1,Content Illustration
Paris_1610,70,2,Content Illustration
Paris_1610,71,1,Content Illustration
Paris_1610,72,1,Content Illustration
Paris_1610,72,2,Content Illustration
Paris_1610,73,1,Content Illustration
Paris_1610,74,1,Content Illustration
Paris_1610,74,2,Content Illustration
Paris_1610,76,1,Content Illustration
Paris_1610,77,1,Content Illustration
Paris_1610,79,1,Content Illustration
Paris_1610,79,2,Content Illustration
Paris_1610,80,1,Content Illustration
Paris_1610,80,2,Content Illustration
Paris_1610,81,1,Content Illustration
Paris_1610,81,2,Content Illustration
Paris_1610,82,1,Content Illustration
Paris_1610,82,2,Content Illustration
Paris_1610,83,1,Content Illustration
Paris_1610,83,2,Content Illustration
Paris_1610,84,1,Content Illustration
Paris_1610,84,2,Content Illustration
Paris_1610,85,1,Content Illustration
Paris_1610,86,1,Content Illustration
Paris_1610,86,2,Content Illustration
Paris_1610,87,1,Content Illustration
Paris_1610,90,1,Content Illustration
Paris_1610,91,1,Content Illustration
Paris_1610,91,2,Content Illustration
Paris_1610,92,1,Content Illustration
Paris_1610,92,2,Content Illustration
Paris_1610,93,1,Content Illustration
Paris_1610,93,2,Content Illustration
Paris_1610,94,1,Content Illustration
Paris_1610,94,2,Content Illustration
Paris_1610,95,1,Content Illustration
Paris_1610,95,2,Content Illustration
Paris_1610,96,1,Content Illustration
Paris_1610,97,1,Content Illustration
Paris_1610,97,2,Content Illustration
Paris_1610,98,1,Content Illustration
Paris_1610,98,2,Content Illustration
Paris_1610,98,3,Content Illustration
Paris_1610,99,1,Content Illustration
Paris_1610,99,2,Content Illustration
Paris_1612,101,1,Content Illustration
Paris_1612,101,2,Content Illustration
Paris_1612,102,1,Content Illustration
Paris_1612,102,2,Content Illustration
Paris_1612,104,1,Content Illustration
Paris_1612,104,2,Content Illustration
Paris_1612,105,1,Content Illustration
Paris_1612,105,2,Content Illustration
Paris_1612,107,1,Content Illustration
Paris_1612,107,2,Content Illustration
Paris_1612,108,1,Content Illustration
Paris_1612,110,1,Content Illustration
Paris_1612,111,1,Content Illustration
Paris_1612,112,1,Content Illustration
Paris_1612,114,1,Content Illustration
Paris_1612,115,1,Content Illustration
Paris_1612,116,1,Content Illustration
Paris_1612,117,1,Content Illustration
Paris_1612,119,1,Content Illustration
Paris_1612,119,2,Content Illustration
Paris_1612,121,1,Content Illustration
Paris_1612,121,2,Content Illustration
Paris_1612,122,1,Content Illustration
Paris_1612,122,2,Content Illustration
Paris_1612,122,3,Content Illustration
Paris_1612,123,1,Content Illustration
Paris_1612,123,2,Content Illustration
Paris_1612,123,3,Content Illustration
Paris_1612,125,1,Content Illustration
Paris_1612,125,2,Content Illustration
Paris_1612,126,1,Content Illustration
Paris_1612,127,1,Content Illustration
Paris_1612,127,2,Content Illustration
Paris_1612,129,1,Content Illustration
Paris_1612,129,2,Content Illustration
Paris_1612,131,1,Content Illustration
Paris_1612,131,2,Content Illustration
Paris_1612,133,1,Content Illustration
Paris_1612,135,1,Content Illustration
Paris_1612,136,1,Content Illustration
Paris_1612,136,2,Content Illustration
Paris_1612,13,1,Content Illustration
Paris_1612,13,2,Content Illustration
Paris_1612,141,1,Content Illustration
Paris_1612,141,2,Content Illustration
Paris_1612,142,1,Content Illustration
Paris_1612,142,2,Content Illustration
Paris_1612,142,3,Content Illustration
Paris_1612,144,1,Content Illustration
Paris_1612,144,2,Content Illustration
Paris_1612,145,1,Content Illustration
Paris_1612,145,2,Content Illustration
Paris_1612,147,1,Content Illustration
Paris_1612,147,2,Content Illustration
Paris_1612,148,1,Content Illustration
Paris_1612,148,2,Content Illustration
Paris_1612,149,1,Content Illustration
Paris_1612,14,1,Content Illustration
Paris_1612,14,2,Content Illustration
Paris_1612,14,3,Content Illustration
Paris_1612,150,1,Content Illustration
Paris_1612,150,2,Content Illustration
Paris_1612,152,1,Content Illustration
Paris_1612,153,1,Content Illustration
Paris_1612,155,1,Content Illustration
Paris_1612,155,2,Content Illustration
Paris_1612,156,1,Content Illustration
Paris_1612,157,1,Content Illustration
Paris_1612,158,1,Content Illustration
Paris_1612,159,1,Content Illustration
Paris_1612,15,1,Content Illustration
Paris_1612,160,1,Content Illustration
Paris_1612,160,2,Content Illustration
Paris_1612,162,1,Content Illustration
Paris_1612,162,2,Content Illustration
Paris_1612,162,3,Content Illustration
Paris_1612,163,1,Content Illustration
Paris_1612,163,2,Content Illustration
Paris_1612,164,1,Content Illustration
Paris_1612,164,2,Content Illustration
Paris_1612,165,1,Content Illustration
Paris_1612,165,2,Content Illustration
Paris_1612,166,1,Content Illustration
Paris_1612,168,1,Content Illustration
Paris_1612,170,1,Content Illustration
Paris_1612,170,2,Content Illustration
Paris_1612,179,1,Content Illustration
Paris_1612,19,1,Content Illustration
Paris_1612,20,1,Content Illustration
Paris_1612,21,1,Content Illustration
Paris_1612,21,2,Content Illustration
Paris_1612,22,1,Content Illustration
Paris_1612,23,1,Content Illustration
Paris_1612,25,1,Content Illustration
Paris_1612,27,1,Content Illustration
Paris_1612,28,1,Content Illustration
Paris_1612,28,2,Content Illustration
Paris_1612,30,1,Content Illustration
Paris_1612,32,1,Content Illustration
Paris_1612,32,2,Content Illustration
Paris_1612,36,1,Content Illustration
Paris_1612,38,1,Content Illustration
Paris_1612,39,1,Content Illustration
Paris_1612,40,1,Content Illustration
Paris_1612,41,1,Content Illustration
Paris_1612,42,1,Content Illustration
Paris_1612,44,1,Content Illustration
Paris_1612,45,1,Content Illustration
Paris_1612,47,1,Content Illustration
Paris_1612,47,2,Content Illustration
Paris_1612,47,3,Content Illustration
Paris_1612,48,1,Content Illustration
Paris_1612,48,2,Content Illustration
Paris_1612,49,1,Content Illustration
Paris_1612,49,2,Content Illustration
Paris_1612,49,3,Content Illustration
Paris_1612,50,1,Content Illustration
Paris_1612,50,2,Content Illustration
Paris_1612,51,1,Content Illustration
Paris_1612,51,2,Content Illustration
Paris_1612,54,1,Content Illustration
Paris_1612,54,2,Content Illustration
Paris_1612,56,1,Content Illustration
Paris_1612,56,2,Content Illustration
Paris_1612,57,1,Content Illustration
Paris_1612,60,1,Content Illustration
Paris_1612,60,2,Content Illustration
Paris_1612,61,1,Content Illustration
Paris_1612,65,1,Content Illustration
Paris_1612,66,1,Content Illustration
Paris_1612,67,1,Content Illustration
Paris_1612,67,2,Content Illustration
Paris_1612,69,1,Content Illustration
Paris_1612,70,1,Content Illustration
Paris_1612,71,1,Content Illustration
Paris_1612,72,1,Content Illustration
Paris_1612,72,2,Content Illustration
Paris_1612,73,1,Content Illustration
Paris_1612,74,1,Content Illustration
Paris_1612,75,1,Content Illustration
Paris_1612,76,1,Content Illustration
Paris_1612,77,1,Content Illustration
Paris_1612,77,2,Content Illustration
Paris_1612,78,1,Content Illustration
Paris_1612,79,1,Content Illustration
Paris_1612,80,1,Content Illustration
Paris_1612,81,1,Content Illustration
Paris_1612,82,1,Content Illustration
Paris_1612,83,1,Content Illustration
Paris_1612,83,2,Content Illustration
Paris_1612,84,1,Content Illustration
Paris_1612,85,1,Content Illustration
Paris_1612,86,1,Content Illustration
Paris_1612,86,2,Content Illustration
Paris_1612,87,1,Content Illustration
Paris_1612,88,1,Content Illustration
Paris_1612,89,1,Content Illustration
Paris_1612,91,1,Content Illustration
Paris_1612,93,1,Content Illustration
Paris_1612,94,1,Content Illustration
Paris_1612,95,1,Content Illustration
Paris_1612,96,1,Content Illustration
Paris_1612,99,1,Content Illustration
Paris_1612,99,2,Content Illustration
Paris_1612,9,1,Content Illustration
Paris_1612,9,2,Content Illustration
Paris_1613,104,1,Content Illustration
Paris_1613,104,2,Content Illustration
Paris_1613,105,1,Content Illustration
Paris_1613,105,2,Content Illustration
Paris_1613,106,1,Content Illustration
Paris_1613,106,2,Content Illustration
Paris_1613,108,1,Content Illustration
Paris_1613,108,2,Content Illustration
Paris_1613,108,3,Content Illustration
Paris_1613,109,1,Content Illustration
Paris_1613,109,2,Content Illustration
Paris_1613,109,3,Content Illustration
Paris_1613,110,1,Content Illustration
Paris_1613,111,1,Content Illustration
Paris_1613,111,2,Content Illustration
Paris_1613,112,1,Content Illustration
Paris_1613,112,2,Content Illustration
Paris_1613,114,1,Content Illustration
Paris_1613,114,2,Content Illustration
Paris_1613,115,1,Content Illustration
Paris_1613,116,1,Content Illustration
Paris_1613,116,2,Content Illustration
Paris_1613,117,1,Content Illustration
Paris_1613,118,1,Content Illustration
Paris_1613,118,2,Content Illustration
Paris_1613,119,1,Content Illustration
Paris_1613,119,2,Content Illustration
Paris_1613,119,3,Content Illustration
Paris_1613,120,1,Content Illustration
Paris_1613,120,2,Content Illustration
Paris_1613,121,1,Content Illustration
Paris_1613,122,1,Content Illustration
Paris_1613,122,2,Content Illustration
Paris_1613,123,1,Content Illustration
Paris_1613,124,1,Content Illustration
Paris_1613,124,2,Content Illustration
Paris_1613,125,1,Content Illustration
Paris_1613,125,2,Content Illustration
Paris_1613,126,1,Content Illustration
Paris_1613,126,2,Content Illustration
Paris_1613,127,1,Content Illustration
Paris_1613,128,1,Content Illustration
Paris_1613,129,1,Content Illustration
Paris_1613,129,2,Content Illustration
Paris_1613,130,1,Content Illustration
Paris_1613,130,2,Content Illustration
Paris_1613,139,1,Content Illustration
Paris_1613,178,1,Content Illustration
Paris_1613,179,1,Content Illustration
Paris_1613,180,1,Content Illustration
Paris_1613,180,2,Content Illustration
Paris_1613,180,3,Content Illustration
Paris_1613,181,1,Content Illustration
Paris_1613,181,2,Content Illustration
Paris_1613,182,1,Content Illustration
Paris_1613,183,1,Content Illustration
Paris_1613,183,2,Content Illustration
Paris_1613,184,1,Content Illustration
Paris_1613,184,2,Content Illustration
Paris_1613,184,3,Content Illustration
Paris_1613,185,1,Content Illustration
Paris_1613,185,2,Content Illustration
Paris_1613,186,1,Content Illustration
Paris_1613,186,2,Content Illustration
Paris_1613,187,1,Content Illustration
Paris_1613,188,1,Content Illustration
Paris_1613,189,1,Content Illustration
Paris_1613,190,1,Content Illustration
Paris_1613,191,1,Content Illustration
Paris_1613,191,2,Content Illustration
Paris_1613,192,1,Content Illustration
Paris_1613,193,1,Content Illustration
Paris_1613,195,1,Content Illustration
Paris_1613,195,2,Content Illustration
Paris_1613,197,1,Content Illustration
Paris_1613,198,1,Content Illustration
Paris_1613,199,1,Content Illustration
Paris_1613,200,1,Content Illustration
Paris_1613,200,2,Content Illustration
Paris_1613,201,1,Content Illustration
Paris_1613,202,1,Content Illustration
Paris_1613,203,1,Content Illustration
Paris_1613,204,1,Content Illustration
Paris_1613,204,2,Content Illustration
Paris_1613,205,1,Content Illustration
Paris_1613,206,1,Content Illustration
Paris_1613,207,1,Content Illustration
Paris_1613,208,1,Content Illustration
Paris_1613,210,1,Content Illustration
Paris_1613,211,1,Content Illustration
Paris_1613,211,2,Content Illustration
Paris_1613,212,1,Content Illustration
Paris_1613,213,1,Content Illustration
Paris_1613,214,1,Content Illustration
Paris_1613,216,1,Content Illustration
Paris_1613,218,1,Content Illustration
Paris_1613,219,1,Content Illustration
Paris_1613,220,1,Content Illustration
Paris_1613,221,1,Content Illustration
Paris_1613,222,1,Content Illustration
Paris_1613,223,1,Content Illustration
Paris_1613,224,1,Content Illustration
Paris_1613,225,1,Content Illustration
Paris_1613,225,2,Content Illustration
Paris_1613,226,1,Content Illustration
Paris_1613,226,2,Content Illustration
Paris_1613,228,1,Content Illustration
Paris_1613,228,2,Content Illustration
Paris_1613,229,1,Content Illustration
Paris_1613,230,1,Content Illustration
Paris_1613,231,1,Content Illustration
Paris_1613,232,1,Content Illustration
Paris_1613,233,1,Content Illustration
Paris_1613,233,2,Content Illustration
Paris_1613,234,1,Content Illustration
Paris_1613,236,1,Content Illustration
Paris_1613,236,2,Content Illustration
Paris_1613,238,1,Content Illustration
Paris_1613,240,1,Content Illustration
Paris_1613,242,1,Content Illustration
Paris_1613,244,1,Content Illustration
Paris_1613,244,2,Content Illustration
Paris_1613,246,1,Content Illustration
Paris_1613,248,1,Content Illustration
Paris_1613,249,1,Content Illustration
Paris_1613,250,1,Content Illustration
Paris_1613,250,2,Content Illustration
Paris_1613,251,1,Content Illustration
Paris_1613,251,2,Content Illustration
Paris_1613,265,1,Content Illustration
Paris_1613,265,2,Content Illustration
Paris_1613,266,1,Content Illustration
Paris_1613,266,2,Content Illustration
Paris_1613,267,1,Content Illustration
Paris_1613,268,1,Content Illustration
Paris_1613,268,2,Content Illustration
Paris_1613,269,1,Content Illustration
Paris_1613,269,2,Content Illustration
Paris_1613,269,3,Content Illustration
Paris_1613,270,1,Content Illustration
Paris_1613,270,2,Content Illustration
Paris_1613,271,1,Content Illustration
Paris_1613,271,2,Content Illustration
Paris_1613,272,1,Content Illustration
Paris_1613,272,2,Content Illustration
Paris_1613,273,1,Content Illustration
Paris_1613,273,2,Content Illustration
Paris_1613,274,1,Content Illustration
Paris_1613,274,2,Content Illustration
Paris_1613,275,1,Content Illustration
Paris_1613,275,2,Content Illustration
Paris_1613,276,1,Content Illustration
Paris_1613,277,1,Content Illustration
Paris_1613,278,1,Content Illustration
Paris_1613,278,2,Content Illustration
Paris_1613,279,1,Content Illustration
Paris_1613,280,1,Content Illustration
Paris_1613,280,2,Content Illustration
Paris_1613,281,1,Content Illustration
Paris_1613,282,1,Content Illustration
Paris_1613,282,2,Content Illustration
Paris_1613,283,1,Content Illustration
Paris_1613,283,2,Content Illustration
Paris_1613,283,3,Content Illustration
Paris_1613,284,1,Content Illustration
Paris_1613,284,2,Content Illustration
Paris_1613,285,1,Content Illustration
Paris_1613,286,1,Content Illustration
Paris_1613,287,1,Content Illustration
Paris_1613,287,2,Content Illustration
Paris_1613,288,1,Content Illustration
Paris_1613,288,2,Content Illustration
Paris_1613,289,1,Content Illustration
Paris_1613,289,2,Content Illustration
Paris_1613,290,1,Content Illustration
Paris_1613,291,1,Content Illustration
Paris_1613,291,2,Content Illustration
Paris_1613,291,3,Content Illustration
Paris_1613,293,1,Content Illustration
Paris_1613,294,1,Content Illustration
Paris_1613,295,1,Content Illustration
Paris_1613,296,1,Content Illustration
Paris_1613,297,1,Content Illustration
Paris_1613,297,2,Content Illustration
Paris_1613,298,1,Content Illustration
Paris_1613,299,1,Content Illustration
Paris_1613,300,1,Content Illustration
Paris_1613,300,2,Content Illustration
Paris_1613,302,1,Content Illustration
Paris_1613,302,2,Content Illustration
Paris_1613,302,3,Content Illustration
Paris_1613,302,4,Content Illustration
Paris_1613,303,1,Content Illustration
Paris_1613,304,1,Content Illustration
Paris_1613,305,1,Content Illustration
Paris_1613,305,2,Content Illustration
Paris_1613,306,1,Content Illustration
Paris_1613,308,1,Content Illustration
Paris_1613,310,1,Content Illustration
Paris_1613,312,1,Content Illustration
Paris_1613,312,2,Content Illustration
Paris_1613,313,1,Content Illustration
Paris_1613,313,2,Content Illustration
Paris_1613,314,1,Content Illustration
Paris_1613,314,2,Content Illustration
Paris_1613,315,1,Content Illustration
Paris_1613,316,1,Content Illustration
Paris_1613,317,1,Content Illustration
Paris_1613,318,1,Content Illustration
Paris_1613,318,2,Content Illustration
Paris_1613,319,1,Content Illustration
Paris_1613,31,1,Content Illustration
Paris_1613,31,2,Content Illustration
Paris_1613,320,1,Content Illustration
Paris_1613,320,2,Content Illustration
Paris_1613,320,3,Content Illustration
Paris_1613,321,1,Content Illustration
Paris_1613,321,2,Content Illustration
Paris_1613,321,3,Content Illustration
Paris_1613,322,1,Content Illustration
Paris_1613,322,2,Content Illustration
Paris_1613,322,3,Content Illustration
Paris_1613,323,1,Content Illustration
Paris_1613,324,1,Content Illustration
Paris_1613,324,2,Content Illustration
Paris_1613,325,1,Content Illustration
Paris_1613,325,2,Content Illustration
Paris_1613,326,1,Content Illustration
Paris_1613,327,1,Content Illustration
Paris_1613,328,1,Content Illustration
Paris_1613,32,1,Content Illustration
Paris_1613,32,2,Content Illustration
Paris_1613,330,1,Content Illustration
Paris_1613,331,1,Content Illustration
Paris_1613,332,1,Content Illustration
Paris_1613,333,1,Content Illustration
Paris_1613,334,1,Content Illustration
Paris_1613,335,1,Content Illustration
Paris_1613,337,1,Content Illustration
Paris_1613,338,1,Content Illustration
Paris_1613,338,2,Content Illustration
Paris_1613,339,1,Content Illustration
Paris_1613,339,2,Content Illustration
Paris_1613,33,1,Content Illustration
Paris_1613,34,1,Content Illustration
Paris_1613,34,2,Content Illustration
Paris_1613,35,1,Content Illustration
Paris_1613,36,1,Content Illustration
Paris_1613,36,2,Content Illustration
Paris_1613,36,3,Content Illustration
Paris_1613,37,1,Content Illustration
Paris_1613,37,2,Content Illustration
Paris_1613,38,1,Content Illustration
Paris_1613,38,2,Content Illustration
Paris_1613,39,1,Content Illustration
Paris_1613,39,2,Content Illustration
Paris_1613,40,1,Content Illustration
Paris_1613,40,2,Content Illustration
Paris_1613,40,3,Content Illustration
Paris_1613,41,1,Content Illustration
Paris_1613,42,1,Content Illustration
Paris_1613,42,2,Content Illustration
Paris_1613,43,1,Content Illustration
Paris_1613,43,2,Content Illustration
Paris_1613,43,3,Content Illustration
Paris_1613,43,4,Content Illustration
Paris_1613,43,5,Content Illustration
Paris_1613,43,6,Content Illustration
Paris_1613,44,1,Content Illustration
Paris_1613,45,1,Content Illustration
Paris_1613,45,2,Content Illustration
Paris_1613,46,1,Content Illustration
Paris_1613,46,2,Content Illustration
Paris_1613,47,1,Content Illustration
Paris_1613,47,2,Content Illustration
Paris_1613,48,1,Content Illustration
Paris_1613,48,2,Content Illustration
Paris_1613,49,1,Content Illustration
Paris_1613,49,2,Content Illustration
Paris_1613,50,1,Content Illustration
Paris_1613,50,2,Content Illustration
Paris_1613,50,3,Content Illustration
Paris_1613,51,1,Content Illustration
Paris_1613,51,2,Content Illustration
Paris_1613,52,1,Content Illustration
Paris_1613,52,2,Content Illustration
Paris_1613,53,1,Content Illustration
Paris_1613,53,2,Content Illustration
Paris_1613,54,1,Content Illustration
Paris_1613,54,2,Content Illustration
Paris_1613,55,1,Content Illustration
Paris_1613,56,1,Content Illustration
Paris_1613,57,1,Content Illustration
Paris_1613,58,1,Content Illustration
Paris_1613,58,2,Content Illustration
Paris_1613,59,1,Content Illustration
Paris_1613,60,1,Content Illustration
Paris_1613,60,2,Content Illustration
Paris_1613,61,1,Content Illustration
Paris_1613,62,1,Content Illustration
Paris_1613,62,2,Content Illustration
Paris_1613,63,1,Content Illustration
Paris_1613,64,1,Content Illustration
Paris_1613,65,1,Content Illustration
Paris_1613,66,1,Content Illustration
Paris_1613,67,1,Content Illustration
Paris_1613,69,1,Content Illustration
Paris_1613,70,1,Content Illustration
Paris_1613,70,2,Content Illustration
Paris_1613,71,1,Content Illustration
Paris_1613,71,2,Content Illustration
Paris_1613,71,3,Content Illustration
Paris_1613,72,1,Content Illustration
Paris_1613,73,1,Content Illustration
Paris_1613,74,1,Content Illustration
Paris_1613,74,2,Content Illustration
Paris_1613,75,1,Content Illustration
Paris_1613,75,2,Content Illustration
Paris_1613,76,1,Content Illustration
Paris_1613,76,2,Content Illustration
Paris_1613,77,1,Content Illustration
Paris_1613,77,2,Content Illustration
Paris_1613,78,1,Content Illustration
Paris_1613,79,1,Content Illustration
Paris_1613,79,2,Content Illustration
Paris_1613,80,1,Content Illustration
Paris_1613,80,2,Content Illustration
Paris_1613,81,1,Content Illustration
Paris_1613,81,2,Content Illustration
Paris_1613,82,1,Content Illustration
Paris_1613,82,2,Content Illustration
Paris_1613,82,3,Content Illustration
Paris_1613,83,1,Content Illustration
Paris_1613,83,2,Content Illustration
Paris_1613,84,1,Content Illustration
Paris_1613,84,2,Content Illustration
Paris_1613,85,1,Content Illustration
Paris_1613,85,2,Content Illustration
Paris_1613,86,1,Content Illustration
Paris_1613,87,1,Content Illustration
Paris_1613,87,2,Content Illustration
Paris_1613,89,1,Content Illustration
Paris_1613,90,1,Content Illustration
Paris_1613,92,1,Content Illustration
Paris_1613,92,2,Content Illustration
Paris_1613,93,1,Content Illustration
Paris_1613,93,2,Content Illustration
Paris_1613,94,1,Content Illustration
Paris_1613,94,2,Content Illustration
Paris_1613,95,1,Content Illustration
Paris_1613,95,2,Content Illustration
Paris_1613,95,3,Content Illustration
Paris_1613,96,1,Content Illustration
Paris_1613,96,2,Content Illustration
Paris_1613,97,1,Content Illustration
Paris_1613,98,1,Content Illustration
Paris_1613,98,2,Content Illustration
Paris_1613,99,1,Content Illustration
Paris_1613,99,2,Content Illustration
Paris_1615,100,1,Content Illustration
Paris_1615,101,1,Content Illustration
Paris_1615,102,1,Content Illustration
Paris_1615,102,2,Content Illustration
Paris_1615,103,1,Content Illustration
Paris_1615,106,1,Content Illustration
Paris_1615,107,1,Content Illustration
Paris_1615,108,1,Content Illustration
Paris_1615,109,1,Content Illustration
Paris_1615,109,2,Content Illustration
Paris_1615,110,1,Content Illustration
Paris_1615,111,1,Content Illustration
Paris_1615,112,1,Content Illustration
Paris_1615,114,1,Content Illustration
Paris_1615,115,1,Content Illustration
Paris_1615,116,1,Content Illustration
Paris_1615,117,1,Content Illustration
Paris_1615,117,2,Content Illustration
Paris_1615,118,1,Content Illustration
Paris_1615,119,1,Content Illustration
Paris_1615,120,1,Content Illustration
Paris_1615,121,1,Content Illustration
Paris_1615,122,1,Content Illustration
Paris_1615,123,1,Content Illustration
Paris_1615,124,1,Content Illustration
Paris_1615,124,2,Content Illustration
Paris_1615,125,1,Content Illustration
Paris_1615,126,1,Content Illustration
Paris_1615,127,1,Content Illustration
Paris_1615,127,2,Content Illustration
Paris_1615,128,1,Content Illustration
Paris_1615,128,2,Content Illustration
Paris_1615,129,1,Content Illustration
Paris_1615,130,1,Content Illustration
Paris_1615,130,2,Content Illustration
Paris_1615,131,1,Content Illustration
Paris_1615,132,1,Content Illustration
Paris_1615,133,1,Content Illustration
Paris_1615,134,1,Content Illustration
Paris_1615,135,1,Content Illustration
Paris_1615,136,1,Content Illustration
Paris_1615,137,1,Content Illustration
Paris_1615,139,1,Content Illustration
Paris_1615,141,1,Content Illustration
Paris_1615,142,1,Content Illustration
Paris_1615,142,2,Content Illustration
Paris_1615,142,3,Content Illustration
Paris_1615,143,1,Content Illustration
Paris_1615,144,1,Content Illustration
Paris_1615,144,2,Content Illustration
Paris_1615,144,3,Content Illustration
Paris_1615,144,4,Content Illustration
Paris_1615,145,1,Content Illustration
Paris_1615,146,1,Content Illustration
Paris_1615,147,1,Content Illustration
Paris_1615,148,1,Content Illustration
Paris_1615,149,1,Content Illustration
Paris_1615,150,1,Content Illustration
Paris_1615,152,1,Content Illustration
Paris_1615,152,2,Content Illustration
Paris_1615,153,1,Content Illustration
Paris_1615,154,1,Content Illustration
Paris_1615,168,1,Content Illustration
Paris_1615,171,1,Content Illustration
Paris_1615,173,1,Content Illustration
Paris_1615,174,1,Content Illustration
Paris_1615,175,1,Content Illustration
Paris_1615,176,1,Content Illustration
Paris_1615,177,1,Content Illustration
Paris_1615,178,1,Content Illustration
Paris_1615,178,2,Content Illustration
Paris_1615,179,1,Content Illustration
Paris_1615,181,1,Content Illustration
Paris_1615,184,1,Content Illustration
Paris_1615,185,1,Content Illustration
Paris_1615,186,1,Content Illustration
Paris_1615,187,1,Content Illustration
Paris_1615,188,1,Content Illustration
Paris_1615,189,1,Content Illustration
Paris_1615,190,1,Content Illustration
Paris_1615,191,1,Content Illustration
Paris_1615,193,1,Content Illustration
Paris_1615,195,1,Content Illustration
Paris_1615,197,1,Content Illustration
Paris_1615,198,1,Content Illustration
Paris_1615,201,1,Content Illustration
Paris_1615,201,2,Content Illustration
Paris_1615,202,1,Content Illustration
Paris_1615,203,1,Content Illustration
Paris_1615,204,1,Content Illustration
Paris_1615,205,1,Content Illustration
Paris_1615,206,1,Content Illustration
Paris_1615,208,1,Content Illustration
Paris_1615,209,1,Content Illustration
Paris_1615,210,1,Content Illustration
Paris_1615,211,1,Content Illustration
Paris_1615,212,1,Content Illustration
Paris_1615,213,1,Content Illustration
Paris_1615,214,1,Content Illustration
Paris_1615,214,2,Content Illustration
Paris_1615,215,1,Content Illustration
Paris_1615,217,1,Content Illustration
Paris_1615,218,1,Content Illustration
Paris_1615,219,1,Content Illustration
Paris_1615,221,1,Content Illustration
Paris_1615,221,2,Content Illustration
Paris_1615,223,1,Content Illustration
Paris_1615,224,1,Content Illustration
Paris_1615,224,2,Content Illustration
Paris_1615,225,1,Content Illustration
Paris_1615,226,1,Content Illustration
Paris_1615,226,2,Content Illustration
Paris_1615,227,1,Content Illustration
Paris_1615,228,1,Content Illustration
Paris_1615,229,1,Content Illustration
Paris_1615,230,1,Content Illustration
Paris_1615,231,1,Content Illustration
Paris_1615,232,1,Content Illustration
Paris_1615,233,1,Content Illustration
Paris_1615,233,2,Content Illustration
Paris_1615,234,1,Content Illustration
Paris_1615,276,1,Content Illustration
Paris_1615,34,1,Content Illustration
Paris_1615,391,1,Content Illustration
Paris_1615,392,1,Content Illustration
Paris_1615,393,1,Content Illustration
Paris_1615,394,1,Content Illustration
Paris_1615,395,1,Content Illustration
Paris_1615,395,2,Content Illustration
Paris_1615,397,1,Content Illustration
Paris_1615,399,1,Content Illustration
Paris_1615,400,1,Content Illustration
Paris_1615,402,1,Content Illustration
Paris_1615,402,2,Content Illustration
Paris_1615,403,1,Content Illustration
Paris_1615,404,1,Content Illustration
Paris_1615,404,2,Content Illustration
Paris_1615,405,1,Content Illustration
Paris_1615,411,1,Content Illustration
Paris_1615,412,1,Content Illustration
Paris_1615,413,1,Content Illustration
Paris_1615,415,1,Content Illustration
Paris_1615,416,1,Content Illustration
Paris_1615,418,1,Content Illustration
Paris_1615,419,1,Content Illustration
Paris_1615,41,1,Content Illustration
Paris_1615,421,1,Content Illustration
Paris_1615,422,1,Content Illustration
Paris_1615,423,1,Content Illustration
Paris_1615,427,1,Content Illustration
Paris_1615,429,1,Content Illustration
Paris_1615,42,1,Content Illustration
Paris_1615,430,1,Content Illustration
Paris_1615,432,1,Content Illustration
Paris_1615,433,1,Content Illustration
Paris_1615,434,1,Content Illustration
Paris_1615,437,1,Content Illustration
Paris_1615,438,1,Content Illustration
Paris_1615,439,1,Content Illustration
Paris_1615,43,1,Content Illustration
Paris_1615,43,2,Content Illustration
Paris_1615,441,1,Content Illustration
Paris_1615,443,1,Content Illustration
Paris_1615,444,1,Content Illustration
Paris_1615,444,2,Content Illustration
Paris_1615,446,1,Content Illustration
Paris_1615,446,2,Content Illustration
Paris_1615,448,1,Content Illustration
Paris_1615,449,1,Content Illustration
Paris_1615,44,1,Content Illustration
Paris_1615,451,1,Content Illustration
Paris_1615,453,1,Content Illustration
Paris_1615,454,1,Content Illustration
Paris_1615,455,1,Content Illustration
Paris_1615,456,1,Content Illustration
Paris_1615,458,1,Content Illustration
Paris_1615,45,1,Content Illustration
Paris_1615,461,1,Content Illustration
Paris_1615,465,1,Content Illustration
Paris_1615,466,1,Content Illustration
Paris_1615,46,1,Content Illustration
Paris_1615,471,1,Content Illustration
Paris_1615,473,1,Content Illustration
Paris_1615,475,1,Content Illustration
Paris_1615,477,1,Content Illustration
Paris_1615,478,1,Content Illustration
Paris_1615,479,1,Content Illustration
Paris_1615,47,1,Content Illustration
Paris_1615,47,2,Content Illustration
Paris_1615,47,3,Content Illustration
Paris_1615,47,4,Content Illustration
Paris_1615,480,1,Content Illustration
Paris_1615,481,1,Content Illustration
Paris_1615,483,1,Content Illustration
Paris_1615,484,1,Content Illustration
Paris_1615,485,1,Content Illustration
Paris_1615,486,1,Content Illustration
Paris_1615,488,1,Content Illustration
Paris_1615,48,1,Content Illustration
Paris_1615,490,1,Content Illustration
Paris_1615,492,1,Content Illustration
Paris_1615,494,1,Content Illustration
Paris_1615,495,1,Content Illustration
Paris_1615,495,2,Content Illustration
Paris_1615,495,3,Content Illustration
Paris_1615,497,1,Content Illustration
Paris_1615,499,1,Content Illustration
Paris_1615,49,1,Content Illustration
Paris_1615,503,1,Content Illustration
Paris_1615,505,1,Content Illustration
Paris_1615,50,1,Content Illustration
Paris_1615,510,1,Content Illustration
Paris_1615,513,1,Content Illustration
Paris_1615,514,1,Content Illustration
Paris_1615,515,1,Content Illustration
Paris_1615,517,1,Content Illustration
Paris_1615,519,1,Content Illustration
Paris_1615,51,1,Content Illustration
Paris_1615,51,2,Content Illustration
Paris_1615,521,1,Content Illustration
Paris_1615,523,1,Content Illustration
Paris_1615,524,1,Content Illustration
Paris_1615,524,2,Content Illustration
Paris_1615,52,1,Content Illustration
Paris_1615,530,1,Content Illustration
Paris_1615,530,2,Content Illustration
Paris_1615,531,1,Content Illustration
Paris_1615,531,2,Content Illustration
Paris_1615,533,1,Content Illustration
Paris_1615,533,2,Content Illustration
Paris_1615,534,1,Content Illustration
Paris_1615,535,1,Content Illustration
Paris_1615,535,2,Content Illustration
Paris_1615,536,1,Content Illustration
Paris_1615,537,1,Content Illustration
Paris_1615,537,2,Content Illustration
Paris_1615,538,1,Content Illustration
Paris_1615,538,2,Content Illustration
Paris_1615,539,1,Content Illustration
Paris_1615,53,1,Content Illustration
Paris_1615,53,2,Content Illustration
Paris_1615,540,1,Content Illustration
Paris_1615,541,1,Content Illustration
Paris_1615,542,1,Content Illustration
Paris_1615,542,2,Content Illustration
Paris_1615,543,1,Content Illustration
Paris_1615,544,1,Content Illustration
Paris_1615,545,1,Content Illustration
Paris_1615,546,1,Content Illustration
Paris_1615,547,1,Content Illustration
Paris_1615,549,1,Content Illustration
Paris_1615,54,1,Content Illustration
Paris_1615,550,1,Content Illustration
Paris_1615,550,2,Content Illustration
Paris_1615,552,1,Content Illustration
Paris_1615,552,2,Content Illustration
Paris_1615,553,1,Content Illustration
Paris_1615,554,1,Content Illustration
Paris_1615,555,1,Content Illustration
Paris_1615,556,1,Content Illustration
Paris_1615,557,1,Content Illustration
Paris_1615,558,1,Content Illustration
Paris_1615,55,1,Content Illustration
Paris_1615,55,2,Content Illustration
Paris_1615,560,1,Content Illustration
Paris_1615,562,1,Content Illustration
Paris_1615,564,1,Content Illustration
Paris_1615,566,1,Content Illustration
Paris_1615,566,2,Content Illustration
Paris_1615,567,1,Content Illustration
Paris_1615,568,1,Content Illustration
Paris_1615,569,1,Content Illustration
Paris_1615,56,1,Content Illustration
Paris_1615,570,1,Content Illustration
Paris_1615,571,1,Content Illustration
Paris_1615,574,1,Content Illustration
Paris_1615,576,1,Content Illustration
Paris_1615,578,1,Content Illustration
Paris_1615,57,1,Content Illustration
Paris_1615,580,1,Content Illustration
Paris_1615,581,1,Content Illustration
Paris_1615,582,1,Content Illustration
Paris_1615,583,1,Content Illustration
Paris_1615,584,1,Content Illustration
Paris_1615,585,1,Content Illustration
Paris_1615,586,1,Content Illustration
Paris_1615,587,1,Content Illustration
Paris_1615,589,1,Content Illustration
Paris_1615,58,1,Content Illustration
Paris_1615,58,2,Content Illustration
Paris_1615,590,1,Content Illustration
Paris_1615,591,1,Content Illustration
Paris_1615,593,1,Content Illustration
Paris_1615,596,1,Content Illustration
Paris_1615,598,1,Content Illustration
Paris_1615,599,1,Content Illustration
Paris_1615,59,1,Content Illustration
Paris_1615,5,1,Content Illustration
Paris_1615,600,1,Content Illustration
Paris_1615,601,1,Content Illustration
Paris_1615,603,1,Content Illustration
Paris_1615,606,1,Content Illustration
Paris_1615,609,1,Content Illustration
Paris_1615,60,1,Content Illustration
Paris_1615,610,1,Content Illustration
Paris_1615,611,1,Content Illustration
Paris_1615,612,1,Content Illustration
Paris_1615,613,1,Content Illustration
Paris_1615,614,1,Content Illustration
Paris_1615,615,1,Content Illustration
Paris_1615,616,1,Content Illustration
Paris_1615,618,1,Content Illustration
Paris_1615,61,1,Content Illustration
Paris_1615,620,1,Content Illustration
Paris_1615,621,1,Content Illustration
Paris_1615,623,1,Content Illustration
Paris_1615,625,1,Content Illustration
Paris_1615,627,1,Content Illustration
Paris_1615,629,1,Content Illustration
Paris_1615,629,2,Content Illustration
Paris_1615,62,1,Content Illustration
Paris_1615,62,2,Content Illustration
Paris_1615,62,3,Content Illustration
Paris_1615,62,4,Content Illustration
Paris_1615,62,5,Content Illustration
Paris_1615,633,1,Content Illustration
Paris_1615,635,1,Content Illustration
Paris_1615,637,1,Content Illustration
Paris_1615,639,1,Content Illustration
Paris_1615,63,1,Content Illustration
Paris_1615,641,1,Content Illustration
Paris_1615,642,1,Content Illustration
Paris_1615,643,1,Content Illustration
Paris_1615,645,1,Content Illustration
Paris_1615,646,1,Content Illustration
Paris_1615,648,1,Content Illustration
Paris_1615,650,1,Content Illustration
Paris_1615,651,1,Content Illustration
Paris_1615,652,1,Content Illustration
Paris_1615,653,1,Content Illustration
Paris_1615,653,2,Content Illustration
Paris_1615,659,1,Content Illustration
Paris_1615,65,1,Content Illustration
Paris_1615,66,1,Content Illustration
Paris_1615,66,2,Content Illustration
Paris_1615,68,1,Content Illustration
Paris_1615,69,1,Content Illustration
Paris_1615,69,2,Content Illustration
Paris_1615,71,1,Content Illustration
Paris_1615,71,2,Content Illustration
Paris_1615,71,3,Content Illustration
Paris_1615,72,1,Content Illustration
Paris_1615,73,1,Content Illustration
Paris_1615,74,1,Content Illustration
Paris_1615,75,1,Content Illustration
Paris_1615,75,2,Content Illustration
Paris_1615,76,1,Content Illustration
Paris_1615,76,2,Content Illustration
Paris_1615,77,1,Content Illustration
Paris_1615,78,1,Content Illustration
Paris_1615,78,2,Content Illustration
Paris_1615,79,1,Content Illustration
Paris_1615,80,1,Content Illustration
Paris_1615,81,1,Content Illustration
Paris_1615,82,1,Content Illustration
Paris_1615,84,1,Content Illustration
Paris_1615,85,1,Content Illustration
Paris_1615,86,1,Content Illustration
Paris_1615,88,1,Content Illustration
Paris_1615,88,2,Content Illustration
Paris_1615,89,1,Content Illustration
Paris_1615,90,1,Content Illustration
Paris_1615,90,2,Content Illustration
Paris_1615,91,1,Content Illustration
Paris_1615,92,1,Content Illustration
Paris_1615,93,1,Content Illustration
Paris_1615,94,1,Content Illustration
Paris_1615,95,1,Content Illustration
Paris_1615,96,1,Content Illustration
Paris_1615,97,1,Content Illustration
Paris_1615,98,1,Content Illustration
Paris_1615,99,1,Content Illustration
Paris_1621,100,1,Content Illustration
Paris_1621,101,1,Content Illustration
Paris_1621,101,2,Content Illustration
Paris_1621,102,1,Content Illustration
Paris_1621,103,1,Content Illustration
Paris_1621,104,1,Content Illustration
Paris_1621,104,2,Content Illustration
Paris_1621,106,1,Content Illustration
Paris_1621,107,1,Content Illustration
Paris_1621,108,1,Content Illustration
Paris_1621,110,1,Content Illustration
Paris_1621,112,1,Content Illustration
Paris_1621,113,1,Content Illustration
Paris_1621,114,1,Content Illustration
Paris_1621,115,1,Content Illustration
Paris_1621,118,1,Content Illustration
Paris_1621,119,1,Content Illustration
Paris_1621,120,1,Content Illustration
Paris_1621,121,1,Content Illustration
Paris_1621,122,1,Content Illustration
Paris_1621,123,1,Content Illustration
Paris_1621,125,1,Content Illustration
Paris_1621,126,1,Content Illustration
Paris_1621,127,1,Content Illustration
Paris_1621,128,1,Content Illustration
Paris_1621,129,1,Content Illustration
Paris_1621,130,1,Content Illustration
Paris_1621,131,1,Content Illustration
Paris_1621,132,1,Content Illustration
Paris_1621,134,1,Content Illustration
Paris_1621,136,1,Content Illustration
Paris_1621,137,1,Content Illustration
Paris_1621,138,1,Content Illustration
Paris_1621,138,2,Content Illustration
Paris_1621,139,1,Content Illustration
Paris_1621,141,1,Content Illustration
Paris_1621,145,1,Content Illustration
Paris_1621,146,1,Content Illustration
Paris_1621,147,1,Content Illustration
Paris_1621,148,1,Content Illustration
Paris_1621,149,1,Content Illustration
Paris_1621,150,1,Content Illustration
Paris_1621,150,2,Content Illustration
Paris_1621,151,1,Content Illustration
Paris_1621,153,1,Content Illustration
Paris_1621,156,1,Content Illustration
Paris_1621,158,1,Content Illustration
Paris_1621,159,1,Content Illustration
Paris_1621,160,1,Content Illustration
Paris_1621,161,1,Content Illustration
Paris_1621,162,1,Content Illustration
Paris_1621,163,1,Content Illustration
Paris_1621,165,1,Content Illustration
Paris_1621,166,1,Content Illustration
Paris_1621,167,1,Content Illustration
Paris_1621,168,1,Content Illustration
Paris_1621,169,1,Content Illustration
Paris_1621,170,1,Content Illustration
Paris_1621,171,1,Content Illustration
Paris_1621,171,2,Content Illustration
Paris_1621,172,1,Content Illustration
Paris_1621,174,1,Content Illustration
Paris_1621,175,1,Content Illustration
Paris_1621,176,1,Content Illustration
Paris_1621,177,1,Content Illustration
Paris_1621,178,1,Content Illustration
Paris_1621,179,1,Content Illustration
Paris_1621,180,1,Content Illustration
Paris_1621,181,1,Content Illustration
Paris_1621,182,1,Content Illustration
Paris_1621,183,1,Content Illustration
Paris_1621,184,1,Content Illustration
Paris_1621,186,1,Content Illustration
Paris_1621,187,1,Content Illustration
Paris_1621,188,1,Content Illustration
Paris_1621,189,1,Content Illustration
Paris_1621,190,1,Content Illustration
Paris_1621,191,1,Content Illustration
Paris_1621,192,1,Content Illustration
Paris_1621,194,1,Content Illustration
Paris_1621,197,1,Content Illustration
Paris_1621,198,1,Content Illustration
Paris_1621,199,1,Content Illustration
Paris_1621,200,1,Content Illustration
Paris_1621,201,1,Content Illustration
Paris_1621,203,1,Content Illustration
Paris_1621,203,2,Content Illustration
Paris_1621,204,1,Content Illustration
Paris_1621,205,1,Content Illustration
Paris_1621,207,1,Content Illustration
Paris_1621,209,1,Content Illustration
Paris_1621,211,1,Content Illustration
Paris_1621,213,1,Content Illustration
Paris_1621,214,1,Content Illustration
Paris_1621,215,1,Content Illustration
Paris_1621,216,1,Content Illustration
Paris_1621,236,1,Content Illustration
Paris_1621,240,1,Content Illustration
Paris_1621,242,1,Content Illustration
Paris_1621,243,1,Content Illustration
Paris_1621,244,1,Content Illustration
Paris_1621,246,1,Content Illustration
Paris_1621,247,1,Content Illustration
Paris_1621,248,1,Content Illustration
Paris_1621,249,1,Content Illustration
Paris_1621,250,1,Content Illustration
Paris_1621,253,1,Content Illustration
Paris_1621,253,2,Content Illustration
Paris_1621,254,1,Content Illustration
Paris_1621,257,1,Content Illustration
Paris_1621,258,1,Content Illustration
Paris_1621,259,1,Content Illustration
Paris_1621,260,1,Content Illustration
Paris_1621,262,1,Content Illustration
Paris_1621,264,1,Content Illustration
Paris_1621,266,1,Content Illustration
Paris_1621,267,1,Content Illustration
Paris_1621,268,1,Content Illustration
Paris_1621,270,1,Content Illustration
Paris_1621,273,1,Content Illustration
Paris_1621,274,1,Content Illustration
Paris_1621,275,1,Content Illustration
Paris_1621,276,1,Content Illustration
Paris_1621,277,1,Content Illustration
Paris_1621,281,1,Content Illustration
Paris_1621,282,1,Content Illustration
Paris_1621,283,1,Content Illustration
Paris_1621,285,1,Content Illustration
Paris_1621,286,1,Content Illustration
Paris_1621,287,1,Content Illustration
Paris_1621,289,1,Content Illustration
Paris_1621,290,1,Content Illustration
Paris_1621,291,1,Content Illustration
Paris_1621,292,1,Content Illustration
Paris_1621,293,1,Content Illustration
Paris_1621,295,1,Content Illustration
Paris_1621,296,1,Content Illustration
Paris_1621,297,1,Content Illustration
Paris_1621,298,1,Content Illustration
Paris_1621,299,1,Content Illustration
Paris_1621,300,1,Content Illustration
Paris_1621,301,1,Content Illustration
Paris_1621,302,1,Content Illustration
Paris_1621,303,1,Content Illustration
Paris_1621,304,1,Content Illustration
Paris_1621,306,1,Content Illustration
Paris_1621,307,1,Content Illustration
Paris_1621,308,1,Content Illustration
Paris_1621,310,1,Content Illustration
Paris_1621,310,2,Content Illustration
Paris_1621,313,1,Content Illustration
Paris_1621,314,1,Content Illustration
Paris_1621,315,1,Content Illustration
Paris_1621,316,1,Content Illustration
Paris_1621,317,1,Content Illustration
Paris_1621,318,1,Content Illustration
Paris_1621,319,1,Content Illustration
Paris_1621,320,1,Content Illustration
Paris_1621,321,1,Content Illustration
Paris_1621,323,1,Content Illustration
Paris_1621,324,1,Content Illustration
Paris_1621,325,1,Content Illustration
Paris_1621,326,1,Content Illustration
Paris_1621,327,1,Content Illustration
Paris_1621,328,1,Content Illustration
Paris_1621,329,1,Content Illustration
Paris_1621,330,1,Content Illustration
Paris_1621,330,2,Content Illustration
Paris_1621,402,1,Content Illustration
Paris_1621,40,1,Content Illustration
Paris_1621,441,1,Content Illustration
Paris_1621,465,1,Content Illustration
Paris_1621,466,1,Content Illustration
Paris_1621,467,1,Content Illustration
Paris_1621,468,1,Content Illustration
Paris_1621,469,1,Content Illustration
Paris_1621,470,1,Content Illustration
Paris_1621,471,1,Content Illustration
Paris_1621,472,1,Content Illustration
Paris_1621,473,1,Content Illustration
Paris_1621,477,1,Content Illustration
Paris_1621,480,1,Content Illustration
Paris_1621,481,1,Content Illustration
Paris_1621,482,1,Content Illustration
Paris_1621,484,1,Content Illustration
Paris_1621,485,1,Content Illustration
Paris_1621,486,1,Content Illustration
Paris_1621,488,1,Content Illustration
Paris_1621,494,1,Content Illustration
Paris_1621,495,1,Content Illustration
Paris_1621,496,1,Content Illustration
Paris_1621,497,1,Content Illustration
Paris_1621,499,1,Content Illustration
Paris_1621,49,1,Content Illustration
Paris_1621,501,1,Content Illustration
Paris_1621,502,1,Content Illustration
Paris_1621,504,1,Content Illustration
Paris_1621,506,1,Content Illustration
Paris_1621,508,1,Content Illustration
Paris_1621,50,1,Content Illustration
Paris_1621,510,1,Content Illustration
Paris_1621,511,1,Content Illustration
Paris_1621,518,1,Content Illustration
Paris_1621,51,1,Content Illustration
Paris_1621,520,1,Content Illustration
Paris_1621,526,1,Content Illustration
Paris_1621,528,1,Content Illustration
Paris_1621,52,1,Content Illustration
Paris_1621,532,1,Content Illustration
Paris_1621,534,1,Content Illustration
Paris_1621,535,1,Content Illustration
Paris_1621,539,1,Content Illustration
Paris_1621,53,1,Content Illustration
Paris_1621,541,1,Content Illustration
Paris_1621,542,1,Content Illustration
Paris_1621,542,2,Content Illustration
Paris_1621,545,1,Content Illustration
Paris_1621,546,1,Content Illustration
Paris_1621,548,1,Content Illustration
Paris_1621,549,1,Content Illustration
Paris_1621,552,1,Content Illustration
Paris_1621,554,1,Content Illustration
Paris_1621,556,1,Content Illustration
Paris_1621,558,1,Content Illustration
Paris_1621,55,1,Content Illustration
Paris_1621,561,1,Content Illustration
Paris_1621,562,1,Content Illustration
Paris_1621,564,1,Content Illustration
Paris_1621,566,1,Content Illustration
Paris_1621,56,1,Content Illustration
Paris_1621,571,1,Content Illustration
Paris_1621,573,1,Content Illustration
Paris_1621,573,2,Content Illustration
Paris_1621,574,1,Content Illustration
Paris_1621,574,2,Content Illustration
Paris_1621,576,1,Content Illustration
Paris_1621,584,1,Content Illustration
Paris_1621,586,1,Content Illustration
Paris_1621,587,1,Content Illustration
Paris_1621,588,1,Content Illustration
Paris_1621,58,1,Content Illustration
Paris_1621,590,1,Content Illustration
Paris_1621,592,1,Content Illustration
Paris_1621,594,1,Content Illustration
Paris_1621,596,1,Content Illustration
Paris_1621,597,1,Content Illustration
Paris_1621,598,1,Content Illustration
Paris_1621,601,1,Content Illustration
Paris_1621,602,1,Content Illustration
Paris_1621,602,2,Content Illustration
Paris_1621,604,1,Content Illustration
Paris_1621,605,1,Content Illustration
Paris_1621,606,1,Content Illustration
Paris_1621,607,1,Content Illustration
Paris_1621,607,2,Content Illustration
Paris_1621,608,1,Content Illustration
Paris_1621,60,1,Content Illustration
Paris_1621,611,1,Content Illustration
Paris_1621,612,1,Content Illustration
Paris_1621,614,1,Content Illustration
Paris_1621,618,1,Content Illustration
Paris_1621,61,1,Content Illustration
Paris_1621,620,1,Content Illustration
Paris_1621,622,1,Content Illustration
Paris_1621,62,1,Content Illustration
Paris_1621,630,1,Content Illustration
Paris_1621,632,1,Content Illustration
Paris_1621,636,1,Content Illustration
Paris_1621,63,1,Content Illustration
Paris_1621,63,2,Content Illustration
Paris_1621,640,1,Content Illustration
Paris_1621,643,1,Content Illustration
Paris_1621,647,1,Content Illustration
Paris_1621,648,1,Content Illustration
Paris_1621,64,1,Content Illustration
Paris_1621,651,1,Content Illustration
Paris_1621,653,1,Content Illustration
Paris_1621,654,1,Content Illustration
Paris_1621,656,1,Content Illustration
Paris_1621,658,1,Content Illustration
Paris_1621,65,1,Content Illustration
Paris_1621,65,2,Content Illustration
Paris_1621,660,1,Content Illustration
Paris_1621,661,1,Content Illustration
Paris_1621,667,1,Content Illustration
Paris_1621,668,1,Content Illustration
Paris_1621,669,1,Content Illustration
Paris_1621,66,1,Content Illustration
Paris_1621,670,1,Content Illustration
Paris_1621,671,1,Content Illustration
Paris_1621,672,1,Content Illustration
Paris_1621,674,1,Content Illustration
Paris_1621,675,1,Content Illustration
Paris_1621,675,2,Content Illustration
Paris_1621,676,1,Content Illustration
Paris_1621,677,1,Content Illustration
Paris_1621,678,1,Content Illustration
Paris_1621,679,1,Content Illustration
Paris_1621,67,1,Content Illustration
Paris_1621,680,1,Content Illustration
Paris_1621,680,2,Content Illustration
Paris_1621,681,1,Content Illustration
Paris_1621,682,1,Content Illustration
Paris_1621,683,1,Content Illustration
Paris_1621,684,1,Content Illustration
Paris_1621,685,1,Content Illustration
Paris_1621,686,1,Content Illustration
Paris_1621,688,1,Content Illustration
Paris_1621,689,1,Content Illustration
Paris_1621,68,1,Content Illustration
Paris_1621,691,1,Content Illustration
Paris_1621,692,1,Content Illustration
Paris_1621,693,1,Content Illustration
Paris_1621,695,1,Content Illustration
Paris_1621,696,1,Content Illustration
Paris_1621,697,1,Content Illustration
Paris_1621,698,1,Content Illustration
Paris_1621,69,1,Content Illustration
Paris_1621,700,1,Content Illustration
Paris_1621,701,1,Content Illustration
Paris_1621,702,1,Content Illustration
Paris_1621,704,1,Content Illustration
Paris_1621,705,1,Content Illustration
Paris_1621,706,1,Content Illustration
Paris_1621,707,1,Content Illustration
Paris_1621,708,1,Content Illustration
Paris_1621,70,1,Content Illustration
Paris_1621,710,1,Content Illustration
Paris_1621,714,1,Content Illustration
Paris_1621,715,1,Content Illustration
Paris_1621,716,1,Content Illustration
Paris_1621,717,1,Content Illustration
Paris_1621,718,1,Content Illustration
Paris_1621,719,1,Content Illustration
Paris_1621,71,1,Content Illustration
Paris_1621,721,1,Content Illustration
Paris_1621,722,1,Content Illustration
Paris_1621,724,1,Content Illustration
Paris_1621,725,1,Content Illustration
Paris_1621,727,1,Content Illustration
Paris_1621,72,1,Content Illustration
Paris_1621,730,1,Content Illustration
Paris_1621,734,1,Content Illustration
Paris_1621,737,1,Content Illustration
Paris_1621,73,1,Content Illustration
Paris_1621,740,1,Content Illustration
Paris_1621,741,1,Content Illustration
Paris_1621,742,1,Content Illustration
Paris_1621,743,1,Content Illustration
Paris_1621,744,1,Content Illustration
Paris_1621,746,1,Content Illustration
Paris_1621,747,1,Content Illustration
Paris_1621,748,1,Content Illustration
Paris_1621,74,1,Content Illustration
Paris_1621,750,1,Content Illustration
Paris_1621,752,1,Content Illustration
Paris_1621,753,1,Content Illustration
Paris_1621,754,1,Content Illustration
Paris_1621,755,1,Content Illustration
Paris_1621,756,1,Content Illustration
Paris_1621,759,1,Content Illustration
Paris_1621,760,1,Content Illustration
Paris_1621,762,1,Content Illustration
Paris_1621,763,1,Content Illustration
Paris_1621,765,1,Content Illustration
Paris_1621,767,1,Content Illustration
Paris_1621,768,1,Content Illustration
Paris_1621,76,1,Content Illustration
Paris_1621,770,1,Content Illustration
Paris_1621,771,1,Content Illustration
Paris_1621,772,1,Content Illustration
Paris_1621,774,1,Content Illustration
Paris_1621,776,1,Content Illustration
Paris_1621,779,1,Content Illustration
Paris_1621,77,1,Content Illustration
Paris_1621,780,1,Content Illustration
Paris_1621,783,1,Content Illustration
Paris_1621,784,1,Content Illustration
Paris_1621,785,1,Content Illustration
Paris_1621,786,1,Content Illustration
Paris_1621,786,2,Content Illustration
Paris_1621,787,1,Content Illustration
Paris_1621,788,1,Content Illustration
Paris_1621,78,1,Content Illustration
Paris_1621,790,1,Content Illustration
Paris_1621,791,1,Content Illustration
Paris_1621,793,1,Content Illustration
Paris_1621,795,1,Content Illustration
Paris_1621,798,1,Content Illustration
Paris_1621,79,1,Content Illustration
Paris_1621,800,1,Content Illustration
Paris_1621,802,1,Content Illustration
Paris_1621,804,1,Content Illustration
Paris_1621,806,1,Content Illustration
Paris_1621,808,1,Content Illustration
Paris_1621,80,1,Content Illustration
Paris_1621,811,1,Content Illustration
Paris_1621,811,2,Content Illustration
Paris_1621,812,1,Content Illustration
Paris_1621,817,1,Content Illustration
Paris_1621,818,1,Content Illustration
Paris_1621,81,1,Content Illustration
Paris_1621,822,1,Content Illustration
Paris_1621,828,1,Content Illustration
Paris_1621,82,1,Content Illustration
Paris_1621,830,1,Content Illustration
Paris_1621,831,1,Content Illustration
Paris_1621,832,1,Content Illustration
Paris_1621,835,1,Content Illustration
Paris_1621,836,1,Content Illustration
Paris_1621,838,1,Content Illustration
Paris_1621,841,1,Content Illustration
Paris_1621,842,1,Content Illustration
Paris_1621,843,1,Content Illustration
Paris_1621,844,1,Content Illustration
Paris_1621,845,1,Content Illustration
Paris_1621,846,1,Content Illustration
Paris_1621,84,1,Content Illustration
Paris_1621,857,1,Content Illustration
Paris_1621,85,1,Content Illustration
Paris_1621,86,1,Content Illustration
Paris_1621,88,1,Content Illustration
Paris_1621,89,1,Content Illustration
Paris_1621,89,2,Content Illustration
Paris_1621,90,1,Content Illustration
Paris_1621,92,1,Content Illustration
Paris_1621,94,1,Content Illustration
Paris_1621,94,2,Content Illustration
Paris_1621,96,1,Content Illustration
Paris_1621,98,1,Content Illustration
Paris_1621,99,1,Content Illustration
Ingolstadt_1617,100,1,Content Illustration
Ingolstadt_1617,101,1,Content Illustration
Ingolstadt_1617,101,2,Content Illustration
Ingolstadt_1617,102,1,Content Illustration
Ingolstadt_1617,103,1,Content Illustration
Ingolstadt_1617,105,1,Content Illustration
Ingolstadt_1617,106,1,Content Illustration
Ingolstadt_1617,107,1,Content Illustration
Ingolstadt_1617,109,1,Content Illustration
Ingolstadt_1617,109,2,Content Illustration
Ingolstadt_1617,10,1,Content Illustration
Ingolstadt_1617,10,2,Content Illustration
Ingolstadt_1617,110,1,Content Illustration
Ingolstadt_1617,111,1,Content Illustration
Ingolstadt_1617,111,2,Content Illustration
Ingolstadt_1617,112,1,Content Illustration
Ingolstadt_1617,113,1,Content Illustration
Ingolstadt_1617,114,1,Content Illustration
Ingolstadt_1617,115,1,Content Illustration
Ingolstadt_1617,116,1,Content Illustration
Ingolstadt_1617,117,1,Content Illustration
Ingolstadt_1617,119,1,Content Illustration
Ingolstadt_1617,119,2,Content Illustration
Ingolstadt_1617,11,1,Content Illustration
Ingolstadt_1617,11,2,Content Illustration
Ingolstadt_1617,11,3,Content Illustration
Ingolstadt_1617,11,4,Content Illustration
Ingolstadt_1617,120,1,Content Illustration
Ingolstadt_1617,121,1,Content Illustration
Ingolstadt_1617,123,1,Content Illustration
Ingolstadt_1617,124,1,Content Illustration
Ingolstadt_1617,125,1,Content Illustration
Ingolstadt_1617,126,1,Content Illustration
Ingolstadt_1617,127,1,Content Illustration
Ingolstadt_1617,128,1,Content Illustration
Ingolstadt_1617,129,1,Content Illustration
Ingolstadt_1617,12,1,Content Illustration
Ingolstadt_1617,12,2,Content Illustration
Ingolstadt_1617,12,3,Content Illustration
Ingolstadt_1617,12,4,Content Illustration
Ingolstadt_1617,12,5,Content Illustration
Ingolstadt_1617,130,1,Content Illustration
Ingolstadt_1617,130,2,Content Illustration
Ingolstadt_1617,130,3,Content Illustration
Ingolstadt_1617,131,1,Content Illustration
Ingolstadt_1617,131,2,Content Illustration
Ingolstadt_1617,131,3,Content Illustration
Ingolstadt_1617,132,1,Content Illustration
Ingolstadt_1617,133,1,Content Illustration
Ingolstadt_1617,133,2,Content Illustration
Ingolstadt_1617,133,3,Content Illustration
Ingolstadt_1617,134,1,Content Illustration
Ingolstadt_1617,134,2,Content Illustration
Ingolstadt_1617,135,1,Content Illustration
Ingolstadt_1617,135,2,Content Illustration
Ingolstadt_1617,135,3,Content Illustration
Ingolstadt_1617,135,4,Content Illustration
Ingolstadt_1617,137,1,Content Illustration
Ingolstadt_1617,138,1,Content Illustration
Ingolstadt_1617,139,1,Content Illustration
Ingolstadt_1617,13,1,Content Illustration
Ingolstadt_1617,13,2,Content Illustration
Ingolstadt_1617,13,3,Content Illustration
Ingolstadt_1617,13,4,Content Illustration
Ingolstadt_1617,13,5,Content Illustration
Ingolstadt_1617,13,6,Content Illustration
Ingolstadt_1617,13,7,Content Illustration
Ingolstadt_1617,140,1,Content Illustration
Ingolstadt_1617,141,1,Content Illustration
Ingolstadt_1617,142,1,Content Illustration
Ingolstadt_1617,142,2,Content Illustration
Ingolstadt_1617,142,3,Content Illustration
Ingolstadt_1617,143,1,Content Illustration
Ingolstadt_1617,143,2,Content Illustration
Ingolstadt_1617,143,3,Content Illustration
Ingolstadt_1617,145,1,Content Illustration
Ingolstadt_1617,145,2,Content Illustration
Ingolstadt_1617,145,3,Content Illustration
Ingolstadt_1617,146,1,Content Illustration
Ingolstadt_1617,146,2,Content Illustration
Ingolstadt_1617,147,1,Content Illustration
Ingolstadt_1617,149,1,Content Illustration
Ingolstadt_1617,14,1,Content Illustration
Ingolstadt_1617,14,2,Content Illustration
Ingolstadt_1617,152,1,Content Illustration
Ingolstadt_1617,155,1,Content Illustration
Ingolstadt_1617,156,1,Content Illustration
Ingolstadt_1617,157,1,Content Illustration
Ingolstadt_1617,158,1,Content Illustration
Ingolstadt_1617,158,2,Content Illustration
Ingolstadt_1617,159,1,Content Illustration
Ingolstadt_1617,15,1,Content Illustration
Ingolstadt_1617,160,1,Content Illustration
Ingolstadt_1617,160,2,Content Illustration
Ingolstadt_1617,161,1,Content Illustration
Ingolstadt_1617,161,2,Content Illustration
Ingolstadt_1617,162,1,Content Illustration
Ingolstadt_1617,163,1,Content Illustration
Ingolstadt_1617,164,1,Content Illustration
Ingolstadt_1617,165,1,Content Illustration
Ingolstadt_1617,166,1,Content Illustration
Ingolstadt_1617,167,1,Content Illustration
Ingolstadt_1617,167,2,Content Illustration
Ingolstadt_1617,169,1,Content Illustration
Ingolstadt_1617,169,2,Content Illustration
Ingolstadt_1617,16,1,Content Illustration
Ingolstadt_1617,16,2,Content Illustration
Ingolstadt_1617,171,1,Content Illustration
Ingolstadt_1617,173,1,Content Illustration
Ingolstadt_1617,174,1,Content Illustration
Ingolstadt_1617,175,1,Content Illustration
Ingolstadt_1617,176,1,Content Illustration
Ingolstadt_1617,177,1,Content Illustration
Ingolstadt_1617,177,2,Content Illustration
Ingolstadt_1617,179,1,Content Illustration
Ingolstadt_1617,17,1,Content Illustration
Ingolstadt_1617,180,1,Content Illustration
Ingolstadt_1617,187,1,Content Illustration
Ingolstadt_1617,189,1,Content Illustration
Ingolstadt_1617,18,1,Content Illustration
Ingolstadt_1617,190,1,Content Illustration
Ingolstadt_1617,191,1,Content Illustration
Ingolstadt_1617,193,1,Content Illustration
Ingolstadt_1617,194,1,Content Illustration
Ingolstadt_1617,196,1,Content Illustration
Ingolstadt_1617,198,1,Content Illustration
Ingolstadt_1617,198,2,Content Illustration
Ingolstadt_1617,199,1,Content Illustration
Ingolstadt_1617,205,1,Content Illustration
Ingolstadt_1617,205,2,Content Illustration
Ingolstadt_1617,207,1,Content Illustration
Ingolstadt_1617,20,1,Content Illustration
Ingolstadt_1617,210,1,Content Illustration
Ingolstadt_1617,211,1,Content Illustration
Ingolstadt_1617,214,1,Content Illustration
Ingolstadt_1617,217,1,Content Illustration
Ingolstadt_1617,218,1,Content Illustration
Ingolstadt_1617,21,1,Content Illustration
Ingolstadt_1617,220,1,Content Illustration
Ingolstadt_1617,221,1,Content Illustration
Ingolstadt_1617,223,1,Content Illustration
Ingolstadt_1617,224,1,Content Illustration
Ingolstadt_1617,224,2,Content Illustration
Ingolstadt_1617,225,1,Content Illustration
Ingolstadt_1617,227,1,Content Illustration
Ingolstadt_1617,229,1,Content Illustration
Ingolstadt_1617,22,1,Content Illustration
Ingolstadt_1617,22,2,Content Illustration
Ingolstadt_1617,231,1,Content Illustration
Ingolstadt_1617,234,1,Content Illustration
Ingolstadt_1617,235,1,Content Illustration
Ingolstadt_1617,236,1,Content Illustration
Ingolstadt_1617,237,1,Content Illustration
Ingolstadt_1617,239,1,Content Illustration
Ingolstadt_1617,23,1,Content Illustration
Ingolstadt_1617,240,1,Content Illustration
Ingolstadt_1617,241,1,Content Illustration
Ingolstadt_1617,243,1,Content Illustration
Ingolstadt_1617,245,1,Content Illustration
Ingolstadt_1617,247,1,Content Illustration
Ingolstadt_1617,249,1,Content Illustration
Ingolstadt_1617,24,1,Content Illustration
Ingolstadt_1617,24,2,Content Illustration
Ingolstadt_1617,250,1,Content Illustration
Ingolstadt_1617,251,1,Content Illustration
Ingolstadt_1617,252,1,Content Illustration
Ingolstadt_1617,252,2,Content Illustration
Ingolstadt_1617,253,1,Content Illustration
Ingolstadt_1617,254,1,Content Illustration
Ingolstadt_1617,255,1,Content Illustration
Ingolstadt_1617,257,1,Content Illustration
Ingolstadt_1617,25,1,Content Illustration
Ingolstadt_1617,25,2,Content Illustration
Ingolstadt_1617,261,1,Content Illustration
Ingolstadt_1617,261,2,Content Illustration
Ingolstadt_1617,262,1,Content Illustration
Ingolstadt_1617,263,1,Content Illustration
Ingolstadt_1617,265,1,Content Illustration
Ingolstadt_1617,265,2,Content Illustration
Ingolstadt_1617,267,1,Content Illustration
Ingolstadt_1617,269,1,Content Illustration
Ingolstadt_1617,26,1,Content Illustration
Ingolstadt_1617,271,1,Content Illustration
Ingolstadt_1617,272,1,Content Illustration
Ingolstadt_1617,272,2,Content Illustration
Ingolstadt_1617,272,3,Content Illustration
Ingolstadt_1617,273,1,Content Illustration
Ingolstadt_1617,273,2,Content Illustration
Ingolstadt_1617,274,1,Content Illustration
Ingolstadt_1617,275,1,Content Illustration
Ingolstadt_1617,276,1,Content Illustration
Ingolstadt_1617,277,1,Content Illustration
Ingolstadt_1617,277,2,Content Illustration
Ingolstadt_1617,277,3,Content Illustration
Ingolstadt_1617,279,1,Content Illustration
Ingolstadt_1617,27,1,Content Illustration
Ingolstadt_1617,280,1,Content Illustration
Ingolstadt_1617,281,1,Content Illustration
Ingolstadt_1617,282,1,Content Illustration
Ingolstadt_1617,282,2,Content Illustration
Ingolstadt_1617,282,3,Content Illustration
Ingolstadt_1617,284,1,Content Illustration
Ingolstadt_1617,284,2,Content Illustration
Ingolstadt_1617,284,3,Content Illustration
Ingolstadt_1617,285,1,Content Illustration
Ingolstadt_1617,285,2,Content Illustration
Ingolstadt_1617,285,3,Content Illustration
Ingolstadt_1617,286,1,Content Illustration
Ingolstadt_1617,287,1,Content Illustration
Ingolstadt_1617,287,2,Content Illustration
Ingolstadt_1617,288,1,Content Illustration
Ingolstadt_1617,289,1,Content Illustration
Ingolstadt_1617,28,1,Content Illustration
Ingolstadt_1617,290,1,Content Illustration
Ingolstadt_1617,292,1,Content Illustration
Ingolstadt_1617,292,2,Content Illustration
Ingolstadt_1617,292,3,Content Illustration
Ingolstadt_1617,293,1,Content Illustration
Ingolstadt_1617,293,2,Content Illustration
Ingolstadt_1617,293,3,Content Illustration
Ingolstadt_1617,295,1,Content Illustration
Ingolstadt_1617,295,2,Content Illustration
Ingolstadt_1617,297,1,Content Illustration
Ingolstadt_1617,29,1,Content Illustration
Ingolstadt_1617,29,2,Content Illustration
Ingolstadt_1617,30,1,Content Illustration
Ingolstadt_1617,31,1,Content Illustration
Ingolstadt_1617,32,1,Content Illustration
Ingolstadt_1617,33,1,Content Illustration
Ingolstadt_1617,33,2,Content Illustration
Ingolstadt_1617,34,1,Content Illustration
Ingolstadt_1617,35,1,Content Illustration
Ingolstadt_1617,35,2,Content Illustration
Ingolstadt_1617,36,1,Content Illustration
Ingolstadt_1617,37,1,Content Illustration
Ingolstadt_1617,38,1,Content Illustration
Ingolstadt_1617,39,1,Content Illustration
Ingolstadt_1617,3,1,Content Illustration
Ingolstadt_1617,40,1,Content Illustration
Ingolstadt_1617,41,1,Content Illustration
Ingolstadt_1617,42,1,Content Illustration
Ingolstadt_1617,43,1,Content Illustration
Ingolstadt_1617,45,1,Content Illustration
Ingolstadt_1617,46,1,Content Illustration
Ingolstadt_1617,47,1,Content Illustration
Ingolstadt_1617,48,1,Content Illustration
Ingolstadt_1617,49,1,Content Illustration
Ingolstadt_1617,50,1,Content Illustration
Ingolstadt_1617,51,1,Content Illustration
Ingolstadt_1617,53,1,Content Illustration
Ingolstadt_1617,55,1,Content Illustration
Ingolstadt_1617,55,2,Content Illustration
Ingolstadt_1617,56,1,Content Illustration
Ingolstadt_1617,57,1,Content Illustration
Ingolstadt_1617,58,1,Content Illustration
Ingolstadt_1617,59,1,Content Illustration
Ingolstadt_1617,59,2,Content Illustration
Ingolstadt_1617,60,1,Content Illustration
Ingolstadt_1617,61,1,Content Illustration
Ingolstadt_1617,61,2,Content Illustration
Ingolstadt_1617,62,1,Content Illustration
Ingolstadt_1617,63,1,Content Illustration
Ingolstadt_1617,63,2,Content Illustration
Ingolstadt_1617,64,1,Content Illustration
Ingolstadt_1617,65,1,Content Illustration
Ingolstadt_1617,66,1,Content Illustration
Ingolstadt_1617,68,1,Content Illustration
Ingolstadt_1617,69,1,Content Illustration
Ingolstadt_1617,69,2,Content Illustration
Ingolstadt_1617,73,1,Content Illustration
Ingolstadt_1617,73,2,Content Illustration
Ingolstadt_1617,77,1,Content Illustration
Ingolstadt_1617,78,1,Content Illustration
Ingolstadt_1617,79,1,Content Illustration
Ingolstadt_1617,81,1,Content Illustration
Ingolstadt_1617,83,1,Content Illustration
Ingolstadt_1617,85,1,Content Illustration
Ingolstadt_1617,85,2,Content Illustration
Ingolstadt_1617,87,1,Content Illustration
Ingolstadt_1617,88,1,Content Illustration
Ingolstadt_1617,89,1,Content Illustration
Ingolstadt_1617,90,1,Content Illustration
Ingolstadt_1617,91,1,Content Illustration
Ingolstadt_1617,92,1,Content Illustration
Ingolstadt_1617,93,1,Content Illustration
Ingolstadt_1617,96,1,Content Illustration
Ingolstadt_1617,97,1,Content Illustration
Ingolstadt_1617,98,1,Content Illustration
Ingolstadt_1617,99,1,Content Illustration
Bologna_1629,6,1,Content Illustration
Bologna_1629,14,1,Content Illustration
Bologna_1629,14,2,Content Illustration
Bologna_1629,14,3,Content Illustration
Bologna_1629,15,1,Content Illustration
Bologna_1629,15,2,Content Illustration
Bologna_1629,15,3,Content Illustration
Bologna_1629,15,4,Content Illustration
Bologna_1629,16,1,Content Illustration
Bologna_1629,16,2,Content Illustration
Bologna_1629,16,3,Content Illustration
Bologna_1629,16,4,Content Illustration
Bologna_1629,16,5,Content Illustration
Bologna_1629,16,6,Content Illustration
Bologna_1629,16,7,Content Illustration
Bologna_1629,17,1,Content Illustration
Bologna_1629,17,2,Content Illustration
Bologna_1629,17,3,Content Illustration
Bologna_1629,17,4,Content Illustration
Bologna_1629,17,5,Content Illustration
Bologna_1629,17,6,Content Illustration
Bologna_1629,18,1,Content Illustration
Bologna_1629,19,1,Content Illustration
Bologna_1629,19,2,Content Illustration
Bologna_1629,20,1,Content Illustration
Bologna_1629,21,1,Content Illustration
Bologna_1629,21,2,Content Illustration
Bologna_1629,22,1,Content Illustration
Bologna_1629,23,1,Content Illustration
Bologna_1629,24,1,Content Illustration
Bologna_1629,25,1,Content Illustration
Bologna_1629,25,2,Content Illustration
Bologna_1629,26,1,Content Illustration
Bologna_1629,27,1,Content Illustration
Bologna_1629,28,1,Content Illustration
Bologna_1629,28,2,Content Illustration
Bologna_1629,29,1,Content Illustration
Bologna_1629,30,1,Content Illustration
Bologna_1629,31,1,Content Illustration
Bologna_1629,32,1,Content Illustration
Bologna_1629,33,1,Content Illustration
Bologna_1629,33,2,Content Illustration
Bologna_1629,34,1,Content Illustration
Bologna_1629,35,1,Content Illustration
Bologna_1629,36,1,Content Illustration
Bologna_1629,37,1,Content Illustration
Bologna_1629,38,1,Content Illustration
Bologna_1629,39,1,Content Illustration
Bologna_1629,40,1,Content Illustration
Bologna_1629,41,1,Content Illustration
Bologna_1629,42,1,Content Illustration
Bologna_1629,43,1,Content Illustration
Bologna_1629,43,2,Content Illustration
Bologna_1629,44,1,Content Illustration
Bologna_1629,45,1,Content Illustration
Bologna_1629,46,1,Content Illustration
Bologna_1629,46,2,Content Illustration
Bologna_1629,47,1,Content Illustration
Bologna_1629,47,2,Content Illustration
Bologna_1629,48,1,Content Illustration
Bologna_1629,49,1,Content Illustration
Bologna_1629,50,1,Content Illustration
Bologna_1629,51,1,Content Illustration
Bologna_1629,52,1,Content Illustration
Bologna_1629,53,1,Content Illustration
Bologna_1629,54,1,Content Illustration
Bologna_1629,54,2,Content Illustration
Bologna_1629,55,1,Content Illustration
Bologna_1629,56,1,Content Illustration
Bologna_1629,57,1,Content Illustration
Bologna_1629,58,1,Content Illustration
Bologna_1629,58,2,Content Illustration
Bologna_1629,58,3,Content Illustration
Bologna_1629,59,1,Content Illustration
Bologna_1629,60,1,Content Illustration
Bologna_1629,61,1,Content Illustration
Bologna_1629,63,1,Content Illustration
Bologna_1629,64,1,Content Illustration
Bologna_1629,65,1,Content Illustration
Bologna_1629,66,1,Content Illustration
Bologna_1629,68,1,Content Illustration
Bologna_1629,69,1,Content Illustration
Bologna_1629,70,1,Content Illustration
Bologna_1629,71,1,Content Illustration
Bologna_1629,73,1,Content Illustration
Bologna_1629,75,1,Content Illustration
Bologna_1629,77,1,Content Illustration
Bologna_1629,78,1,Content Illustration
Bologna_1629,79,1,Content Illustration
Bologna_1629,80,1,Content Illustration
Bologna_1629,83,1,Content Illustration
Bologna_1629,84,1,Content Illustration
Bologna_1629,85,1,Content Illustration
Bologna_1629,86,1,Content Illustration
Bologna_1629,87,1,Content Illustration
Bologna_1629,87,2,Content Illustration
Bologna_1629,88,1,Content Illustration
Bologna_1629,89,1,Content Illustration
Bologna_1629,91,1,Content Illustration
Bologna_1629,93,1,Content Illustration
Bologna_1629,94,1,Content Illustration
Bologna_1629,94,2,Content Illustration
Bologna_1629,95,1,Content Illustration
Bologna_1629,96,1,Content Illustration
Bologna_1629,97,1,Content Illustration
Bologna_1629,98,1,Content Illustration
Bologna_1629,99,1,Content Illustration
Bologna_1629,100,1,Content Illustration
Bologna_1629,101,1,Content Illustration
Bologna_1629,103,1,Content Illustration
Bologna_1629,104,1,Content Illustration
Bologna_1629,105,1,Content Illustration
Bologna_1629,105,2,Content Illustration
Bologna_1629,106,1,Content Illustration
Bologna_1629,107,1,Content Illustration
Bologna_1629,108,1,Content Illustration
Bologna_1629,108,2,Content Illustration
Bologna_1629,109,1,Content Illustration
Bologna_1629,109,2,Content Illustration
Bologna_1629,109,3,Content Illustration
Bologna_1629,110,1,Content Illustration
Bologna_1629,110,2,Content Illustration
Bologna_1629,111,1,Content Illustration
Bologna_1629,111,2,Content Illustration
Bologna_1629,111,3,Content Illustration
Bologna_1629,112,1,Content Illustration
Bologna_1629,113,1,Content Illustration
Bologna_1629,114,1,Content Illustration
Bologna_1629,115,1,Content Illustration
Bologna_1629,117,1,Content Illustration
Bologna_1629,118,1,Content Illustration
Bologna_1629,118,2,Content Illustration
Bologna_1629,118,3,Content Illustration
Bologna_1629,119,1,Content Illustration
Bologna_1629,119,2,Content Illustration
Bologna_1629,119,3,Content Illustration
Bologna_1629,121,1,Content Illustration
Bologna_1629,121,2,Content Illustration
Bologna_1629,123,1,Content Illustration
Bologna_1629,123,2,Content Illustration
Bologna_1629,123,3,Content Illustration
Bologna_1629,125,1,Content Illustration
Bologna_1629,127,1,Content Illustration
Bologna_1629,128,1,Content Illustration
Bologna_1629,128,2,Content Illustration
Bologna_1629,129,1,Content Illustration
Bologna_1629,130,1,Content Illustration
Bologna_1629,131,1,Content Illustration
Bologna_1629,131,2,Content Illustration
Bologna_1629,131,3,Content Illustration
Bologna_1629,133,1,Content Illustration
Bologna_1629,133,2,Content Illustration
Bologna_1629,134,1,Content Illustration
Bologna_1629,135,1,Content Illustration
Bologna_1629,136,1,Content Illustration
Bologna_1629,137,1,Content Illustration
Bologna_1629,138,1,Content Illustration
Bologna_1629,139,1,Content Illustration
Bologna_1629,141,1,Content Illustration
Bologna_1629,142,1,Content Illustration
Bologna_1629,143,1,Content Illustration
Bologna_1629,145,1,Content Illustration
Bologna_1629,150,1,Content Illustration
Bologna_1629,151,1,Content Illustration
Bologna_1629,152,1,Content Illustration
Bologna_1629,153,1,Content Illustration
Bologna_1629,155,1,Content Illustration
Bologna_1629,156,1,Content Illustration
Bologna_1629,158,1,Content Illustration
Bologna_1629,158,2,Content Illustration
Bologna_1629,159,1,Content Illustration
Bologna_1629,159,2,Content Illustration
Bologna_1629,161,1,Content Illustration
Bologna_1629,166,1,Content Illustration
Bologna_1629,168,1,Content Illustration
Bologna_1629,169,1,Content Illustration
Bologna_1629,171,1,Content Illustration
Bologna_1629,172,1,Content Illustration
Bologna_1629,173,1,Content Illustration
Bologna_1629,175,1,Content Illustration
Bologna_1629,176,1,Content Illustration
Bologna_1629,177,1,Content Illustration
Bologna_1629,179,1,Content Illustration
Bologna_1629,180,1,Content Illustration
Bologna_1629,183,1,Content Illustration
Bologna_1629,184,1,Content Illustration
Bologna_1629,185,1,Content Illustration
Bologna_1629,185,2,Content Illustration
Bologna_1629,187,1,Content Illustration
Bologna_1629,189,1,Content Illustration
Bologna_1629,191,1,Content Illustration
Bologna_1629,192,1,Content Illustration
Bologna_1629,193,1,Content Illustration
Bologna_1629,195,1,Content Illustration
Bologna_1629,196,1,Content Illustration
Bologna_1629,197,1,Content Illustration
Bologna_1629,198,1,Content Illustration
Bologna_1629,199,1,Content Illustration
Bologna_1629,200,1,Content Illustration
Bologna_1629,201,1,Content Illustration
Bologna_1629,201,2,Content Illustration
Bologna_1629,202,1,Content Illustration
Bologna_1629,202,2,Content Illustration
Bologna_1629,203,1,Content Illustration
Bologna_1629,204,1,Content Illustration
Bologna_1629,205,1,Content Illustration
Bologna_1629,206,1,Content Illustration
Bologna_1629,206,2,Content Illustration
Bologna_1629,206,3,Content Illustration
Bologna_1629,207,1,Content Illustration
Bologna_1629,210,1,Content Illustration
Bologna_1629,210,2,Content Illustration
Bologna_1629,211,1,Content Illustration
Bologna_1629,211,2,Content Illustration
Bologna_1629,213,1,Content Illustration
Bologna_1629,215,1,Content Illustration
Bologna_1629,216,1,Content Illustration
Bologna_1629,217,1,Content Illustration
Bologna_1629,217,2,Content Illustration
Bologna_1629,218,1,Content Illustration
Bologna_1629,219,1,Content Illustration
Bologna_1629,220,1,Content Illustration
Bologna_1629,221,1,Content Illustration
Bologna_1629,222,1,Content Illustration
Bologna_1629,223,1,Content Illustration
Bologna_1629,224,1,Content Illustration
Bologna_1629,224,2,Content Illustration
Bologna_1629,224,3,Content Illustration
Bologna_1629,225,1,Content Illustration
Bologna_1629,226,1,Content Illustration
Bologna_1629,227,1,Content Illustration
Bologna_1629,228,1,Content Illustration
Bologna_1629,229,1,Content Illustration
Bologna_1629,229,2,Content Illustration
Bologna_1629,231,1,Content Illustration
Bologna_1629,231,2,Content Illustration
Bologna_1629,231,3,Content Illustration
Bologna_1629,231,4,Content Illustration
Bologna_1629,232,1,Content Illustration
Bologna_1629,233,1,Content Illustration
Bologna_1629,235,1,Content Illustration
Bologna_1629,236,1,Content Illustration
Bologna_1629,236,2,Content Illustration
Bologna_1629,237,1,Content Illustration
Bologna_1629,237,2,Content Illustration
Bologna_1629,237,3,Content Illustration
Bologna_1629,238,1,Content Illustration
Bologna_1629,238,2,Content Illustration
Bologna_1629,240,1,Content Illustration
Bologna_1629,242,1,Content Illustration
Geneva_1628,4,1,Content Illustration
Geneva_1628,16,1,Content Illustration
Geneva_1628,17,1,Content Illustration
Geneva_1628,18,1,Content Illustration
Geneva_1628,18,2,Content Illustration
Geneva_1628,19,1,Content Illustration
Geneva_1628,19,2,Content Illustration
Geneva_1628,24,1,Content Illustration
Geneva_1628,27,1,Content Illustration
Geneva_1628,29,1,Content Illustration
Geneva_1628,29,2,Content Illustration
Geneva_1628,30,1,Content Illustration
Geneva_1628,30,2,Content Illustration
Geneva_1628,30,3,Content Illustration
Geneva_1628,31,1,Content Illustration
Geneva_1628,31,2,Content Illustration
Geneva_1628,31,3,Content Illustration
Geneva_1628,32,1,Content Illustration
Geneva_1628,32,2,Content Illustration
Geneva_1628,33,1,Content Illustration
Geneva_1628,33,2,Content Illustration
Geneva_1628,34,1,Content Illustration
Geneva_1628,38,1,Content Illustration
Geneva_1628,40,1,Content Illustration
Geneva_1628,41,1,Content Illustration
Geneva_1628,42,1,Content Illustration
Geneva_1628,43,1,Content Illustration
Geneva_1628,46,1,Content Illustration
Geneva_1628,48,1,Content Illustration
Geneva_1628,48,2,Content Illustration
Geneva_1628,49,1,Content Illustration
Geneva_1628,51,1,Content Illustration
Geneva_1628,53,1,Content Illustration
Geneva_1628,53,2,Content Illustration
Geneva_1628,54,1,Content Illustration
Geneva_1628,54,2,Content Illustration
Geneva_1628,54,3,Content Illustration
Geneva_1628,54,4,Content Illustration
Geneva_1628,55,1,Content Illustration
Geneva_1628,56,1,Content Illustration
Geneva_1628,57,1,Content Illustration
Geneva_1628,58,1,Content Illustration
Geneva_1628,58,2,Content Illustration
Geneva_1628,59,1,Content Illustration
Geneva_1628,60,1,Content Illustration
Geneva_1628,61,1,Content Illustration
Geneva_1628,62,1,Content Illustration
Geneva_1628,63,1,Content Illustration
Geneva_1628,63,2,Content Illustration
Geneva_1628,65,1,Content Illustration
Geneva_1628,66,1,Content Illustration
Geneva_1628,67,1,Content Illustration
Geneva_1628,68,1,Content Illustration
Geneva_1628,69,1,Content Illustration
Geneva_1628,70,1,Content Illustration
Geneva_1628,70,2,Content Illustration
Geneva_1628,71,1,Content Illustration
Geneva_1628,72,1,Content Illustration
Geneva_1628,73,1,Content Illustration
Geneva_1628,74,1,Content Illustration
Geneva_1628,75,1,Content Illustration
Geneva_1628,76,1,Content Illustration
Geneva_1628,77,1,Content Illustration
Geneva_1628,79,1,Content Illustration
Geneva_1628,80,1,Content Illustration
Geneva_1628,81,1,Content Illustration
Geneva_1628,82,1,Content Illustration
Geneva_1628,83,1,Content Illustration
Geneva_1628,85,1,Content Illustration
Geneva_1628,85,2,Content Illustration
Geneva_1628,86,1,Content Illustration
Geneva_1628,87,1,Content Illustration
Geneva_1628,87,2,Content Illustration
Geneva_1628,88,1,Content Illustration
Geneva_1628,89,1,Content Illustration
Geneva_1628,89,2,Content Illustration
Geneva_1628,90,1,Content Illustration
Geneva_1628,90,2,Content Illustration
Geneva_1628,91,1,Content Illustration
Geneva_1628,92,1,Content Illustration
Geneva_1628,92,2,Content Illustration
Geneva_1628,93,1,Content Illustration
Geneva_1628,94,1,Content Illustration
Geneva_1628,96,1,Content Illustration
Geneva_1628,96,2,Content Illustration
Geneva_1628,97,1,Content Illustration
Geneva_1628,97,2,Content Illustration
Geneva_1628,98,1,Content Illustration
Geneva_1628,98,2,Content Illustration
Geneva_1628,99,1,Content Illustration
Geneva_1628,100,1,Content Illustration
Geneva_1628,101,1,Content Illustration
Geneva_1628,102,1,Content Illustration
Geneva_1628,102,2,Content Illustration
Geneva_1628,103,1,Content Illustration
Geneva_1628,104,1,Content Illustration
Geneva_1628,105,1,Content Illustration
Geneva_1628,105,2,Content Illustration
Geneva_1628,106,1,Content Illustration
Geneva_1628,108,1,Content Illustration
Geneva_1628,109,1,Content Illustration
Geneva_1628,111,1,Content Illustration
Geneva_1628,113,1,Content Illustration
Geneva_1628,114,1,Content Illustration
Geneva_1628,114,2,Content Illustration
Geneva_1628,115,1,Content Illustration
Geneva_1628,116,1,Content Illustration
Geneva_1628,118,1,Content Illustration
Geneva_1628,119,1,Content Illustration
Geneva_1628,121,1,Content Illustration
Geneva_1628,123,1,Content Illustration
Geneva_1628,124,1,Content Illustration
Geneva_1628,125,1,Content Illustration
Geneva_1628,126,1,Content Illustration
Geneva_1628,129,1,Content Illustration
Geneva_1628,129,2,Content Illustration
Geneva_1628,130,1,Content Illustration
Geneva_1628,130,2,Content Illustration
Geneva_1628,131,1,Content Illustration
Geneva_1628,133,1,Content Illustration
Geneva_1628,134,1,Content Illustration
Geneva_1628,135,1,Content Illustration
Geneva_1628,136,1,Content Illustration
Geneva_1628,137,1,Content Illustration
Geneva_1628,138,1,Content Illustration
Geneva_1628,140,1,Content Illustration
Geneva_1628,141,1,Content Illustration
Geneva_1628,142,1,Content Illustration
Geneva_1628,143,1,Content Illustration
Geneva_1628,145,1,Content Illustration
Geneva_1628,147,1,Content Illustration
Geneva_1628,148,1,Content Illustration
Geneva_1628,150,1,Content Illustration
Geneva_1628,152,1,Content Illustration
Geneva_1628,154,1,Content Illustration
Geneva_1628,155,1,Content Illustration
Geneva_1628,155,2,Content Illustration
Geneva_1628,156,1,Content Illustration
Geneva_1628,157,1,Content Illustration
Geneva_1628,159,1,Content Illustration
Geneva_1628,159,2,Content Illustration
Geneva_1628,159,3,Content Illustration
Geneva_1628,160,1,Content Illustration
Geneva_1628,160,2,Content Illustration
Geneva_1628,161,1,Content Illustration
Geneva_1628,161,2,Content Illustration
Geneva_1628,161,3,Content Illustration
Geneva_1628,161,4,Content Illustration
Geneva_1628,163,1,Content Illustration
Geneva_1628,165,1,Content Illustration
Geneva_1628,166,1,Content Illustration
Geneva_1628,167,1,Content Illustration
Geneva_1628,168,1,Content Illustration
Geneva_1628,168,2,Content Illustration
Geneva_1628,169,1,Content Illustration
Geneva_1628,172,1,Content Illustration
Geneva_1628,174,1,Content Illustration
Geneva_1628,174,2,Content Illustration
Geneva_1628,175,1,Content Illustration
Geneva_1628,175,2,Content Illustration
Geneva_1628,176,1,Content Illustration
Geneva_1628,177,1,Content Illustration
Geneva_1628,177,2,Content Illustration
Geneva_1628,178,1,Content Illustration
Geneva_1628,179,1,Content Illustration
Geneva_1628,179,2,Content Illustration
Geneva_1628,179,3,Content Illustration
Geneva_1628,180,1,Content Illustration
Geneva_1628,182,1,Content Illustration
Geneva_1628,183,1,Content Illustration
Geneva_1628,185,1,Content Illustration
Geneva_1628,187,1,Content Illustration
Geneva_1628,187,2,Content Illustration
Geneva_1628,189,1,Content Illustration
Geneva_1628,193,1,Content Illustration
Geneva_1628,195,1,Content Illustration
Geneva_1628,197,1,Content Illustration
Geneva_1628,198,1,Content Illustration
Geneva_1628,199,1,Content Illustration
Geneva_1628,199,2,Content Illustration
Geneva_1628,200,1,Content Illustration
Geneva_1628,201,1,Content Illustration
Geneva_1628,201,2,Content Illustration
Geneva_1628,202,1,Content Illustration
Geneva_1628,202,2,Content Illustration
Geneva_1628,203,1,Content Illustration
Geneva_1628,203,2,Content Illustration
Geneva_1628,204,1,Content Illustration
Geneva_1628,204,2,Content Illustration
Geneva_1628,205,1,Content Illustration
Geneva_1628,205,2,Content Illustration
Geneva_1628,206,1,Content Illustration
Geneva_1628,207,1,Content Illustration
Geneva_1628,208,1,Content Illustration
Geneva_1628,208,2,Content Illustration
Geneva_1628,209,1,Content Illustration
Geneva_1628,211,1,Content Illustration
Geneva_1628,211,2,Content Illustration
Geneva_1628,212,1,Content Illustration
Geneva_1628,213,1,Content Illustration
Geneva_1628,215,1,Content Illustration
Geneva_1628,215,2,Content Illustration
Geneva_1628,216,1,Content Illustration
Geneva_1628,217,1,Content Illustration
Geneva_1628,217,2,Content Illustration
Geneva_1628,218,1,Content Illustration
Geneva_1628,219,1,Content Illustration
Geneva_1628,219,2,Content Illustration
Geneva_1628,220,1,Content Illustration
Geneva_1628,220,2,Content Illustration
Geneva_1628,221,1,Content Illustration
Geneva_1628,222,1,Content Illustration
Geneva_1628,223,1,Content Illustration
Geneva_1628,224,1,Content Illustration
Geneva_1628,225,1,Content Illustration
Geneva_1628,225,2,Content Illustration
Geneva_1628,226,1,Content Illustration
Geneva_1628,226,2,Content Illustration
Geneva_1628,228,1,Content Illustration
Geneva_1628,228,2,Content Illustration
Geneva_1628,229,1,Content Illustration
Geneva_1628,231,1,Content Illustration
Geneva_1628,232,1,Content Illustration
Geneva_1628,233,1,Content Illustration
Geneva_1628,235,1,Content Illustration
Geneva_1628,237,1,Content Illustration
Geneva_1628,237,2,Content Illustration
Geneva_1628,237,3,Content Illustration
Geneva_1628,238,1,Content Illustration
Geneva_1628,238,2,Content Illustration
Geneva_1628,239,1,Content Illustration
Geneva_1628,240,1,Content Illustration
Geneva_1628,241,1,Content Illustration
Geneva_1628,243,1,Content Illustration
Geneva_1628,244,1,Content Illustration
Geneva_1628,244,2,Content Illustration
Geneva_1628,245,1,Content Illustration
Geneva_1628,246,1,Content Illustration
Geneva_1628,247,1,Content Illustration
Geneva_1628,248,1,Content Illustration
Geneva_1628,249,1,Content Illustration
Geneva_1628,249,2,Content Illustration
Geneva_1628,250,1,Content Illustration
Geneva_1628,251,1,Content Illustration
Geneva_1628,252,1,Content Illustration
Geneva_1628,253,1,Content Illustration
Geneva_1628,254,1,Content Illustration
Geneva_1628,254,2,Content Illustration
Geneva_1628,257,1,Content Illustration
Geneva_1628,258,1,Content Illustration
Geneva_1628,259,1,Content Illustration
Geneva_1628,259,2,Content Illustration
Geneva_1628,260,1,Content Illustration
Geneva_1628,262,1,Content Illustration
Geneva_1628,264,1,Content Illustration
Geneva_1628,265,1,Content Illustration
Geneva_1628,268,1,Content Illustration
Geneva_1628,270,1,Content Illustration
Geneva_1628,271,1,Content Illustration
Geneva_1628,272,1,Content Illustration
Geneva_1628,276,1,Content Illustration
Geneva_1628,279,1,Content Illustration
Geneva_1628,286,1,Content Illustration
Geneva_1628,286,2,Content Illustration
Geneva_1628,291,1,Content Illustration
Geneva_1628,292,1,Content Illustration
Geneva_1628,292,2,Content Illustration
Geneva_1628,292,3,Content Illustration
Geneva_1628,293,1,Content Illustration
Geneva_1628,293,2,Content Illustration
Geneva_1628,294,1,Content Illustration
Geneva_1628,295,1,Content Illustration
Geneva_1628,296,1,Content Illustration
Geneva_1628,299,1,Content Illustration
Geneva_1628,300,1,Content Illustration
Geneva_1628,301,1,Content Illustration
Geneva_1628,302,1,Content Illustration
Geneva_1628,303,1,Content Illustration
Geneva_1628,304,1,Content Illustration
Geneva_1628,304,2,Content Illustration
Geneva_1628,305,1,Content Illustration
Geneva_1628,306,1,Content Illustration
Geneva_1628,307,1,Content Illustration
Geneva_1628,310,1,Content Illustration
Geneva_1628,311,1,Content Illustration
Geneva_1628,312,1,Content Illustration
Geneva_1628,312,2,Content Illustration
Geneva_1628,315,1,Content Illustration
Geneva_1628,316,1,Content Illustration
Geneva_1628,318,1,Content Illustration
Geneva_1628,319,1,Content Illustration
Geneva_1628,320,1,Content Illustration
Geneva_1628,323,1,Content Illustration
Geneva_1628,324,1,Content Illustration
Geneva_1628,325,1,Content Illustration
Geneva_1628,325,2,Content Illustration
Geneva_1628,325,3,Content Illustration
Geneva_1628,326,1,Content Illustration
Geneva_1628,326,2,Content Illustration
Geneva_1628,326,3,Content Illustration
Geneva_1628,326,4,Content Illustration
Geneva_1628,327,1,Content Illustration
Geneva_1628,327,2,Content Illustration
Geneva_1628,328,1,Content Illustration
Geneva_1628,329,1,Content Illustration
Geneva_1628,330,1,Content Illustration
Geneva_1628,331,1,Content Illustration
Geneva_1628,332,1,Content Illustration
Geneva_1628,332,2,Content Illustration
Geneva_1628,333,1,Content Illustration
Geneva_1628,335,1,Content Illustration
Geneva_1628,336,1,Content Illustration
Geneva_1628,336,2,Content Illustration
Geneva_1628,337,1,Content Illustration
Geneva_1628,338,1,Content Illustration
Geneva_1628,338,2,Content Illustration
Geneva_1628,341,1,Content Illustration
Geneva_1628,342,1,Content Illustration
Geneva_1628,342,2,Content Illustration
Geneva_1628,344,1,Content Illustration
Geneva_1628,345,1,Content Illustration
Geneva_1628,345,2,Content Illustration
Geneva_1628,346,1,Content Illustration
Geneva_1628,346,2,Content Illustration
Geneva_1628,347,1,Content Illustration
Geneva_1628,349,1,Content Illustration
Geneva_1628,350,1,Content Illustration
Geneva_1628,352,1,Content Illustration
Geneva_1628,353,1,Content Illustration
Geneva_1628,354,1,Content Illustration
Geneva_1628,354,2,Content Illustration
Geneva_1628,355,1,Content Illustration
Geneva_1628,355,2,Content Illustration
Geneva_1628,357,1,Content Illustration
Geneva_1628,358,1,Content Illustration
Geneva_1628,359,1,Content Illustration
Geneva_1628,360,1,Content Illustration
Geneva_1628,361,1,Content Illustration
Geneva_1628,361,2,Content Illustration
Geneva_1628,362,1,Content Illustration
Geneva_1628,364,1,Content Illustration
Geneva_1628,365,1,Content Illustration
Geneva_1628,365,2,Content Illustration
Geneva_1628,366,1,Content Illustration
Geneva_1628,366,2,Content Illustration
Geneva_1628,367,1,Content Illustration
Geneva_1628,368,1,Content Illustration
Geneva_1628,368,2,Content Illustration
Geneva_1628,368,3,Content Illustration
Geneva_1628,369,1,Content Illustration
Geneva_1628,370,1,Content Illustration
Geneva_1628,370,2,Content Illustration
Geneva_1628,371,1,Content Illustration
Geneva_1628,373,1,Content Illustration
Geneva_1628,374,1,Content Illustration
Geneva_1628,376,1,Content Illustration
Geneva_1628,377,1,Content Illustration
Geneva_1628,378,1,Content Illustration
Geneva_1628,378,2,Content Illustration
Geneva_1628,378,3,Content Illustration
Geneva_1628,379,1,Content Illustration
Geneva_1628,382,1,Content Illustration
Geneva_1628,383,1,Content Illustration
Geneva_1628,384,1,Content Illustration
Geneva_1628,386,1,Content Illustration
Geneva_1628,387,1,Content Illustration
Geneva_1628,388,1,Content Illustration
Geneva_1628,388,2,Content Illustration
Geneva_1628,389,1,Content Illustration
Geneva_1628,390,1,Content Illustration
Geneva_1628,391,1,Content Illustration
Geneva_1628,392,1,Content Illustration
Geneva_1628,394,1,Content Illustration
Geneva_1628,394,2,Content Illustration
Geneva_1628,396,1,Content Illustration
Geneva_1628,396,2,Content Illustration
Geneva_1628,398,1,Content Illustration
Geneva_1628,398,2,Content Illustration
Geneva_1628,400,1,Content Illustration
Geneva_1628,401,1,Content Illustration
Geneva_1628,402,1,Content Illustration
Geneva_1628,404,1,Content Illustration
Geneva_1628,405,1,Content Illustration
Geneva_1628,405,2,Content Illustration
Paris_1632,7,1,Content Illustration
Paris_1632,11,1,Content Illustration
Paris_1632,12,1,Content Illustration
Paris_1632,13,1,Content Illustration
Paris_1632,14,1,Content Illustration
Paris_1632,15,1,Content Illustration
Paris_1632,16,1,Content Illustration
Paris_1632,16,2,Content Illustration
Paris_1632,17,1,Content Illustration
Paris_1632,18,1,Content Illustration
Paris_1632,19,1,Content Illustration
Paris_1632,19,2,Content Illustration
Paris_1632,20,1,Content Illustration
Paris_1632,21,1,Content Illustration
Paris_1632,21,2,Content Illustration
Paris_1632,22,1,Content Illustration
Paris_1632,23,1,Content Illustration
Paris_1632,23,2,Content Illustration
Paris_1632,23,3,Content Illustration
Paris_1632,24,1,Content Illustration
Paris_1632,24,2,Content Illustration
Paris_1632,24,3,Content Illustration
Paris_1632,24,4,Content Illustration
Paris_1632,25,1,Content Illustration
Paris_1632,25,2,Content Illustration
Paris_1632,26,1,Content Illustration
Paris_1632,26,2,Content Illustration
Paris_1632,27,1,Content Illustration
Paris_1632,30,1,Content Illustration
Paris_1632,30,2,Content Illustration
Paris_1632,30,3,Content Illustration
Paris_1632,31,1,Content Illustration
Paris_1632,31,2,Content Illustration
Paris_1632,31,3,Content Illustration
Paris_1632,32,1,Content Illustration
Paris_1632,32,2,Content Illustration
Paris_1632,33,1,Content Illustration
Paris_1632,34,1,Content Illustration
Paris_1632,34,2,Content Illustration
Paris_1632,35,1,Content Illustration
Paris_1632,35,2,Content Illustration
Paris_1632,35,3,Content Illustration
Paris_1632,36,1,Content Illustration
Paris_1632,37,1,Content Illustration
Paris_1632,38,1,Content Illustration
Paris_1632,38,2,Content Illustration
Paris_1632,39,1,Content Illustration
Paris_1632,40,1,Content Illustration
Paris_1632,40,2,Content Illustration
Paris_1632,41,1,Content Illustration
Paris_1632,41,2,Content Illustration
Paris_1632,42,1,Content Illustration
Paris_1632,43,1,Content Illustration
Paris_1632,43,2,Content Illustration
Paris_1632,44,1,Content Illustration
Paris_1632,44,2,Content Illustration
Paris_1632,45,1,Content Illustration
Paris_1632,45,2,Content Illustration
Paris_1632,46,1,Content Illustration
Paris_1632,46,2,Content Illustration
Paris_1632,46,3,Content Illustration
Paris_1632,47,1,Content Illustration
Paris_1632,47,2,Content Illustration
Paris_1632,48,1,Content Illustration
Paris_1632,49,1,Content Illustration
Paris_1632,49,2,Content Illustration
Paris_1632,50,1,Content Illustration
Paris_1632,50,2,Content Illustration
Paris_1632,51,1,Content Illustration
Paris_1632,51,2,Content Illustration
Paris_1632,52,1,Content Illustration
Paris_1632,53,1,Content Illustration
Paris_1632,53,2,Content Illustration
Paris_1632,54,1,Content Illustration
Paris_1632,54,2,Content Illustration
Paris_1632,55,1,Content Illustration
Paris_1632,56,1,Content Illustration
Paris_1632,56,2,Content Illustration
Paris_1632,56,3,Content Illustration
Paris_1632,57,1,Content Illustration
Paris_1632,57,2,Content Illustration
Paris_1632,58,1,Content Illustration
Paris_1632,59,1,Content Illustration
Paris_1632,60,1,Content Illustration
Paris_1632,61,1,Content Illustration
Paris_1632,61,2,Content Illustration
Paris_1632,62,1,Content Illustration
Paris_1632,63,1,Content Illustration
Paris_1632,63,2,Content Illustration
Paris_1632,64,1,Content Illustration
Paris_1632,64,2,Content Illustration
Paris_1632,65,1,Content Illustration
Paris_1632,66,1,Content Illustration
Paris_1632,66,2,Content Illustration
Paris_1632,66,3,Content Illustration
Paris_1632,67,1,Content Illustration
Paris_1632,68,1,Content Illustration
Paris_1632,69,1,Content Illustration
Paris_1632,69,2,Content Illustration
Paris_1632,70,1,Content Illustration
Paris_1632,70,2,Content Illustration
Paris_1632,70,3,Content Illustration
Paris_1632,71,1,Content Illustration
Paris_1632,71,2,Content Illustration
Paris_1632,72,1,Content Illustration
Paris_1632,73,1,Content Illustration
Paris_1632,74,1,Content Illustration
Paris_1632,74,2,Content Illustration
Paris_1632,75,1,Content Illustration
Paris_1632,75,2,Content Illustration
Paris_1632,75,3,Content Illustration
Paris_1632,76,1,Content Illustration
Paris_1632,77,1,Content Illustration
Paris_1632,77,2,Content Illustration
Paris_1632,78,1,Content Illustration
Paris_1632,78,2,Content Illustration
Paris_1632,78,3,Content Illustration
Paris_1632,79,1,Content Illustration
Paris_1632,80,1,Content Illustration
Paris_1632,80,2,Content Illustration
Paris_1632,80,3,Content Illustration
Paris_1632,81,1,Content Illustration
Paris_1632,82,1,Content Illustration
Paris_1632,82,2,Content Illustration
Paris_1632,83,1,Content Illustration
Paris_1632,83,2,Content Illustration
Paris_1632,84,1,Content Illustration
Paris_1632,85,1,Content Illustration
Paris_1632,85,2,Content Illustration
Paris_1632,86,1,Content Illustration
Paris_1632,88,1,Content Illustration
Paris_1632,89,1,Content Illustration
Paris_1632,89,2,Content Illustration
Paris_1632,89,3,Content Illustration
Paris_1632,91,1,Content Illustration
Paris_1632,92,1,Content Illustration
Paris_1632,93,1,Content Illustration
Paris_1632,94,1,Content Illustration
Paris_1632,94,2,Content Illustration
Paris_1632,95,1,Content Illustration
Paris_1632,96,1,Content Illustration
Paris_1632,96,2,Content Illustration
Paris_1632,97,1,Content Illustration
Paris_1632,97,2,Content Illustration
Paris_1632,98,1,Content Illustration
Paris_1632,98,2,Content Illustration
Paris_1632,99,1,Content Illustration
Paris_1632,100,1,Content Illustration
Paris_1632,100,2,Content Illustration
Paris_1632,100,3,Content Illustration
Paris_1632,101,1,Content Illustration
Paris_1632,101,2,Content Illustration
Paris_1632,102,1,Content Illustration
Paris_1632,102,2,Content Illustration
Paris_1632,103,1,Content Illustration
Paris_1632,104,1,Content Illustration
Paris_1632,104,2,Content Illustration
Paris_1632,105,1,Content Illustration
Paris_1632,105,2,Content Illustration
Paris_1632,106,1,Content Illustration
Paris_1632,107,1,Content Illustration
Paris_1632,108,1,Content Illustration
Paris_1632,109,1,Content Illustration
Paris_1632,109,2,Content Illustration
Paris_1632,110,1,Content Illustration
Paris_1632,111,1,Content Illustration
Paris_1632,115,1,Content Illustration
Paris_1632,116,1,Content Illustration
Paris_1632,117,1,Content Illustration
Paris_1632,117,2,Content Illustration
Paris_1632,117,3,Content Illustration
Paris_1632,118,1,Content Illustration
Paris_1632,119,1,Content Illustration
Paris_1632,119,2,Content Illustration
Paris_1632,119,3,Content Illustration
Paris_1632,119,4,Content Illustration
Paris_1632,120,1,Content Illustration
Paris_1632,120,2,Content Illustration
Paris_1632,121,1,Content Illustration
Paris_1632,121,2,Content Illustration
Paris_1632,122,1,Content Illustration
Paris_1632,123,1,Content Illustration
Paris_1632,123,2,Content Illustration
Paris_1632,124,1,Content Illustration
Paris_1632,124,2,Content Illustration
Paris_1632,125,1,Content Illustration
Paris_1632,125,2,Content Illustration
Paris_1632,126,1,Content Illustration
Paris_1632,127,1,Content Illustration
Paris_1632,128,1,Content Illustration
Paris_1632,130,1,Content Illustration
Paris_1632,130,2,Content Illustration
Paris_1632,131,1,Content Illustration
Paris_1632,131,2,Content Illustration
Paris_1632,132,1,Content Illustration
Paris_1632,133,1,Content Illustration
Paris_1632,133,2,Content Illustration
Paris_1632,134,1,Content Illustration
Paris_1632,134,2,Content Illustration
Paris_1632,135,1,Content Illustration
Paris_1632,135,2,Content Illustration
Paris_1632,136,1,Content Illustration
Paris_1632,137,1,Content Illustration
Paris_1632,138,1,Content Illustration
Paris_1632,138,2,Content Illustration
Paris_1632,139,1,Content Illustration
Paris_1632,140,1,Content Illustration
Paris_1632,140,2,Content Illustration
Paris_1632,141,1,Content Illustration
Paris_1632,142,1,Content Illustration
Paris_1632,142,2,Content Illustration
Paris_1632,143,1,Content Illustration
Paris_1632,143,2,Content Illustration
Paris_1632,144,1,Content Illustration
Paris_1632,144,2,Content Illustration
Paris_1632,145,1,Content Illustration
Paris_1632,145,2,Content Illustration
Paris_1632,146,1,Content Illustration
Paris_1632,146,2,Content Illustration
Paris_1632,147,1,Content Illustration
Paris_1632,147,2,Content Illustration
Paris_1632,148,1,Content Illustration
Paris_1632,148,2,Content Illustration
Paris_1632,149,1,Content Illustration
Paris_1632,149,2,Content Illustration
Paris_1632,150,1,Content Illustration
Paris_1632,150,2,Content Illustration
Paris_1632,151,1,Content Illustration
Paris_1632,151,2,Content Illustration
Paris_1632,152,1,Content Illustration
Paris_1632,153,1,Content Illustration
Paris_1632,154,1,Content Illustration
Paris_1632,154,2,Content Illustration
Paris_1632,156,1,Content Illustration
Paris_1632,156,2,Content Illustration
Paris_1632,156,3,Content Illustration
Paris_1632,157,1,Content Illustration
Paris_1632,158,1,Content Illustration
Paris_1632,158,2,Content Illustration
Paris_1632,159,1,Content Illustration
Paris_1632,160,1,Content Illustration
Paris_1632,161,1,Content Illustration
Paris_1632,162,1,Content Illustration
Paris_1632,163,1,Content Illustration
Paris_1632,163,2,Content Illustration
Paris_1632,164,1,Content Illustration
Paris_1632,164,2,Content Illustration
Paris_1632,165,1,Content Illustration
Paris_1632,165,2,Content Illustration
Paris_1632,166,1,Content Illustration
Paris_1632,166,2,Content Illustration
Paris_1632,167,1,Content Illustration
Paris_1632,168,1,Content Illustration
Paris_1632,168,2,Content Illustration
Paris_1632,169,1,Content Illustration
Paris_1632,170,1,Content Illustration
Paris_1632,171,1,Content Illustration
Paris_1632,172,1,Content Illustration
Paris_1632,173,1,Content Illustration
Paris_1632,174,1,Content Illustration
Paris_1632,174,2,Content Illustration
Paris_1632,175,1,Content Illustration
Paris_1632,176,1,Content Illustration
Paris_1632,176,2,Content Illustration
Paris_1632,177,1,Content Illustration
Paris_1632,181,1,Content Illustration
Paris_1632,182,1,Content Illustration
Paris_1632,183,1,Content Illustration
Paris_1632,184,1,Content Illustration
Paris_1632,185,1,Content Illustration
Paris_1632,185,2,Content Illustration
Paris_1632,185,3,Content Illustration
Paris_1632,186,1,Content Illustration
Paris_1632,186,2,Content Illustration
Paris_1632,187,1,Content Illustration
Paris_1632,187,2,Content Illustration
Paris_1632,188,1,Content Illustration
Paris_1632,188,2,Content Illustration
Paris_1632,189,1,Content Illustration
Paris_1632,190,1,Content Illustration
Paris_1632,191,1,Content Illustration
Paris_1632,192,1,Content Illustration
Paris_1632,192,2,Content Illustration
Paris_1632,193,1,Content Illustration
Paris_1632,193,2,Content Illustration
Paris_1632,194,1,Content Illustration
Paris_1632,194,2,Content Illustration
Paris_1632,195,1,Content Illustration
Paris_1632,196,1,Content Illustration
Paris_1632,198,1,Content Illustration
Paris_1632,198,2,Content Illustration
Paris_1632,199,1,Content Illustration
Paris_1632,199,2,Content Illustration
Paris_1632,200,1,Content Illustration
Paris_1632,201,1,Content Illustration
Paris_1632,202,1,Content Illustration
Paris_1632,203,1,Content Illustration
Paris_1632,203,2,Content Illustration
Paris_1632,203,3,Content Illustration
Paris_1632,204,1,Content Illustration
Paris_1632,204,2,Content Illustration
Paris_1632,205,1,Content Illustration
Paris_1632,206,1,Content Illustration
Paris_1632,206,2,Content Illustration
Paris_1632,207,1,Content Illustration
Paris_1632,208,1,Content Illustration
Paris_1632,209,1,Content Illustration
Paris_1632,210,1,Content Illustration
Paris_1632,210,2,Content Illustration
Paris_1632,211,1,Content Illustration
Paris_1632,211,2,Content Illustration
Paris_1632,212,1,Content Illustration
Paris_1632,212,2,Content Illustration
Paris_1632,212,3,Content Illustration
Paris_1632,213,1,Content Illustration
Paris_1632,213,2,Content Illustration
Paris_1632,214,1,Content Illustration
Paris_1632,214,2,Content Illustration
Paris_1632,214,3,Content Illustration
Paris_1632,215,1,Content Illustration
Paris_1632,216,1,Content Illustration
Paris_1632,217,1,Content Illustration
Paris_1632,218,1,Content Illustration
Paris_1632,220,1,Content Illustration
Paris_1632,221,1,Content Illustration
Paris_1632,221,2,Content Illustration
Paris_1632,221,3,Content Illustration
Paris_1632,223,1,Content Illustration
Paris_1632,223,2,Content Illustration
Paris_1632,224,1,Content Illustration
Paris_1632,224,2,Content Illustration
Paris_1632,225,1,Content Illustration
Paris_1632,226,1,Content Illustration
Paris_1632,227,1,Content Illustration
Paris_1632,228,1,Content Illustration
Paris_1632,229,1,Content Illustration
Paris_1632,230,1,Content Illustration
Paris_1632,231,1,Content Illustration
Paris_1632,231,2,Content Illustration
Paris_1632,232,1,Content Illustration
Paris_1632,232,2,Content Illustration
Paris_1632,233,1,Content Illustration
Paris_1632,233,2,Content Illustration
Paris_1632,234,1,Content Illustration
Paris_1632,234,2,Content Illustration
Paris_1632,235,1,Content Illustration
Paris_1632,236,1,Content Illustration
Paris_1632,237,1,Content Illustration
Paris_1632,237,2,Content Illustration
Paris_1632,238,1,Content Illustration
Paris_1632,238,2,Content Illustration
Paris_1632,239,1,Content Illustration
Paris_1632,240,1,Content Illustration
Paris_1632,240,2,Content Illustration
Paris_1632,241,1,Content Illustration
Paris_1632,242,1,Content Illustration
Paris_1632,243,1,Content Illustration
Paris_1632,244,1,Content Illustration
Paris_1632,244,2,Content Illustration
Paris_1632,244,3,Content Illustration
Paris_1632,245,1,Content Illustration
Paris_1632,245,2,Content Illustration
Paris_1632,246,1,Content Illustration
Paris_1632,247,1,Content Illustration
Paris_1632,247,2,Content Illustration
Paris_1632,248,1,Content Illustration
Paris_1632,249,1,Content Illustration
Paris_1632,250,1,Content Illustration
Paris_1632,251,1,Content Illustration
Paris_1632,252,1,Content Illustration
Paris_1632,253,1,Content Illustration
Paris_1632,253,2,Content Illustration
Paris_1632,254,1,Content Illustration
Paris_1632,254,2,Content Illustration
Paris_1632,266,1,Content Illustration
Paris_1632,267,1,Content Illustration
Paris_1632,267,2,Content Illustration
Paris_1632,267,3,Content Illustration
Paris_1632,267,4,Content Illustration
Paris_1632,269,1,Content Illustration
Paris_1632,269,2,Content Illustration
Paris_1632,269,3,Content Illustration
Paris_1632,270,1,Content Illustration
Paris_1632,270,2,Content Illustration
Paris_1632,270,3,Content Illustration
Paris_1632,270,4,Content Illustration
Paris_1632,271,1,Content Illustration
Paris_1632,272,1,Content Illustration
Paris_1632,272,2,Content Illustration
Paris_1632,272,3,Content Illustration
Paris_1632,273,1,Content Illustration
Paris_1632,274,1,Content Illustration
Paris_1632,275,1,Content Illustration
Paris_1632,275,2,Content Illustration
Paris_1632,275,3,Content Illustration
Paris_1632,278,1,Content Illustration
Paris_1632,279,1,Content Illustration
Paris_1632,280,1,Content Illustration
Paris_1632,284,1,Content Illustration
Paris_1632,285,1,Content Illustration
Paris_1632,285,2,Content Illustration
Paris_1632,286,1,Content Illustration
Paris_1632,286,2,Content Illustration
Paris_1632,287,1,Content Illustration
Paris_1632,287,2,Content Illustration
Paris_1632,288,1,Content Illustration
Paris_1632,288,2,Content Illustration
Paris_1632,288,3,Content Illustration
Paris_1632,289,1,Content Illustration
Paris_1632,289,2,Content Illustration
Paris_1632,290,1,Content Illustration
Paris_1632,291,1,Content Illustration
Paris_1632,292,1,Content Illustration
Paris_1632,292,2,Content Illustration
Paris_1632,293,1,Content Illustration
Paris_1632,293,2,Content Illustration
Paris_1632,295,1,Content Illustration
Paris_1632,296,1,Content Illustration
Paris_1632,296,2,Content Illustration
Paris_1632,297,1,Content Illustration
Paris_1632,298,1,Content Illustration
Paris_1632,302,1,Content Illustration
Paris_1632,304,1,Content Illustration
Paris_1632,307,1,Content Illustration
Paris_1632,307,2,Content Illustration
Paris_1632,312,1,Content Illustration
Paris_1632,316,1,Content Illustration
Paris_1632,317,1,Content Illustration
Paris_1632,319,1,Content Illustration
Paris_1632,321,1,Content Illustration
Paris_1632,321,2,Content Illustration
Paris_1632,323,1,Content Illustration
Paris_1632,324,1,Content Illustration
Paris_1632,325,1,Content Illustration
Paris_1632,325,2,Content Illustration
Paris_1632,326,1,Content Illustration
Paris_1632,328,1,Content Illustration
Paris_1632,328,2,Content Illustration
Paris_1632,328,3,Content Illustration
Paris_1632,330,1,Content Illustration
Paris_1632,333,1,Content Illustration
Paris_1632,335,1,Content Illustration
Paris_1632,335,2,Content Illustration
Paris_1632,335,3,Content Illustration
Paris_1632,337,1,Content Illustration
Paris_1632,337,2,Content Illustration
Paris_1632,338,1,Content Illustration
Paris_1632,339,1,Content Illustration
Paris_1632,341,1,Content Illustration
Paris_1632,341,2,Content Illustration
Paris_1632,342,1,Content Illustration
Paris_1632,342,2,Content Illustration
Paris_1632,342,3,Content Illustration
Paris_1632,342,4,Content Illustration
Paris_1632,343,1,Content Illustration
Paris_1632,343,2,Content Illustration
Paris_1632,344,1,Content Illustration
Paris_1632,344,2,Content Illustration
Paris_1632,344,3,Content Illustration
Paris_1632,345,1,Content Illustration
Paris_1632,347,1,Content Illustration
Paris_1632,348,1,Content Illustration
Paris_1632,349,1,Content Illustration
Paris_1632,349,2,Content Illustration
Paris_1632,349,3,Content Illustration
Paris_1632,350,1,Content Illustration
Paris_1632,350,2,Content Illustration
Paris_1632,350,3,Content Illustration
Paris_1632,351,1,Content Illustration
Paris_1632,351,2,Content Illustration
Paris_1632,351,3,Content Illustration
Paris_1632,351,4,Content Illustration
Paris_1632,352,1,Content Illustration
Paris_1632,352,2,Content Illustration
Paris_1632,352,3,Content Illustration
Paris_1632,352,4,Content Illustration
Paris_1632,353,1,Content Illustration
Paris_1632,353,2,Content Illustration
Paris_1632,354,1,Content Illustration
Paris_1632,354,2,Content Illustration
Paris_1632,395,1,Content Illustration
Paris_1632,419,1,Content Illustration
Paris_1632,420,1,Content Illustration
Paris_1632,422,1,Content Illustration
Paris_1632,423,1,Content Illustration
Paris_1632,423,2,Content Illustration
Paris_1632,424,1,Content Illustration
Paris_1632,425,1,Content Illustration
Paris_1632,425,2,Content Illustration
Paris_1632,426,1,Content Illustration
Paris_1632,427,1,Content Illustration
Paris_1632,428,1,Content Illustration
Paris_1632,428,2,Content Illustration
Paris_1632,430,1,Content Illustration
Paris_1632,431,1,Content Illustration
Paris_1632,432,1,Content Illustration
Paris_1632,432,2,Content Illustration
Paris_1632,432,3,Content Illustration
Paris_1632,433,1,Content Illustration
Paris_1632,433,2,Content Illustration
Paris_1632,434,1,Content Illustration
Paris_1632,435,1,Content Illustration
Paris_1632,436,1,Content Illustration
Paris_1632,439,1,Content Illustration
Paris_1632,439,2,Content Illustration
Paris_1632,440,1,Content Illustration
Paris_1632,440,2,Content Illustration
Paris_1632,441,1,Content Illustration
Paris_1632,442,1,Content Illustration
Paris_1632,443,1,Content Illustration
Paris_1632,444,1,Content Illustration
Paris_1632,444,2,Content Illustration
Paris_1632,445,1,Content Illustration
Paris_1632,446,1,Content Illustration
Paris_1632,446,2,Content Illustration
Paris_1632,447,1,Content Illustration
Paris_1632,448,1,Content Illustration
Paris_1632,449,1,Content Illustration
Paris_1632,450,1,Content Illustration
Paris_1632,451,1,Content Illustration
Paris_1632,454,1,Content Illustration
Paris_1632,456,1,Content Illustration
Paris_1632,457,1,Content Illustration
Paris_1632,458,1,Content Illustration
Paris_1632,458,2,Content Illustration
Paris_1632,459,1,Content Illustration
Paris_1632,460,1,Content Illustration
Paris_1632,461,1,Content Illustration
Paris_1632,461,2,Content Illustration
Paris_1632,462,1,Content Illustration
Paris_1632,462,2,Content Illustration
Paris_1632,463,1,Content Illustration
Paris_1632,463,2,Content Illustration
Paris_1632,464,1,Content Illustration
Paris_1632,465,1,Content Illustration
Paris_1632,465,2,Content Illustration
Paris_1632,466,1,Content Illustration
Paris_1632,467,1,Content Illustration
Paris_1632,468,1,Content Illustration
Paris_1632,469,1,Content Illustration
Paris_1632,470,1,Content Illustration
Paris_1632,472,1,Content Illustration
Paris_1632,472,2,Content Illustration
Paris_1632,473,1,Content Illustration
Paris_1632,475,1,Content Illustration
Paris_1632,477,1,Content Illustration
Paris_1632,478,1,Content Illustration
Paris_1632,479,1,Content Illustration
Paris_1632,480,1,Content Illustration
Paris_1632,481,1,Content Illustration
Paris_1632,483,1,Content Illustration
Paris_1632,484,1,Content Illustration
Paris_1632,485,1,Content Illustration
Paris_1632,486,1,Content Illustration
Paris_1632,487,1,Content Illustration
Paris_1632,488,1,Content Illustration
Paris_1632,489,1,Content Illustration
Paris_1632,490,1,Content Illustration
Paris_1632,490,2,Content Illustration
Paris_1632,491,1,Content Illustration
Paris_1632,491,2,Content Illustration
Paris_1632,492,1,Content Illustration
Paris_1632,492,2,Content Illustration
Paris_1632,493,1,Content Illustration
Paris_1632,493,2,Content Illustration
Paris_1632,494,1,Content Illustration
Paris_1632,495,1,Content Illustration
Paris_1632,496,1,Content Illustration
Paris_1632,497,1,Content Illustration
Paris_1632,498,1,Content Illustration
Paris_1632,498,2,Content Illustration
Paris_1632,499,1,Content Illustration
Paris_1632,500,1,Content Illustration
Paris_1632,500,2,Content Illustration
Paris_1632,501,1,Content Illustration
Paris_1632,501,2,Content Illustration
Paris_1632,502,1,Content Illustration
Paris_1632,504,1,Content Illustration
Paris_1632,506,1,Content Illustration
Paris_1632,507,1,Content Illustration
Paris_1632,508,1,Content Illustration
Paris_1632,509,1,Content Illustration
Paris_1632,510,1,Content Illustration
Paris_1632,511,1,Content Illustration
Paris_1632,512,1,Content Illustration
Paris_1632,513,1,Content Illustration
Paris_1632,514,1,Content Illustration
Paris_1632,515,1,Content Illustration
Paris_1632,516,1,Content Illustration
Paris_1632,517,1,Content Illustration
Paris_1632,518,1,Content Illustration
Paris_1632,520,1,Content Illustration
Paris_1632,520,2,Content Illustration
Paris_1632,521,1,Content Illustration
Paris_1632,522,1,Content Illustration
Paris_1632,522,2,Content Illustration
Paris_1632,523,1,Content Illustration
Paris_1632,523,2,Content Illustration
Paris_1632,523,3,Content Illustration
Paris_1632,524,1,Content Illustration
Paris_1632,524,2,Content Illustration
Paris_1632,524,3,Content Illustration
Paris_1632,524,4,Content Illustration
Paris_1632,525,1,Content Illustration
Paris_1632,525,2,Content Illustration
Paris_1632,526,1,Content Illustration
Paris_1632,527,1,Content Illustration
Paris_1632,527,2,Content Illustration
Paris_1632,528,1,Content Illustration
Paris_1632,529,1,Content Illustration
Paris_1632,529,2,Content Illustration
Paris_1632,530,1,Content Illustration
Paris_1632,531,1,Content Illustration
Paris_1632,531,2,Content Illustration
Paris_1632,532,1,Content Illustration
Paris_1632,532,2,Content Illustration
Paris_1632,533,1,Content Illustration
Paris_1632,533,2,Content Illustration
Paris_1632,534,1,Content Illustration
Paris_1632,534,2,Content Illustration
Paris_1632,535,1,Content Illustration
Paris_1632,535,2,Content Illustration
Paris_1632,535,3,Content Illustration
Paris_1632,536,1,Content Illustration
Paris_1632,536,2,Content Illustration
Paris_1632,537,1,Content Illustration
Paris_1632,537,2,Content Illustration
Paris_1632,538,1,Content Illustration
Paris_1632,538,2,Content Illustration
Paris_1632,539,1,Content Illustration
Paris_1632,540,1,Content Illustration
Paris_1632,540,2,Content Illustration
Paris_1632,541,1,Content Illustration
Paris_1632,542,1,Content Illustration
Paris_1632,543,1,Content Illustration
Paris_1632,544,1,Content Illustration
Paris_1632,544,2,Content Illustration
Paris_1632,545,1,Content Illustration
Paris_1632,546,1,Content Illustration
Paris_1632,546,2,Content Illustration
Paris_1632,547,1,Content Illustration
Paris_1632,548,1,Content Illustration
Paris_1632,549,1,Content Illustration
Paris_1632,550,1,Content Illustration
Paris_1632,550,2,Content Illustration
Paris_1632,551,1,Content Illustration
Paris_1632,553,1,Content Illustration
Paris_1632,555,1,Content Illustration
Paris_1632,556,1,Content Illustration
Paris_1632,557,1,Content Illustration
Paris_1632,557,2,Content Illustration
Paris_1632,558,1,Content Illustration
Paris_1632,559,1,Content Illustration
Paris_1632,560,1,Content Illustration
Paris_1632,562,1,Content Illustration
Paris_1632,564,1,Content Illustration
Paris_1632,565,1,Content Illustration
Paris_1632,567,1,Content Illustration
Paris_1632,567,2,Content Illustration
Paris_1632,568,1,Content Illustration
Paris_1632,569,1,Content Illustration
Paris_1632,570,1,Content Illustration
Paris_1632,570,2,Content Illustration
Paris_1632,571,1,Content Illustration
Paris_1632,572,1,Content Illustration
Paris_1632,573,1,Content Illustration
Paris_1632,574,1,Content Illustration
Paris_1632,574,2,Content Illustration
Paris_1632,575,1,Content Illustration
Paris_1632,576,1,Content Illustration
Paris_1632,578,1,Content Illustration
Paris_1632,579,1,Content Illustration
Paris_1632,580,1,Content Illustration
Paris_1632,581,1,Content Illustration
Paris_1632,582,1,Content Illustration
Paris_1632,583,1,Content Illustration
Paris_1632,584,1,Content Illustration
Paris_1632,586,1,Content Illustration
Paris_1632,588,1,Content Illustration
Paris_1632,589,1,Content Illustration
Paris_1632,590,1,Content Illustration
Paris_1632,591,1,Content Illustration
Paris_1632,592,1,Content Illustration
Paris_1632,592,2,Content Illustration
Paris_1632,593,1,Content Illustration
Paris_1632,593,2,Content Illustration
Paris_1632,594,1,Content Illustration
Paris_1632,594,2,Content Illustration
Paris_1632,595,1,Content Illustration
Paris_1632,596,1,Content Illustration
Paris_1632,597,1,Content Illustration
Paris_1632,598,1,Content Illustration
Paris_1632,599,1,Content Illustration
Paris_1632,600,1,Content Illustration
Paris_1632,601,1,Content Illustration
Paris_1632,603,1,Content Illustration
Paris_1632,604,1,Content Illustration
Paris_1632,606,1,Content Illustration
Paris_1632,607,1,Content Illustration
Paris_1632,609,1,Content Illustration
Paris_1632,610,1,Content Illustration
Paris_1632,612,1,Content Illustration
Paris_1632,615,1,Content Illustration
Paris_1632,616,1,Content Illustration
Paris_1632,620,1,Content Illustration
Paris_1632,621,1,Content Illustration
Paris_1632,623,1,Content Illustration
Paris_1632,624,1,Content Illustration
Paris_1632,626,1,Content Illustration
Paris_1632,627,1,Content Illustration
Paris_1632,630,1,Content Illustration
Paris_1632,630,2,Content Illustration
Paris_1632,631,1,Content Illustration
Paris_1632,632,1,Content Illustration
Paris_1632,632,2,Content Illustration
Paris_1632,640,1,Content Illustration
Paris_1632,640,2,Content Illustration
Paris_1632,640,3,Content Illustration
Paris_1632,640,4,Content Illustration
Paris_1632,641,1,Content Illustration
Paris_1632,642,1,Content Illustration
Paris_1632,642,2,Content Illustration
Paris_1632,643,1,Content Illustration
Paris_1632,643,2,Content Illustration
Paris_1632,643,3,Content Illustration
Paris_1632,644,1,Content Illustration
Paris_1632,644,2,Content Illustration
Paris_1632,644,3,Content Illustration
Paris_1632,645,1,Content Illustration
Paris_1632,646,1,Content Illustration
Paris_1632,646,2,Content Illustration
Paris_1632,646,3,Content Illustration
Paris_1632,647,1,Content Illustration
Paris_1632,648,1,Content Illustration
Paris_1632,648,2,Content Illustration
Paris_1632,649,1,Content Illustration
Paris_1632,649,2,Content Illustration
Paris_1632,650,1,Content Illustration
Paris_1632,650,2,Content Illustration
Paris_1632,651,1,Content Illustration
Paris_1632,651,2,Content Illustration
Paris_1632,651,3,Content Illustration
Paris_1632,652,1,Content Illustration
Paris_1632,653,1,Content Illustration
Paris_1632,653,2,Content Illustration
Paris_1632,654,1,Content Illustration
Paris_1632,654,2,Content Illustration
Paris_1632,654,3,Content Illustration
Paris_1632,654,4,Content Illustration
Paris_1632,655,1,Content Illustration
Paris_1632,655,2,Content Illustration
Paris_1632,655,3,Content Illustration
Paris_1632,656,1,Content Illustration
Paris_1632,656,2,Content Illustration
Paris_1632,657,1,Content Illustration
Paris_1632,657,2,Content Illustration
Paris_1632,657,3,Content Illustration
Paris_1632,658,1,Content Illustration
Paris_1632,658,2,Content Illustration
Paris_1632,659,1,Content Illustration
Paris_1632,659,2,Content Illustration
Paris_1632,660,1,Content Illustration
Paris_1632,660,2,Content Illustration
Paris_1632,661,1,Content Illustration
Paris_1632,662,1,Content Illustration
Paris_1632,662,2,Content Illustration
Paris_1632,663,1,Content Illustration
Paris_1632,663,2,Content Illustration
Paris_1632,664,1,Content Illustration
Paris_1632,664,2,Content Illustration
Paris_1632,664,3,Content Illustration
Paris_1632,665,1,Content Illustration
Paris_1632,665,2,Content Illustration
Paris_1632,665,3,Content Illustration
Paris_1632,666,1,Content Illustration
Paris_1632,666,2,Content Illustration
Paris_1632,666,3,Content Illustration
Paris_1632,667,1,Content Illustration
Paris_1632,667,2,Content Illustration
Paris_1632,668,1,Content Illustration
Paris_1632,668,2,Content Illustration
Paris_1632,668,3,Content Illustration
Paris_1632,669,1,Content Illustration
Paris_1632,669,2,Content Illustration
Paris_1632,670,1,Content Illustration
Paris_1632,670,2,Content Illustration
Paris_1632,672,1,Content Illustration
Paris_1632,672,2,Content Illustration
Paris_1632,673,1,Content Illustration
Paris_1632,673,2,Content Illustration
Paris_1632,674,1,Content Illustration
Paris_1632,674,2,Content Illustration
Paris_1632,675,1,Content Illustration
Paris_1632,676,1,Content Illustration
Paris_1632,677,1,Content Illustration
Paris_1632,677,2,Content Illustration
Paris_1632,678,1,Content Illustration
Paris_1632,678,2,Content Illustration
Paris_1632,679,1,Content Illustration
Paris_1632,679,2,Content Illustration
Paris_1632,680,1,Content Illustration
Paris_1632,680,2,Content Illustration
Paris_1632,681,1,Content Illustration
Paris_1632,681,2,Content Illustration
Paris_1632,682,1,Content Illustration
Paris_1632,682,2,Content Illustration
Paris_1632,684,1,Content Illustration
Paris_1632,684,2,Content Illustration
Paris_1632,685,1,Content Illustration
Paris_1632,686,1,Content Illustration
Paris_1632,687,1,Content Illustration
Paris_1632,687,2,Content Illustration
Paris_1632,688,1,Content Illustration
Paris_1632,689,1,Content Illustration
Paris_1632,690,1,Content Illustration
Paris_1632,690,2,Content Illustration
Paris_1632,691,1,Content Illustration
Paris_1632,691,2,Content Illustration
Paris_1632,692,1,Content Illustration
Paris_1632,692,2,Content Illustration
Paris_1632,693,1,Content Illustration
Paris_1632,693,2,Content Illustration
Paris_1632,695,1,Content Illustration
Paris_1632,695,2,Content Illustration
Paris_1632,696,1,Content Illustration
Paris_1632,697,1,Content Illustration
Paris_1632,698,1,Content Illustration
Paris_1632,698,2,Content Illustration
Paris_1632,699,1,Content Illustration
Paris_1632,699,2,Content Illustration
Paris_1632,700,1,Content Illustration
Paris_1632,700,2,Content Illustration
Paris_1632,701,1,Content Illustration
Paris_1632,702,1,Content Illustration
Paris_1632,702,2,Content Illustration
Paris_1632,703,1,Content Illustration
Uppsala_1642,6,1,Content Illustration
Uppsala_1642,32,1,Content Illustration
Uppsala_1642,33,1,Content Illustration
Uppsala_1642,34,1,Content Illustration
Uppsala_1642,35,1,Content Illustration
Uppsala_1642,35,2,Content Illustration
Uppsala_1642,36,1,Content Illustration
Uppsala_1642,37,1,Content Illustration
Uppsala_1642,37,2,Content Illustration
Uppsala_1642,38,1,Content Illustration
Uppsala_1642,38,2,Content Illustration
Uppsala_1642,38,3,Content Illustration
Uppsala_1642,40,1,Content Illustration
Uppsala_1642,41,1,Content Illustration
Uppsala_1642,42,1,Content Illustration
Uppsala_1642,43,1,Content Illustration
Uppsala_1642,43,2,Content Illustration
Uppsala_1642,44,1,Content Illustration
Uppsala_1642,44,2,Content Illustration
Uppsala_1642,44,3,Content Illustration
Uppsala_1642,45,1,Content Illustration
Uppsala_1642,45,2,Content Illustration
Uppsala_1642,45,3,Content Illustration
Uppsala_1642,46,1,Content Illustration
Uppsala_1642,46,2,Content Illustration
Uppsala_1642,46,3,Content Illustration
Uppsala_1642,46,4,Content Illustration
Uppsala_1642,47,1,Content Illustration
Uppsala_1642,47,2,Content Illustration
Uppsala_1642,48,1,Content Illustration
Uppsala_1642,48,2,Content Illustration
Uppsala_1642,49,1,Content Illustration
Uppsala_1642,49,2,Content Illustration
Uppsala_1642,49,3,Content Illustration
Uppsala_1642,49,4,Content Illustration
Uppsala_1642,50,1,Content Illustration
Uppsala_1642,51,1,Content Illustration
Uppsala_1642,51,2,Content Illustration
Uppsala_1642,52,1,Content Illustration
Uppsala_1642,52,2,Content Illustration
Uppsala_1642,52,3,Content Illustration
Uppsala_1642,53,1,Content Illustration
Uppsala_1642,53,2,Content Illustration
Uppsala_1642,53,3,Content Illustration
Uppsala_1642,53,4,Content Illustration
Uppsala_1642,53,5,Content Illustration
Uppsala_1642,54,1,Content Illustration
Uppsala_1642,54,2,Content Illustration
Uppsala_1642,54,3,Content Illustration
Uppsala_1642,54,4,Content Illustration
Uppsala_1642,55,1,Content Illustration
Uppsala_1642,55,2,Content Illustration
Uppsala_1642,55,3,Content Illustration
Uppsala_1642,55,4,Content Illustration
Uppsala_1642,56,1,Content Illustration
Uppsala_1642,56,2,Content Illustration
Uppsala_1642,58,1,Content Illustration
Uppsala_1642,59,1,Content Illustration
Uppsala_1642,59,2,Content Illustration
Uppsala_1642,61,1,Content Illustration
Uppsala_1642,62,1,Content Illustration
Uppsala_1642,62,2,Content Illustration
Uppsala_1642,63,1,Content Illustration
Uppsala_1642,63,2,Content Illustration
Uppsala_1642,64,1,Content Illustration
Uppsala_1642,65,1,Content Illustration
Uppsala_1642,65,2,Content Illustration
Uppsala_1642,67,1,Content Illustration
Uppsala_1642,68,1,Content Illustration
Uppsala_1642,69,1,Content Illustration
Uppsala_1642,69,2,Content Illustration
Uppsala_1642,70,1,Content Illustration
Uppsala_1642,70,2,Content Illustration
Uppsala_1642,71,1,Content Illustration
Uppsala_1642,72,1,Content Illustration
Uppsala_1642,73,1,Content Illustration
Uppsala_1642,74,1,Content Illustration
Uppsala_1642,75,1,Content Illustration
Uppsala_1642,75,2,Content Illustration
Uppsala_1642,76,1,Content Illustration
Uppsala_1642,76,2,Content Illustration
Uppsala_1642,77,1,Content Illustration
Uppsala_1642,77,2,Content Illustration
Uppsala_1642,77,3,Content Illustration
Uppsala_1642,78,1,Content Illustration
Uppsala_1642,79,1,Content Illustration
Uppsala_1642,79,2,Content Illustration
Uppsala_1642,79,3,Content Illustration
Uppsala_1642,80,1,Content Illustration
Uppsala_1642,81,1,Content Illustration
Uppsala_1642,82,1,Content Illustration
Uppsala_1642,82,2,Content Illustration
Uppsala_1642,83,1,Content Illustration
Uppsala_1642,84,1,Content Illustration
Uppsala_1642,84,2,Content Illustration
Uppsala_1642,85,1,Content Illustration
Uppsala_1642,85,2,Content Illustration
Uppsala_1642,86,1,Content Illustration
Uppsala_1642,87,1,Content Illustration
Uppsala_1642,88,1,Content Illustration
Uppsala_1642,88,2,Content Illustration
Uppsala_1642,89,1,Content Illustration
Uppsala_1642,90,1,Content Illustration
Uppsala_1642,90,2,Content Illustration
Uppsala_1642,91,1,Content Illustration
Uppsala_1642,92,1,Content Illustration
Uppsala_1642,92,2,Content Illustration
Uppsala_1642,92,3,Content Illustration
Uppsala_1642,93,1,Content Illustration
Uppsala_1642,94,1,Content Illustration
Uppsala_1642,94,2,Content Illustration
Uppsala_1642,94,3,Content Illustration
Uppsala_1642,94,4,Content Illustration
Uppsala_1642,94,5,Content Illustration
Uppsala_1642,95,1,Content Illustration
Uppsala_1642,95,2,Content Illustration
Uppsala_1642,95,3,Content Illustration
Uppsala_1642,95,4,Content Illustration
Uppsala_1642,97,1,Content Illustration
Uppsala_1642,98,1,Content Illustration
Uppsala_1642,99,1,Content Illustration
Uppsala_1642,100,1,Content Illustration
Uppsala_1642,101,1,Content Illustration
Uppsala_1642,102,1,Content Illustration
Uppsala_1642,103,1,Content Illustration
Uppsala_1642,104,1,Content Illustration
Uppsala_1642,105,1,Content Illustration
Uppsala_1642,105,2,Content Illustration
Uppsala_1642,106,1,Content Illustration
Uppsala_1642,106,2,Content Illustration
Uppsala_1642,107,1,Content Illustration
Uppsala_1642,107,2,Content Illustration
Uppsala_1642,108,1,Content Illustration
Uppsala_1642,109,1,Content Illustration
Uppsala_1642,109,2,Content Illustration
Uppsala_1642,109,3,Content Illustration
Uppsala_1642,110,1,Content Illustration
Uppsala_1642,110,2,Content Illustration
Uppsala_1642,110,3,Content Illustration
Uppsala_1642,111,1,Content Illustration
Uppsala_1642,111,2,Content Illustration
Uppsala_1642,112,1,Content Illustration
Uppsala_1642,112,2,Content Illustration
Uppsala_1642,112,3,Content Illustration
Uppsala_1642,113,1,Content Illustration
Uppsala_1642,114,1,Content Illustration
Uppsala_1642,115,1,Content Illustration
Uppsala_1642,115,2,Content Illustration
Uppsala_1642,116,1,Content Illustration
Uppsala_1642,117,1,Content Illustration
Uppsala_1642,117,2,Content Illustration
Uppsala_1642,118,1,Content Illustration
Uppsala_1642,118,2,Content Illustration
Uppsala_1642,120,1,Content Illustration
Uppsala_1642,121,1,Content Illustration
Uppsala_1642,121,2,Content Illustration
Uppsala_1642,122,1,Content Illustration
Uppsala_1642,122,2,Content Illustration
Uppsala_1642,123,1,Content Illustration
Uppsala_1642,124,1,Content Illustration
Uppsala_1642,124,2,Content Illustration
Uppsala_1642,125,1,Content Illustration
Uppsala_1642,126,1,Content Illustration
Uppsala_1642,127,1,Content Illustration
Uppsala_1642,128,1,Content Illustration
Uppsala_1642,129,1,Content Illustration
Uppsala_1642,129,2,Content Illustration
Uppsala_1642,129,3,Content Illustration
Uppsala_1642,130,1,Content Illustration
Uppsala_1642,130,2,Content Illustration
Uppsala_1642,131,1,Content Illustration
Uppsala_1642,132,1,Content Illustration
Uppsala_1642,133,1,Content Illustration
Uppsala_1642,134,1,Content Illustration
Uppsala_1642,134,2,Content Illustration
Uppsala_1642,136,1,Content Illustration
Uppsala_1642,139,1,Content Illustration
Uppsala_1642,139,2,Content Illustration
Uppsala_1642,140,1,Content Illustration
Uppsala_1642,141,1,Content Illustration
Uppsala_1642,143,1,Content Illustration
Uppsala_1642,144,1,Content Illustration
Uppsala_1642,145,1,Content Illustration
Uppsala_1642,145,2,Content Illustration
Uppsala_1642,147,1,Content Illustration
Uppsala_1642,149,1,Content Illustration
Uppsala_1642,150,1,Content Illustration
Uppsala_1642,152,1,Content Illustration
Uppsala_1642,153,1,Content Illustration
Uppsala_1642,154,1,Content Illustration
Uppsala_1642,155,1,Content Illustration
Uppsala_1642,157,1,Content Illustration
Uppsala_1642,158,1,Content Illustration
Uppsala_1642,159,1,Content Illustration
Uppsala_1642,161,1,Content Illustration
Uppsala_1642,162,1,Content Illustration
Uppsala_1642,162,2,Content Illustration
Uppsala_1642,163,1,Content Illustration
Uppsala_1642,164,1,Content Illustration
Uppsala_1642,165,1,Content Illustration
Uppsala_1642,167,1,Content Illustration
Uppsala_1642,170,1,Content Illustration
Uppsala_1642,172,1,Content Illustration
Uppsala_1642,174,1,Content Illustration
Uppsala_1642,175,1,Content Illustration
Uppsala_1642,177,1,Content Illustration
Uppsala_1642,178,1,Content Illustration
Uppsala_1642,179,1,Content Illustration
Uppsala_1642,180,1,Content Illustration
Uppsala_1642,180,2,Content Illustration
Uppsala_1642,181,1,Content Illustration
Uppsala_1642,181,2,Content Illustration
Uppsala_1642,182,1,Content Illustration
Uppsala_1642,182,2,Content Illustration
Uppsala_1642,182,3,Content Illustration
Uppsala_1642,183,1,Content Illustration
Uppsala_1642,183,2,Content Illustration
Uppsala_1642,184,1,Content Illustration
Uppsala_1642,184,2,Content Illustration
Uppsala_1642,185,1,Content Illustration
Uppsala_1642,185,2,Content Illustration
Uppsala_1642,186,1,Content Illustration
Uppsala_1642,186,2,Content Illustration
Uppsala_1642,187,1,Content Illustration
Uppsala_1642,188,1,Content Illustration
Uppsala_1642,188,2,Content Illustration
Uppsala_1642,189,1,Content Illustration
Uppsala_1642,189,2,Content Illustration
Uppsala_1642,190,1,Content Illustration
Uppsala_1642,191,1,Content Illustration
Uppsala_1642,192,1,Content Illustration
Uppsala_1642,193,1,Content Illustration
Uppsala_1642,196,1,Content Illustration
Uppsala_1642,197,1,Content Illustration
Uppsala_1642,198,1,Content Illustration
Uppsala_1642,199,1,Content Illustration
Uppsala_1642,200,1,Content Illustration
Uppsala_1642,200,2,Content Illustration
Uppsala_1642,201,1,Content Illustration
Uppsala_1642,202,1,Content Illustration
Uppsala_1642,202,2,Content Illustration
Uppsala_1642,203,1,Content Illustration
Uppsala_1642,204,1,Content Illustration
Uppsala_1642,205,1,Content Illustration
Uppsala_1642,206,1,Content Illustration
Uppsala_1642,207,1,Content Illustration
Uppsala_1642,208,1,Content Illustration
Uppsala_1642,209,1,Content Illustration
Uppsala_1642,211,1,Content Illustration
Uppsala_1642,211,2,Content Illustration
Uppsala_1642,212,1,Content Illustration
Uppsala_1642,213,1,Content Illustration
Uppsala_1642,213,2,Content Illustration
Uppsala_1642,214,1,Content Illustration
Uppsala_1642,215,1,Content Illustration
Uppsala_1642,215,2,Content Illustration
Uppsala_1642,216,1,Content Illustration
Uppsala_1642,217,1,Content Illustration
Uppsala_1642,217,2,Content Illustration
Uppsala_1642,218,1,Content Illustration
Uppsala_1642,219,1,Content Illustration
Uppsala_1642,220,1,Content Illustration
Uppsala_1642,221,1,Content Illustration
Uppsala_1642,221,2,Content Illustration
Uppsala_1642,222,1,Content Illustration
Uppsala_1642,222,2,Content Illustration
Uppsala_1642,223,1,Content Illustration
Uppsala_1642,225,1,Content Illustration
Uppsala_1642,225,2,Content Illustration
Uppsala_1642,226,1,Content Illustration
Uppsala_1642,227,1,Content Illustration
Uppsala_1642,228,1,Content Illustration
Uppsala_1642,230,1,Content Illustration
Uppsala_1642,230,2,Content Illustration
Uppsala_1642,231,1,Content Illustration
Uppsala_1642,232,1,Content Illustration
Uppsala_1642,233,1,Content Illustration
Uppsala_1642,234,1,Content Illustration
Uppsala_1642,235,1,Content Illustration
Uppsala_1642,236,1,Content Illustration
Uppsala_1642,238,1,Content Illustration
Uppsala_1642,239,1,Content Illustration
Uppsala_1642,240,1,Content Illustration
Uppsala_1642,240,2,Content Illustration
Uppsala_1642,241,1,Content Illustration
Uppsala_1642,241,2,Content Illustration
Uppsala_1642,242,1,Content Illustration
Uppsala_1642,243,1,Content Illustration
Uppsala_1642,245,1,Content Illustration
Uppsala_1642,246,1,Content Illustration
Uppsala_1642,246,2,Content Illustration
Uppsala_1642,246,3,Content Illustration
Uppsala_1642,247,1,Content Illustration
Uppsala_1642,248,1,Content Illustration
Uppsala_1642,249,1,Content Illustration
Uppsala_1642,250,1,Content Illustration
Uppsala_1642,251,1,Content Illustration
Uppsala_1642,251,2,Content Illustration
Uppsala_1642,253,1,Content Illustration
Uppsala_1642,254,1,Content Illustration
Uppsala_1642,254,2,Content Illustration
Uppsala_1642,256,1,Content Illustration
Uppsala_1642,257,1,Content Illustration
Uppsala_1642,258,1,Content Illustration
Uppsala_1642,259,1,Content Illustration
Uppsala_1642,261,1,Content Illustration
Uppsala_1642,263,1,Content Illustration
Uppsala_1642,263,2,Content Illustration
Uppsala_1642,264,1,Content Illustration
Uppsala_1642,266,1,Content Illustration
Uppsala_1642,266,2,Content Illustration
Uppsala_1642,267,1,Content Illustration
Uppsala_1642,267,2,Content Illustration
Uppsala_1642,268,1,Content Illustration
Uppsala_1642,269,1,Content Illustration
Uppsala_1642,270,1,Content Illustration
Uppsala_1642,270,2,Content Illustration
Uppsala_1642,271,1,Content Illustration
Uppsala_1642,272,1,Content Illustration
Uppsala_1642,272,2,Content Illustration
Uppsala_1642,273,1,Content Illustration
Uppsala_1642,274,1,Content Illustration
Uppsala_1642,274,2,Content Illustration
Uppsala_1642,276,1,Content Illustration
Uppsala_1642,277,1,Content Illustration
Uppsala_1642,277,2,Content Illustration
Uppsala_1642,281,1,Content Illustration
Uppsala_1642,282,1,Content Illustration
Uppsala_1642,283,1,Content Illustration
Uppsala_1642,283,2,Content Illustration
Uppsala_1642,285,1,Content Illustration
Uppsala_1642,287,1,Content Illustration
Uppsala_1642,288,1,Content Illustration
Uppsala_1642,288,2,Content Illustration
Uppsala_1642,293,1,Content Illustration
Uppsala_1642,293,2,Content Illustration
Uppsala_1642,294,1,Content Illustration
Uppsala_1642,296,1,Content Illustration
Uppsala_1642,297,1,Content Illustration
Uppsala_1642,298,1,Content Illustration
Uppsala_1642,300,1,Content Illustration
Uppsala_1642,301,1,Content Illustration
Uppsala_1642,302,1,Content Illustration
Uppsala_1642,302,2,Content Illustration
Uppsala_1642,303,1,Content Illustration
Uppsala_1642,303,2,Content Illustration
Uppsala_1642,303,3,Content Illustration
Uppsala_1642,303,4,Content Illustration
Uppsala_1642,303,5,Content Illustration
Uppsala_1642,305,1,Content Illustration
Uppsala_1642,305,2,Content Illustration
Uppsala_1642,305,3,Content Illustration
Uppsala_1642,310,1,Content Illustration
Uppsala_1642,311,1,Content Illustration
Uppsala_1642,312,1,Content Illustration
Uppsala_1642,313,1,Content Illustration
Uppsala_1642,313,2,Content Illustration
Uppsala_1642,314,1,Content Illustration
Uppsala_1642,315,1,Content Illustration
Uppsala_1642,316,1,Content Illustration
Uppsala_1642,317,1,Content Illustration
Uppsala_1642,318,1,Content Illustration
Uppsala_1642,320,1,Content Illustration
Uppsala_1642,320,2,Content Illustration
Uppsala_1642,321,1,Content Illustration
Uppsala_1642,323,1,Content Illustration
Uppsala_1642,323,2,Content Illustration
Uppsala_1642,326,1,Content Illustration
Uppsala_1642,326,2,Content Illustration
Uppsala_1642,327,1,Content Illustration
Uppsala_1642,327,2,Content Illustration
Uppsala_1642,328,1,Content Illustration
Uppsala_1642,328,2,Content Illustration
Uppsala_1642,329,1,Content Illustration
Uppsala_1642,331,1,Content Illustration
Uppsala_1642,332,1,Content Illustration
Uppsala_1642,334,1,Content Illustration
Uppsala_1642,335,1,Content Illustration
Uppsala_1642,335,2,Content Illustration
Uppsala_1642,337,1,Content Illustration
Uppsala_1642,338,1,Content Illustration
Uppsala_1642,339,1,Content Illustration
Uppsala_1642,341,1,Content Illustration
Uppsala_1642,341,2,Content Illustration
Uppsala_1642,342,1,Content Illustration
Uppsala_1642,343,1,Content Illustration
Uppsala_1642,343,2,Content Illustration
Uppsala_1642,344,1,Content Illustration
Uppsala_1642,344,2,Content Illustration
Uppsala_1642,345,1,Content Illustration
Uppsala_1642,345,2,Content Illustration
Uppsala_1642,346,1,Content Illustration
Uppsala_1642,347,1,Content Illustration
Uppsala_1642,349,1,Content Illustration
Uppsala_1642,350,1,Content Illustration
Uppsala_1642,351,1,Content Illustration
Uppsala_1642,352,1,Content Illustration
Uppsala_1642,352,2,Content Illustration
Uppsala_1642,354,1,Content Illustration
Uppsala_1642,355,1,Content Illustration
Uppsala_1642,357,1,Content Illustration
Uppsala_1642,358,1,Content Illustration
Uppsala_1642,359,1,Content Illustration
Uppsala_1642,361,1,Content Illustration
Uppsala_1642,362,1,Content Illustration
Uppsala_1642,363,1,Content Illustration
Uppsala_1642,364,1,Content Illustration
Uppsala_1642,365,1,Content Illustration
Uppsala_1642,367,1,Content Illustration
Uppsala_1642,368,1,Content Illustration
Uppsala_1642,369,1,Content Illustration
Uppsala_1642,371,1,Content Illustration
Uppsala_1642,371,2,Content Illustration
Uppsala_1642,372,1,Content Illustration
Uppsala_1642,373,1,Content Illustration
Uppsala_1642,374,1,Content Illustration
Uppsala_1642,375,1,Content Illustration
Uppsala_1642,376,1,Content Illustration
Uppsala_1642,377,1,Content Illustration
Uppsala_1642,378,1,Content Illustration
Uppsala_1642,381,1,Content Illustration
